1	0	1.5894100666
1	1	0.943768978119
1	1	0.948896884918
1	0	1.37790989876
1	1	1.70009493828
1	1	1.70561599731
1	1	1.31490802765
1	0	1.62672495842
1	1	1.33192396164
1	0	1.14935207367
1	0	2.00296401978
1	1	1.84018707275
1	0	1.93166184425
1	1	2.58750605583
1	1	3.26014304161
1	1	2.64136505127
1	1	1.84273600578
1	1	2.27659201622
1	1	1.10706996918
1	1	1.21871709824
1	0	1.24882102013
1	0	1.27775812149
1	1	1.17251801491
1	0	1.18669390678
1	1	1.0088288784
1	0	1.5155210495
1	0	0.890559911728
1	1	1.21204900742
1	1	1.07575321198
1	0	1.56164717674
1	1	1.06628108025
1	1	1.48326086998
1	1	1.31418681145
1	1	0.961874008179
1	1	1.33830213547
1	1	0.75538110733
1	1	0.709143877029
1	1	0.600927829742
1	0	0.70720911026
1	0	0.675383090973
1	1	0.71467089653
1	1	0.908560991287
1	1	0.778702974319
1	1	0.873875141144
1	1	0.629655122757
1	1	0.874140977859
1	0	0.88299202919
1	0	0.73757481575
1	0	1.34876489639
1	1	1.02046918869
1	0	1.55219888687
1	1	1.62070178986
1	1	1.12112617493
1	1	0.914869785309
1	1	0.997628211975
1	0	1.30757117271
1	0	1.20247411728
1	0	1.17965912819
1	1	1.51419401169
1	0	0.971337080002
1	0	0.994632005692
1	1	1.13877797127
1	0	1.29428505898
1	0	0.858142852783
1	1	1.34119510651
1	1	1.2201499939
1	1	0.794038057327
1	1	0.875882148743
1	1	1.31514692307
1	0	0.686817884445
1	1	1.57281208038
1	1	1.32344102859
1	1	1.81703090668
1	0	1.40573692322
1	0	1.91495394707
1	1	1.48431110382
1	0	1.33659315109
1	0	1.77984595299
1	1	1.1934928894
1	0	2.15507698059
1	0	1.88215780258
1	0	1.5490398407
1	0	1.63493204117
1	0	1.52253484726
1	1	1.73157596588
1	0	1.83339095116
1	1	1.69979095459
1	0	1.17878198624
1	1	1.15217995644
1	0	1.81195616722
1	1	1.32968997955
1	1	1.43541502953
1	1	1.23785185814
1	1	1.06470012665
1	1	1.08590888977
1	0	0.961810112
1	1	1.0439388752
1	1	1.05822610855
1	0	0.929650068283
1	1	1.25949811935
1	1	1.06630587578
1	0	0.899247169495
1	1	0.788619041443
1	0	1.05664610863
1	1	1.4450609684
1	1	0.954562902451
1	1	1.03500699997
4	0	0.939879894257
4	1	0.96876001358
4	0	1.03760910034
4	1	0.730047941208
4	0	1.05296802521
4	1	0.824538946152
4	1	0.788316011429
4	0	1.12198805809
4	1	1.1719918251
4	0	0.954320907593
4	0	0.799740076065
4	0	0.87201499939
4	0	0.893476009369
4	1	0.760278940201
4	1	0.819780826569
4	1	0.676124811172
4	0	0.676126003265
4	1	1.04905319214
4	1	0.867814064026
4	1	0.713490962982
4	0	0.627876996994
4	1	0.562863111496
4	0	0.594419956207
4	1	0.602558135986
4	0	0.562515974045
4	1	0.603817939758
4	1	0.540158033371
4	1	0.553253889084
4	1	0.539293050766
4	0	0.437325954437
4	1	0.481155157089
4	0	0.548325061798
4	0	0.369271993637
4	1	1.17815518379
4	0	0.78128194809
4	1	0.634597063065
4	1	0.411533117294
4	0	0.546013832092
4	1	0.908442974091
4	1	0.844445943832
4	0	0.714493989944
4	1	0.603516101837
4	1	0.720881938934
4	0	0.649792194366
4	1	0.731062889099
4	1	0.812831878662
4	0	1.30046701431
4	1	1.09678411484
4	1	1.39740586281
4	1	1.19337391853
4	1	0.928588867188
4	1	0.852010011673
4	1	1.30649709702
4	1	0.945992946625
4	1	0.971058130264
4	1	0.798099040985
4	1	1.01838207245
4	1	1.56247591972
4	1	0.892532110214
4	1	0.91531920433
4	1	1.29108309746
4	1	0.930569887161
4	1	0.722006082535
4	1	1.05135202408
4	1	0.939155101776
4	0	1.2371931076
4	1	1.3940320015
4	1	1.04291391373
4	1	2.1865530014
4	1	0.853215932846
4	1	1.38436484337
4	0	1.20454192162
4	1	1.12861394882
4	1	1.04991102219
4	1	1.17162680626
4	1	1.18768596649
4	1	1.65940999985
4	1	1.46692013741
4	1	1.34669494629
4	1	1.33258199692
4	1	1.24568915367
4	1	1.2162539959
4	1	1.18061494827
4	0	1.16245102882
4	1	1.25833296776
4	1	0.844931125641
4	1	1.12270712852
4	0	1.11495614052
4	1	0.972416162491
4	1	1.05762386322
4	1	1.43531489372
4	1	1.62588596344
4	1	1.31771397591
4	0	1.02664899826
4	0	1.08987379074
4	1	0.941179037094
4	1	0.969796895981
4	1	0.883441925049
4	1	0.867563962936
4	1	1.26759910583
4	0	1.06062507629
4	1	0.947284936905
4	0	0.979511022568
4	1	0.914073944092
4	1	0.968442201614
4	1	0.772175073624
4	0	0.808871030807
4	1	1.10597419739
4	0	1.19827389717
4	1	1.58039402962
4	1	1.49816203117
4	0	1.61750197411
4	0	2.53148388863
4	1	1.89780187607
4	0	1.82083702087
4	1	2.10734295845
4	0	1.41710710526
4	0	1.20417308807
3	1	0.834217071533
3	1	0.715670108795
3	1	0.740615129471
3	0	0.680688142776
3	1	0.747185945511
3	1	0.827808141708
3	0	0.844570875168
3	1	1.24229812622
3	1	1.07585000992
3	1	0.801552057266
3	1	0.980283975601
3	1	0.91299200058
3	0	0.924376010895
3	1	1.41737890244
3	0	0.841396093369
3	1	1.2523920536
3	1	0.960736036301
3	0	0.954991817474
3	0	1.19728803635
3	1	1.11688089371
3	0	1.33494901657
3	1	1.78169703484
3	1	1.91444993019
3	1	1.1629960537
3	1	1.65988492966
3	0	1.96208500862
3	1	1.698969841
3	1	1.12180900574
3	1	0.860785007477
3	1	0.996345043182
3	0	1.08329510689
3	0	1.18718791008
3	0	0.945912837982
3	0	1.05897784233
3	1	1.17857813835
3	0	1.16463899612
3	0	1.59344315529
3	0	1.39772510529
3	0	1.24969387054
3	0	1.26669692993
3	0	2.60295510292
3	1	1.61186003685
3	0	1.48462820053
3	1	1.51518797874
3	0	1.64176416397
3	1	0.76629281044
3	0	1.48115301132
3	0	1.58695602417
3	0	0.914355039597
3	1	1.14842510223
3	0	1.56229615211
3	1	1.01921892166
3	1	0.882390975952
3	1	1.18724799156
3	0	0.795705080032
3	1	1.21957302094
3	1	1.07704401016
3	1	0.785171985626
3	1	0.876116037369
3	0	0.643734931946
3	1	0.746164083481
3	1	0.818398952484
3	1	0.738281011581
3	0	0.803729057312
3	1	0.795799016953
3	0	0.988357067108
3	0	0.841881036758
3	0	1.25792980194
3	0	1.4922349453
3	1	1.33856701851
3	0	1.21823000908
3	0	1.02774691582
3	0	1.11673903465
3	0	0.932272911072
3	1	0.953034877777
3	1	1.41094279289
3	1	1.02663588524
3	1	0.885432958603
3	0	0.825185060501
3	0	0.768484830856
3	1	0.8914270401
3	1	1.06993103027
3	0	0.937278032303
3	0	0.832311153412
3	0	1.0750579834
3	1	0.867619991302
3	0	1.04910206795
3	0	1.43646001816
3	1	0.819519996643
3	1	1.45778298378
3	0	0.997136116028
3	0	0.939219236374
3	0	0.827269077301
3	0	0.731783151627
3	0	1.58581709862
3	1	2.66032505035
3	1	0.922363996506
3	0	1.31534409523
3	1	1.13056588173
3	0	1.49059891701
3	1	1.57968091965
3	1	0.962153911591
3	1	0.986812114716
3	1	1.13863992691
3	1	0.796164035797
3	1	0.683903932571
3	1	0.92397403717
3	1	0.889444112778
3	1	0.964205026627
3	0	1.38690280914
3	1	0.779695034027
3	1	0.962666034698
3	1	0.762883901596
3	1	0.716356992722
7	1	0.955951929092
7	0	0.689982891083
8	1	0.65762090683
7	0	0.619484901428
8	1	1.05945897102
8	1	0.812641859055
7	0	1.16139483452
8	1	0.819727897644
8	1	0.939976930618
7	1	0.691600084305
7	0	0.69451713562
8	1	0.754182100296
7	1	0.776985168457
8	0	0.59548997879
7	1	0.761800050735
8	1	0.628252983093
8	1	0.600641012192
8	1	0.675659894943
7	1	0.580112934113
7	1	0.561575889587
7	1	0.667633056641
8	1	0.71661400795
7	0	0.522409915924
7	1	0.627078056335
8	0	0.685480117798
8	1	0.674942016602
8	1	0.602744102478
7	1	0.62577009201
7	1	0.530616998672
8	1	0.565560102463
8	1	0.473317861557
8	0	0.554894924164
8	0	0.949811935425
8	1	0.626363039017
7	1	0.675331830978
8	1	0.537234067917
7	0	0.828510046005
7	1	0.532819986343
8	1	0.920474052429
7	0	0.772028207779
8	1	1.09830594063
7	1	0.876809120178
8	0	0.65972495079
8	0	0.945761919022
7	1	0.588158130646
8	1	0.652668952942
7	0	0.585454940796
8	1	0.636075973511
8	0	0.46534204483
7	1	0.460292816162
7	1	0.401340961456
8	1	0.618778944016
7	1	0.363716125488
7	0	0.307394981384
7	0	0.442399978638
7	1	0.339821815491
8	1	0.339915037155
7	1	0.842967033386
8	0	0.394603967667
7	0	0.385689020157
8	1	0.29956817627
8	0	0.371715784073
8	0	0.444595098495
7	1	0.728140115738
8	1	1.00355482101
8	1	0.716765165329
7	1	0.674441099167
7	1	0.555468082428
7	0	0.437670946121
8	1	0.46444106102
7	0	0.499662876129
7	1	0.784929990768
8	0	0.667642116547
8	0	1.60406184196
7	1	1.48324799538
7	0	1.72218990326
8	1	0.860363960266
7	1	0.996994972229
7	1	1.49924397469
8	1	0.952725887299
8	1	1.14184999466
8	1	0.841221094131
8	1	1.08392810822
7	0	0.985646009445
8	1	0.861066102982
8	1	1.18690705299
7	1	0.602658987045
7	1	0.539784908295
8	1	0.610687971115
8	1	0.506941795349
7	0	0.62079501152
8	1	0.713715791702
7	1	0.499595880508
7	1	0.707937002182
7	1	0.544975042343
7	1	0.725419044495
8	0	0.672781944275
8	1	0.73393201828
7	1	0.642954111099
8	1	0.649230957031
8	1	0.799218177795
7	1	0.759695053101
7	0	0.771209001541
8	1	0.665840864182
8	1	0.588623046875
7	0	0.586135864258
8	1	0.451326847076
7	0	0.40438914299
8	1	0.731238126755
7	0	0.756709098816
8	0	0.584991931915
7	1	1.07665491104
7	0	0.75421500206
8	1	0.882885932922
7	1	1.05235910416
7	1	1.12972903252
7	0	1.05111408234
8	1	1.37302803993
7	1	0.979649066925
8	1	0.849323987961
8	1	0.675276994705
8	0	0.69713807106
8	1	0.594866037369
7	0	0.763505935669
8	1	0.610946893692
7	1	1.03291583061
8	0	0.602245092392
7	0	0.627358198166
7	1	0.561774969101
7	1	0.978819131851
8	0	0.836302042007
7	0	1.05302882195
7	1	0.825144052505
8	0	0.644497156143
5	1	0.906718015671
6	1	0.626796960831
5	1	0.734000205994
6	1	0.602571964264
6	0	0.605107784271
6	0	0.624536037445
6	1	0.820940971375
5	1	0.698443889618
6	1	0.628107070923
5	1	0.506432056427
6	0	0.612066984177
5	1	0.675498008728
5	0	0.592014074326
5	1	0.755616903305
5	1	0.805217027664
6	1	1.12152695656
5	1	0.762526035309
5	1	1.59525299072
5	1	0.94083404541
5	1	1.38308310509
5	0	0.740753889084
6	1	0.907374858856
5	1	0.84349489212
6	0	0.947129011154
5	0	1.58773612976
6	1	1.41974711418
6	1	1.58714008331
6	1	1.01769208908
5	0	0.964630126953
5	1	0.987169027328
6	1	1.10691905022
5	0	0.603008985519
6	1	1.30731081963
5	1	0.684808015823
6	1	0.601780891418
6	1	0.434669971466
6	0	0.612733840942
5	0	1.48224210739
6	1	0.954629182816
5	1	0.923439025879
5	0	0.961817026138
6	1	1.12140417099
5	1	1.22891187668
6	1	1.13974499702
6	0	1.0513651371
5	1	0.849364995956
6	1	0.659651994705
5	1	0.741942882538
6	1	0.815807104111
6	0	1.1884200573
6	0	1.11531710625
6	1	1.26770877838
5	1	1.27618098259
6	0	0.658227920532
6	1	0.816848039627
6	0	0.781642913818
6	1	0.880571126938
6	0	1.717192173
5	0	1.10661482811
6	1	1.25911283493
6	0	0.88502907753
5	1	1.66645097733
6	0	0.984157085419
6	1	0.9009308815
5	1	0.857909917831
6	1	0.939761161804
6	1	0.834522008896
6	1	0.819575071335
5	1	0.882328033447
5	1	0.778913021088
5	1	0.693572998047
5	1	0.577431201935
6	0	0.964472055435
6	1	0.833674907684
5	0	0.61149096489
6	1	1.04407215118
6	1	0.731024980545
5	0	1.40061092377
6	0	0.932945966721
6	1	0.793678998947
6	0	0.818409919739
5	0	1.31409406662
6	0	0.771651029587
5	1	0.755587100983
5	1	0.682774066925
5	1	0.659412145615
5	0	0.773326158524
6	0	0.553367137909
5	1	0.555451869965
6	0	0.7474360466
6	0	0.738862037659
6	1	0.625725984573
6	1	0.59658908844
6	1	0.764012098312
5	1	0.649246931076
6	0	1.1403260231
5	0	1.25967597961
5	1	0.836706876755
6	1	1.21439695358
5	0	1.01206588745
6	1	1.10234808922
6	0	0.722645998001
6	1	0.633134126663
6	1	0.650887966156
5	0	0.706400156021
6	1	0.644393920898
6	0	0.619168043137
5	1	0.555325984955
6	0	0.683480024338
5	1	0.748071908951
5	1	0.699797868729
5	0	0.651588916779
5	0	0.48112988472
5	0	0.86828494072
5	1	1.03647303581
5	0	1.35299015045
5	0	1.22759699821
6	1	1.14012002945
5	1	0.664630889893
5	0	0.83660197258
6	1	1.00918507576
6	1	0.860060930252
6	0	0.667117118835
5	1	0.643418073654
5	1	0.661711931229
2	1	0.890330076218
2	1	0.709786891937
2	1	0.57680106163
2	0	0.874908924103
2	0	0.716153860092
2	0	1.02634000778
2	1	0.618837833405
2	1	1.75560617447
2	0	1.42844295502
2	0	0.985692977905
2	1	0.852475881577
2	1	0.698527097702
2	1	0.881286144257
2	1	0.562591075897
2	1	1.37757897377
2	0	0.978533983231
2	0	0.953017950058
2	0	0.658118009567
2	1	0.597668886185
2	1	0.612492084503
2	1	0.586224079132
2	0	0.658318042755
2	1	0.763321876526
2	0	0.532166004181
2	0	0.923877000809
2	0	0.619304180145
2	0	0.516471862793
2	1	0.906718969345
2	0	0.689259052277
2	1	0.829530954361
2	1	1.19336795807
2	0	0.653217077255
2	1	1.4168908596
2	1	1.02783918381
2	0	0.738440036774
2	1	0.778430938721
2	1	1.25388884544
2	1	1.17900395393
2	1	0.915196895599
2	0	0.809653997421
2	0	3.09159207344
2	1	1.37145090103
2	1	1.23005986214
2	1	0.891351938248
2	1	1.04814386368
2	1	1.05903792381
2	0	0.772588014603
2	1	0.771544933319
2	1	0.689420938492
2	1	1.06876206398
2	1	0.732460021973
2	0	0.626477956772
2	1	0.897471904755
2	1	0.96532201767
2	1	1.21676492691
2	0	0.74702501297
2	1	0.948418140411
2	1	0.890044927597
2	1	0.595914840698
2	1	0.635069847107
2	1	0.536979913712
2	1	0.633133172989
2	1	0.509483098984
2	0	0.500110149384
2	1	0.64988899231
2	0	0.564177036285
2	0	0.833201169968
2	1	1.78825092316
2	1	1.83347606659
2	1	1.74113202095
2	1	0.826146841049
2	1	1.39447999001
2	0	1.18787693977
2	1	1.14456701279
2	1	0.994052171707
2	1	1.21112298965
2	0	0.764472007751
2	0	0.723563909531
2	1	0.866224050522
2	0	0.883538961411
2	1	0.9400370121
2	1	0.649697065353
2	1	0.732607841492
2	0	0.724174022675
2	1	0.611013174057
2	1	0.601502895355
2	0	0.522583007812
2	0	0.748789072037
2	1	0.889329195023
2	1	0.660734891891
2	1	0.84139418602
2	1	0.811532020569
2	1	0.962642908096
2	0	0.769392967224
2	1	1.20360708237
2	0	0.667598962784
2	1	1.4275701046
2	1	1.52371501923
2	1	0.602759122849
2	1	1.20418596268
2	1	0.617697000504
2	0	0.947755098343
2	1	0.963407039642
2	1	1.74626588821
2	0	1.0526239872
2	1	0.683338165283
2	1	0.937678098679
2	0	0.924641132355
2	1	0.675777196884
2	1	1.00253200531
2	1	1.15732002258
2	0	0.668854951859
2	1	0.674669981003
2	0	0.730095148087
2	1	1.03638315201
2	1	1.05950593948
2	1	1.15404701233
2	0	1.13894915581
2	0	0.677029132843
2	1	0.978613138199
2	1	1.05114889145
2	0	1.37978100777
2	0	0.812043905258
5	0	0.937166929245
5	0	0.70608997345
6	1	0.835183858871
5	1	0.69887804985
6	0	0.779993057251
5	1	0.939215898514
6	1	0.665480852127
6	0	0.586398124695
5	1	0.708598852158
5	1	0.970958948135
6	1	0.619590997696
6	1	0.425344944
6	0	1.05877995491
5	0	0.617933988571
5	1	0.588180065155
6	1	0.691565036774
5	0	0.507513999939
6	0	1.05918693542
6	0	0.643686056137
6	1	0.81845498085
5	1	1.02688789368
5	1	0.772563934326
6	1	0.609776973724
6	0	0.753870010376
5	1	0.682449102402
5	1	0.900655031204
6	1	0.674309968948
5	1	0.651989936829
6	0	1.31395196915
6	1	0.716630935669
6	1	1.11690282822
6	1	1.00238895416
6	1	0.683627128601
6	1	0.716718912125
5	1	0.635689020157
5	1	0.706002950668
6	0	0.813020944595
5	0	0.706167936325
5	0	0.577573776245
5	1	0.770030975342
6	0	0.981505870819
6	1	0.65588092804
5	1	0.730247020721
6	1	0.797776937485
6	1	1.10635495186
5	0	1.09039711952
5	0	0.880211830139
6	0	0.803078174591
5	0	0.889205932617
5	1	1.24463701248
5	0	0.778117179871
6	1	0.579095840454
6	1	0.54085111618
6	1	0.498315095901
5	1	0.572834014893
6	0	0.537609100342
5	0	0.748605012894
6	1	0.545921802521
6	1	0.371505022049
6	1	0.44361114502
5	0	0.457930803299
6	0	0.46235704422
5	0	0.832422971725
6	1	0.395364999771
6	0	0.443475008011
6	1	0.644098043442
5	0	0.690775156021
5	1	0.353344917297
5	1	0.91751408577
6	0	0.346571207047
5	0	0.44494509697
5	0	1.09572815895
5	1	1.97913098335
6	1	0.883750200272
5	1	0.851280927658
5	0	0.596220970154
5	0	0.673382997513
6	1	0.580381155014
5	0	0.505714178085
6	0	0.63387298584
6	1	1.20381307602
6	1	0.603451013565
5	0	1.04275012016
5	1	0.636597156525
5	1	0.953673839569
6	1	1.02088189125
5	1	0.643344163895
5	0	0.827503919601
6	1	0.61058807373
5	1	0.569649934769
6	0	0.844398975372
6	1	0.691074132919
5	1	0.618935823441
6	0	0.653065919876
5	1	1.01805114746
6	0	0.899487018585
5	0	0.844806909561
6	0	0.938951969147
6	0	0.746541976929
6	1	0.60254907608
6	1	0.642717123032
5	0	0.580699920654
5	0	0.626885890961
5	0	0.954692840576
6	0	0.712643861771
6	0	0.891918897629
6	0	0.955165147781
5	1	1.14097809792
6	0	0.970768928528
5	1	0.947558879852
5	1	0.953629016876
5	0	0.763262987137
6	1	0.772950172424
5	0	1.15441298485
5	1	0.788950920105
5	1	0.849956035614
5	1	0.772872924805
6	1	0.547376155853
5	1	0.672776937485
6	1	0.779592037201
6	0	0.441828012466
6	0	0.35520195961
5	0	0.986951112747
5	1	0.636603832245
6	1	1.21578502655
5	1	0.668579101562
6	0	0.865134954453
5	1	1.03631496429
5	0	0.802456140518
5	1	0.770903110504
5	1	0.804039001465
5	0	0.627862930298
7	1	1.10256791115
8	0	0.743240118027
8	0	0.691452026367
7	1	0.714211940765
7	1	0.64458489418
8	1	0.616334915161
8	1	0.572507858276
8	1	0.540143013
8	1	0.506871938705
7	0	0.538450956345
7	0	0.498670101166
8	1	0.689261198044
8	0	1.16253614426
7	1	1.03769493103
8	1	1.00934505463
7	1	0.658854007721
8	1	0.961311101913
7	0	0.97226691246
7	1	0.804666042328
7	1	1.41811585426
8	1	0.792958021164
8	1	1.048153162
7	1	0.792458057404
7	1	1.03321480751
7	1	1.17070102692
7	0	0.98474407196
7	1	0.725275993347
8	1	0.65838098526
7	1	0.945935964584
8	1	0.646256923676
7	1	0.801645994186
8	0	1.10809087753
8	1	0.738816022873
8	0	0.63468003273
8	1	0.707447052002
8	1	0.467195034027
8	1	0.722858905792
8	1	0.944359779358
8	1	0.811608076096
7	1	0.602949142456
8	1	0.610736846924
7	1	0.756682157516
7	1	0.658268213272
8	1	0.786427974701
7	1	0.617683887482
8	1	0.582034111023
8	1	0.833035945892
8	1	0.594228982925
8	0	0.451205015182
7	1	0.475522041321
8	1	0.563356876373
7	0	0.451281785965
8	1	0.697028875351
8	0	0.549254894257
8	0	0.585690021515
7	1	0.653119087219
8	1	0.698276042938
7	1	0.761478900909
8	1	1.16266393661
7	0	0.532459020615
8	0	1.14678502083
7	1	0.993871927261
7	0	0.915488004684
7	0	0.79826593399
8	1	0.675004005432
7	1	0.649533033371
8	0	0.644022941589
7	1	0.817735910416
7	1	0.692430973053
7	1	0.627145051956
8	1	0.596055030823
7	0	0.723599910736
7	1	0.96292591095
7	1	0.851382017136
7	1	0.62646484375
7	1	0.594099998474
8	1	0.517025947571
8	1	0.681452989578
8	0	0.484353065491
8	0	0.585742950439
8	1	0.691604137421
7	1	0.715907812119
8	1	0.910126924515
8	1	0.657436847687
8	0	0.789124965668
7	1	0.724622011185
7	0	0.729761838913
7	1	0.651371002197
8	1	0.777137994766
8	0	0.627151012421
8	1	0.665678024292
7	1	1.01991200447
7	0	0.659852027893
8	1	0.562544822693
7	1	0.619637966156
7	1	0.962461948395
8	0	1.15409803391
7	0	1.09300684929
8	1	0.579139947891
8	1	0.922313928604
7	0	0.514800071716
7	0	1.0108730793
8	1	0.858408927917
8	1	0.669570922852
8	1	0.681437969208
8	1	0.498450994492
7	1	0.414311885834
7	1	0.483120918274
8	1	0.825796127319
7	1	0.819396018982
8	0	0.667583942413
7	0	0.75466299057
7	1	1.00285887718
7	1	0.682070016861
7	0	0.650609970093
8	1	0.720649957657
7	1	0.754240036011
7	0	1.01389288902
8	0	0.627237081528
8	1	1.52972888947
8	1	0.635107040405
8	0	0.69127702713
7	0	0.796812057495
7	0	1.06592392921
7	1	0.802752017975
8	0	0.939551115036
8	1	0.724451065063
8	1	0.655991077423
7	0	0.789433002472
7	0	0.714560985565
7	1	0.522727966309
8	0	0.932731151581
1	1	0.96173620224
1	1	0.62806892395
1	1	0.530302047729
1	1	0.570867061615
1	1	0.570689201355
1	0	0.770094156265
1	1	0.650911092758
1	0	1.43537902832
1	1	0.769026041031
1	0	0.588525056839
1	1	0.746399879456
1	1	0.6897149086
1	1	0.60290312767
1	0	0.602388858795
1	0	1.346971035
1	0	1.21967196465
1	1	3.04905581474
1	0	1.23470211029
1	1	1.00400590897
1	0	0.784319877625
1	0	0.826344013214
1	0	0.772953033447
1	0	0.858905076981
1	1	1.58474588394
1	0	0.881221055984
1	0	0.700098991394
1	0	1.5864751339
1	1	0.769818067551
1	0	1.12246799469
1	1	0.659145116806
1	0	0.634611129761
1	1	0.633694887161
1	0	0.864987134933
1	0	0.75545501709
1	0	1.29885697365
1	1	0.772193908691
1	1	0.562121152878
1	1	0.530560970306
1	1	0.610793828964
1	1	0.537325143814
1	1	0.698129892349
1	0	0.684156894684
1	1	1.66678905487
1	1	0.633376121521
1	1	0.499260902405
1	0	0.564959049225
1	0	0.803071022034
1	1	0.552980899811
1	0	0.732522010803
1	1	0.600785970688
1	1	0.684387922287
1	1	0.579426050186
1	0	0.520138025284
1	1	0.732180833817
1	0	0.619051933289
1	1	0.849910020828
1	1	0.659506082535
1	1	0.554273843765
1	1	0.546562194824
1	1	0.490416049957
1	1	0.547880887985
1	0	0.392488002777
1	0	0.418659925461
1	1	0.571588993073
1	0	0.463960170746
1	1	0.87552189827
1	1	0.673884868622
1	0	0.450829029083
1	1	0.851918935776
1	1	0.647899150848
1	0	0.949915885925
1	1	0.791923999786
1	0	1.03977608681
1	0	0.970989942551
1	0	0.900188922882
1	1	0.722273111343
1	1	0.824803829193
1	0	1.0217769146
1	1	0.762799024582
1	1	0.755085945129
1	1	0.994841098785
1	1	0.538735151291
1	1	0.442262172699
1	1	1.68212199211
1	1	0.794938087463
1	1	0.586410999298
1	0	0.572996139526
1	1	0.683079004288
1	1	1.62485098839
1	1	0.544327974319
1	0	1.24991583824
1	1	0.811052083969
1	1	0.61984205246
1	0	0.601198196411
1	1	0.685474157333
1	1	0.606910943985
1	1	0.532111883163
1	0	0.62739109993
1	1	0.480868816376
1	1	0.668528079987
1	1	0.499995946884
1	1	0.459228992462
1	1	0.43542098999
1	1	0.664094924927
1	1	0.497951030731
1	1	0.410229206085
1	1	0.651148080826
1	0	0.427972078323
1	1	0.578092098236
1	1	0.449177026749
1	1	0.485455989838
1	1	0.40153002739
1	0	0.3703520298
1	1	0.55344414711
1	0	0.410892009735
1	1	0.626358032227
1	1	0.673728942871
1	1	0.594204902649
1	1	0.515516042709
1	1	0.489703893661
1	1	0.520998954773
1	0	1.05353307724
1	0	0.855674982071
1	1	1.12398600578
1	1	0.769924163818
1	0	0.616927862167
1	1	0.556273937225
1	1	0.594434022903
1	0	1.39484286308
1	1	0.575332164764
1	0	0.788056135178
1	0	0.739006996155
6	0	1.17743802071
6	0	0.580586910248
5	1	0.648020982742
5	1	0.747060060501
5	1	0.68249797821
5	0	1.21999502182
5	1	0.747428178787
5	0	0.673340082169
5	1	0.843424081802
6	1	0.842304944992
5	0	1.14686918259
5	0	0.995698213577
6	1	0.764003992081
5	1	0.705934047699
5	1	0.554834127426
6	0	0.925560951233
6	1	0.632210969925
5	0	0.866914987564
5	1	0.563364982605
6	1	0.577560186386
5	1	0.513057947159
6	1	0.613032102585
5	1	0.459636926651
5	1	0.673543930054
5	1	0.794292926788
5	1	1.09842205048
6	0	0.803321838379
5	1	0.632373094559
6	0	0.517236948013
6	1	0.714550018311
6	1	0.593847036362
6	1	0.756175041199
6	0	0.933262109756
5	1	0.552262067795
5	1	0.666502952576
5	1	0.476073980331
6	1	0.642321825027
5	1	0.626685142517
5	0	0.729885101318
5	1	0.612363100052
5	1	0.466893911362
5	1	0.658577919006
5	1	0.745770931244
5	0	0.540307998657
6	1	0.569752931595
6	1	0.970710992813
5	1	0.600800037384
6	1	0.547960042953
5	0	1.05852103233
5	1	0.579062223434
6	1	0.64102602005
5	1	0.723453998566
5	1	0.506474018097
5	1	0.499021053314
5	0	0.49040389061
5	0	0.618093013763
5	1	0.561882019043
6	1	0.392872095108
6	1	0.468089103699
5	1	0.451923131943
5	0	0.465749979019
6	0	0.475419998169
6	0	0.802656888962
5	1	0.624464035034
6	0	0.493238925934
5	1	0.666223049164
5	1	0.674735069275
5	1	0.817509174347
5	0	0.796758890152
6	0	0.608847141266
6	1	0.643028974533
6	0	0.738831043243
5	1	0.883189916611
5	1	0.785365104675
6	0	0.788317203522
5	0	0.833405971527
5	1	0.493072032928
5	0	0.873428821564
5	1	0.496739864349
6	1	0.573673963547
6	1	0.738205909729
5	0	0.602199077606
6	1	0.63427901268
6	1	0.659455060959
5	0	0.816393136978
6	1	0.636996030807
5	0	0.712641000748
6	0	0.485006093979
5	1	0.608785867691
5	1	0.604584932327
6	1	0.537095069885
6	1	0.324177026749
6	1	0.372088909149
5	0	0.361721992493
6	1	0.988728046417
5	1	0.465421915054
5	1	1.09811902046
6	1	1.02651405334
6	1	0.778854131699
6	0	0.905238866806
6	0	1.2115881443
6	0	1.57845902443
5	1	1.26021194458
5	1	1.30419588089
5	0	0.972816944122
5	1	0.760595083237
6	1	0.667505979538
6	1	0.80957698822
6	1	0.572283983231
6	0	0.666955947876
5	1	0.880693912506
5	1	0.753857135773
6	1	0.733358860016
6	0	0.618058919907
5	1	0.776309013367
6	1	0.656408071518
6	1	0.813001155853
5	0	0.657536029816
5	0	0.795433998108
5	1	0.696687936783
6	1	0.81986284256
6	1	0.705626964569
5	1	0.96392083168
5	1	1.04888606071
5	0	0.881337881088
6	0	0.867763996124
5	0	0.73863196373
5	0	0.772178888321
6	0	0.760844945908
6	1	1.06098794937
5	1	1.03140115738
6	1	0.77893614769
6	0	0.793876886368
5	0	0.771152019501
7	0	1.02017498016
7	1	0.659860134125
7	1	0.704048871994
7	0	0.692016124725
8	1	0.625916004181
8	1	0.587979078293
7	0	0.49106502533
7	1	0.591651916504
7	0	0.754369974136
7	0	0.563868045807
8	1	0.55260014534
8	0	0.57192492485
7	1	0.659189939499
8	0	0.547103881836
7	1	0.623632907867
8	1	0.643566131592
8	1	0.531960964203
8	0	0.728935003281
8	1	0.643597841263
8	1	0.627494812012
7	1	0.714255094528
8	1	0.692366123199
7	0	0.835234880447
7	0	0.657259941101
7	1	0.641803026199
7	0	0.994890928268
7	1	0.699182987213
7	0	0.729451179504
7	1	0.850152015686
8	1	0.797162055969
8	1	0.80239200592
7	0	1.29715800285
7	1	0.682778120041
8	0	0.648841142654
8	0	0.765552997589
7	1	0.601128101349
7	0	0.688606023788
8	0	0.644128799438
7	1	0.761083841324
7	1	0.596736907959
8	1	0.722138881683
7	0	0.490769863129
8	1	1.01038384438
8	1	0.746783018112
8	0	0.522208929062
8	1	0.724354982376
7	1	0.691977977753
7	0	0.610445022583
8	1	1.01717805862
7	0	0.913203954697
8	1	0.68341588974
8	1	0.722429990768
8	1	0.754505157471
8	1	0.745863199234
8	1	0.497929811478
7	0	0.564033985138
7	1	0.580574035645
8	1	0.856992006302
7	0	0.618479967117
7	1	0.986733198166
8	1	0.49245095253
8	1	0.457843065262
8	0	0.577749967575
8	1	0.594315052032
8	1	0.484266042709
8	1	0.481200933456
8	0	0.571098089218
8	1	0.468327045441
8	1	0.522921085358
8	1	0.522696971893
8	1	0.68243598938
7	1	0.881848812103
8	0	0.715178966522
7	1	0.530633926392
8	1	0.380537986755
7	1	0.595993041992
7	1	0.44779086113
7	1	0.595808982849
8	1	0.443106889725
8	0	0.555814981461
8	0	0.640694141388
7	0	0.754947900772
7	0	0.48125910759
7	0	0.500375986099
7	1	0.825961828232
8	1	0.769865036011
8	0	0.730097055435
8	1	0.539446115494
7	0	0.582476139069
7	0	0.473683834076
8	0	1.05939006805
8	1	0.624974966049
8	1	0.52272105217
8	1	0.53170800209
8	1	0.700865030289
8	1	0.561200857162
7	1	0.608962059021
8	0	0.659309864044
8	1	0.570515871048
8	1	0.531126022339
7	0	0.657464027405
7	1	0.682023048401
8	1	0.667590856552
8	1	0.538061857224
7	1	0.55583190918
8	1	0.825647830963
8	1	0.589775085449
8	1	0.761080980301
7	1	0.634567022324
7	1	0.579738855362
7	1	0.54559803009
8	0	0.753574132919
7	1	0.572082042694
8	1	0.737618923187
8	1	0.635262966156
8	1	0.50560593605
8	0	0.485233068466
7	1	0.490375995636
7	1	0.513318777084
8	1	0.683885097504
7	1	0.577569007874
8	1	0.554447889328
8	1	0.899919033051
7	1	0.553056955338
8	1	0.593758821487
7	0	0.747487068176
8	1	0.616958141327
7	0	0.739754915237
7	1	0.527856826782
7	1	0.779043912888
8	1	0.60363984108
8	1	0.642781972885
8	1	0.736912965775
8	1	0.708523035049
7	0	0.793044805527
7	1	0.81818985939
8	1	0.833894014359
8	1	0.617394924164
6	1	1.10719299316
5	1	0.794521093369
5	1	0.698747873306
6	1	0.747247934341
5	1	0.588156938553
5	1	0.883120059967
5	1	0.552655220032
6	1	0.603472948074
5	0	0.585032939911
5	1	0.51473903656
6	1	0.659060001373
6	0	0.531934022903
5	0	0.76096701622
5	1	0.609272003174
5	0	0.546247959137
5	1	0.564370155334
5	1	0.858489990234
5	0	0.528435945511
5	1	0.586114883423
6	1	0.587700843811
6	0	0.731792926788
6	1	0.602952957153
5	0	0.528198957443
5	1	0.602876901627
6	1	0.659434080124
6	1	0.603283882141
6	1	0.672012805939
6	1	0.652438879013
6	1	0.498707056046
6	1	0.601686954498
6	1	0.563587188721
5	0	1.14535498619
5	1	0.651756048203
6	1	0.666694879532
6	1	0.53720998764
5	1	0.515630960464
6	1	0.546980857849
6	1	0.61741900444
5	1	0.538800001144
5	1	0.601388931274
6	1	0.50904917717
5	0	0.553851127625
5	1	0.963024139404
5	0	0.802407026291
5	1	0.544831991196
6	1	0.763320207596
5	1	0.570218086243
5	1	0.731952905655
6	1	0.530210971832
5	1	0.625374078751
5	1	0.468080043793
6	0	0.42550110817
6	0	0.53963303566
5	1	0.640511035919
5	1	0.565433979034
5	0	0.992095947266
6	1	0.50622010231
6	1	0.61172914505
6	0	0.602326869965
5	1	0.834656953812
6	1	0.809832811356
6	1	0.858283996582
5	1	1.06739497185
5	0	0.521562099457
5	1	0.697319030762
6	1	0.635996818542
6	1	1.10813999176
5	0	0.656793117523
5	0	0.587234020233
6	0	0.988227128983
6	1	0.641046047211
6	1	0.661293029785
6	0	1.63371992111
6	0	1.08799791336
5	1	0.756086826324
6	1	1.01097393036
5	0	0.640592098236
5	1	0.570701122284
6	1	0.611824035645
5	1	0.616555929184
6	0	0.706154108047
6	1	0.836566925049
6	1	0.545107841492
6	0	0.642571926117
5	1	0.75546503067
6	1	0.761708974838
5	1	0.586445093155
6	1	0.502151966095
6	1	0.554460048676
6	1	0.498745918274
5	0	0.970827102661
5	1	0.632881879807
5	0	0.499283790588
6	1	0.625594139099
5	0	0.569594144821
5	1	0.512928009033
6	1	0.674156904221
6	0	0.707314014435
5	1	0.653062105179
5	1	0.73825097084
5	1	0.553473949432
5	1	0.419548034668
5	0	0.297780036926
6	0	0.571111917496
5	1	0.459580898285
6	1	0.552795171738
6	1	0.621798038483
5	1	0.514039039612
5	1	0.554929971695
5	1	0.530890226364
6	1	0.762490034103
6	1	0.595391988754
5	1	0.578331947327
6	1	0.570517063141
5	0	0.651613950729
6	0	0.648248910904
5	1	0.81788110733
5	1	0.717288017273
6	1	0.545156955719
6	1	0.625333070755
6	1	0.549674987793
5	0	0.433120965958
6	1	0.536913871765
6	1	0.451177120209
5	1	0.515040874481
6	0	0.834883928299
5	1	0.610632181168
5	1	0.474859952927
5	1	0.648934841156
6	0	1.17037391663
5	1	0.546480894089
6	1	0.515747785568
5	0	0.451231956482
5	0	0.489099979401
6	0	0.595625162125
5	0	0.555151939392
5	1	1.21767091751
6	0	0.937834024429
2	0	0.907114982605
2	1	0.657917022705
2	0	0.714091777802
2	1	0.700031042099
2	1	0.497382164001
2	1	0.61990904808
2	1	0.681435823441
2	1	0.50866484642
2	1	0.578949928284
2	1	0.577919960022
2	1	0.833266019821
2	1	0.586394071579
2	1	0.645215988159
2	1	0.608337879181
2	1	0.7784512043
2	1	0.523427009583
2	1	0.748364925385
2	1	0.496731996536
2	1	0.626106977463
2	1	0.517669916153
2	0	0.495396137238
2	1	0.851300954819
2	1	0.578575849533
2	1	0.555036067963
2	1	0.593674898148
2	1	0.529844045639
2	0	0.682965993881
2	1	1.18498301506
2	1	0.787901878357
2	0	0.580840826035
2	0	0.537695884705
2	1	0.580082893372
2	1	0.41810798645
2	1	0.555652141571
2	1	0.546228885651
2	1	0.770632982254
2	0	0.618650913239
2	1	0.459555149078
2	1	0.515095949173
2	0	0.800889015198
2	1	0.683969020844
2	0	0.650389909744
2	1	0.651329040527
2	0	0.60906291008
2	0	0.795527935028
2	1	0.604134082794
2	1	0.60910987854
2	1	0.67654800415
2	0	0.642334938049
2	0	0.642799854279
2	1	0.842602968216
2	1	0.669219970703
2	0	0.619117021561
2	0	1.15284204483
2	0	0.929855823517
2	1	0.940788984299
2	0	0.722457885742
2	1	0.70636677742
2	1	0.578103780746
2	0	0.661351919174
2	1	0.641160964966
2	0	0.530696868896
2	1	0.729065179825
2	1	0.585744142532
2	1	0.757498979568
2	1	0.834316968918
2	1	0.538347005844
2	1	0.554857969284
2	1	0.64892411232
2	0	0.593744039536
2	1	0.579785108566
2	0	0.514994859695
2	0	0.64061999321
2	0	0.756567001343
2	1	0.609708070755
2	0	0.901148080826
2	1	0.633231163025
2	0	0.633661031723
2	0	0.860973119736
2	1	0.681450128555
2	1	0.637445926666
2	0	0.555684089661
2	0	0.650238037109
2	1	0.537136077881
2	0	0.72983622551
2	1	0.586630105972
2	1	0.658989191055
2	0	0.628452062607
2	1	0.648921966553
2	0	0.53275513649
2	0	0.465504169464
2	0	0.556371927261
2	0	0.505881071091
2	1	0.651846170425
2	0	0.537985086441
2	1	0.563742876053
2	0	0.580919027328
2	1	0.761520862579
2	1	0.530518054962
2	1	0.746221065521
2	1	0.61178612709
2	1	0.569201946259
2	1	0.762871980667
2	1	0.811634063721
2	1	0.76099896431
2	1	0.580220222473
2	1	0.608476161957
2	1	0.762341976166
2	1	0.585392951965
2	1	0.571068048477
2	1	0.563186883926
2	1	0.5173869133
2	1	0.552107095718
2	1	0.707542896271
2	1	0.618599891663
2	1	0.570116043091
2	1	0.612552165985
2	1	0.51207113266
2	1	0.866720914841
2	1	0.50781917572
2	1	0.50550198555
2	0	0.594799041748
2	1	0.706383943558
2	0	0.515016078949
2	1	0.601078033447
2	0	0.633991956711
2	1	0.715991020203
2	1	0.658074140549
2	0	0.612313985825
2	0	0.745772123337
2	1	0.692116975784
2	1	0.570625066757
2	1	0.603390932083
2	0	0.570172071457
2	1	0.578316926956
2	1	0.746872186661
2	1	0.819472074509
2	1	0.738539934158
2	1	0.719530105591
3	0	0.875633001328
3	1	0.907043933868
3	1	0.625124931335
3	1	0.564686059952
3	1	0.905524015427
3	1	0.626602888107
3	1	0.570376873016
3	1	0.698380231857
3	1	0.593874931335
3	1	0.571432828903
3	1	0.611127138138
3	1	0.627154827118
3	1	0.674218177795
3	1	0.636235952377
3	1	0.611325025558
3	1	0.489713907242
3	1	0.721683979034
3	0	0.577689170837
3	1	0.578358888626
3	1	0.60503911972
3	1	0.737092971802
3	0	0.584800958633
3	0	0.549501895905
3	1	0.707309961319
3	1	0.563180923462
3	1	0.601907968521
3	1	0.705511808395
3	1	0.626430988312
3	0	0.817329883575
3	1	0.588922977448
3	1	0.593503952026
3	1	0.500274896622
3	0	0.544840097427
3	1	0.524766921997
3	0	0.762084007263
3	1	0.593467950821
3	1	0.548105955124
3	1	0.540923118591
3	1	0.432119131088
3	1	0.484511137009
3	1	0.546290874481
3	1	0.537420034409
3	1	0.633694171906
3	1	0.429111003876
3	1	0.353507995605
3	1	0.404762983322
3	1	0.371168136597
3	0	0.657297134399
3	1	0.491341114044
3	1	0.483384847641
3	1	0.560997009277
3	0	0.498636007309
3	1	0.513943910599
3	1	0.521775007248
3	0	0.475043058395
3	1	0.525156021118
3	0	0.743199110031
3	1	0.509785175323
3	1	0.522528886795
3	0	0.434919118881
3	0	0.809092998505
3	1	0.642518043518
3	0	0.859174966812
3	1	0.730929136276
3	0	0.595841169357
3	0	0.650352954865
3	0	0.628391027451
3	0	0.738289833069
3	1	0.627331972122
3	0	0.683104991913
3	1	0.81051492691
3	0	0.795263051987
3	1	0.593674898148
3	1	0.756636142731
3	1	0.599278926849
3	0	0.716363191605
3	0	0.682614088058
3	1	0.938738107681
3	0	0.682643890381
3	1	0.779835224152
3	1	0.562173128128
3	1	0.627858877182
3	1	0.609071969986
3	1	0.57252907753
3	1	0.666268110275
3	1	0.591979980469
3	1	0.482647895813
3	1	0.596822023392
3	1	0.825869083405
3	1	0.675056934357
3	1	0.68368601799
3	1	0.576478004456
3	1	0.603551864624
3	1	0.571670055389
3	0	0.499881029129
3	0	0.64111495018
3	1	0.745249032974
3	1	0.642149925232
3	1	0.59627699852
3	1	0.601360082626
3	1	0.659321069717
3	1	0.538463115692
3	1	0.730586051941
3	0	0.593340158463
3	1	0.596016168594
3	1	0.546761989594
3	1	0.577607870102
3	1	0.452167034149
3	1	0.384356975555
3	1	0.348513126373
3	1	0.355713129044
3	0	0.3532807827
3	0	0.380118131638
3	1	0.417814016342
3	1	0.555121898651
3	1	0.458834171295
3	0	0.412652015686
3	1	0.512717962265
3	0	0.443292856216
3	1	0.490673065186
3	1	0.42659497261
3	1	0.385869026184
3	1	0.362729072571
3	0	0.394269943237
3	1	0.561810016632
3	1	0.461388111115
3	1	0.449150085449
3	0	0.359829902649
3	0	0.573082923889
3	1	0.475360155106
3	1	0.441226005554
3	1	0.5004529953
3	0	0.490744829178
3	1	0.482225179672
3	1	0.56193614006
3	0	0.387450933456
3	0	0.385768175125
3	1	0.451282024384
3	1	0.404042959213
3	1	0.369926214218
3	0	0.401339054108
3	1	0.420764923096
3	1	0.415635824203
3	0	0.308008909225
4	0	0.556647777557
4	1	0.44961977005
4	1	0.546377897263
4	1	0.523667812347
4	1	0.474852800369
4	0	0.576635122299
4	1	0.41673207283
4	0	0.466956138611
4	0	0.363327026367
4	1	0.481245994568
4	1	0.482574939728
4	1	0.562719106674
4	1	0.488608121872
4	0	0.851361036301
4	1	0.80247092247
4	1	0.556948184967
4	1	0.905555009842
4	1	0.497632026672
4	1	0.44341301918
4	0	0.491297960281
4	0	0.527825117111
4	0	0.52255988121
4	0	0.778214931488
4	1	0.548428058624
4	1	0.466179847717
4	0	0.490691900253
4	1	0.564380884171
4	1	0.706974029541
4	0	0.41860294342
4	1	0.689007997513
4	0	0.593522071838
4	0	0.722040891647
4	1	0.573274850845
4	0	0.727765083313
4	1	0.60432100296
4	0	0.569744110107
4	1	0.579555034637
4	0	0.513164043427
4	1	0.737585067749
4	1	0.588546991348
4	1	0.650874853134
4	0	0.452704906464
4	1	0.553544044495
4	1	0.443958997726
4	0	0.393771886826
4	1	0.682931184769
4	0	1.21818304062
4	1	0.619189023972
4	1	0.48132610321
4	0	0.507086038589
4	1	0.645220041275
4	1	0.521456003189
4	1	0.489844083786
4	0	0.39738202095
4	1	1.13059997559
4	1	0.745454072952
4	1	0.795945882797
4	1	0.507072925568
4	1	0.528318166733
4	1	0.620370149612
4	1	0.53844499588
4	0	0.450663089752
4	1	0.584818840027
4	1	0.49160194397
4	1	0.67368888855
4	1	0.515345811844
4	1	0.473500013351
4	1	0.61331987381
4	1	0.570209980011
4	0	0.594974994659
4	1	0.50528883934
4	1	0.442051172256
4	1	0.476164102554
4	1	0.520296096802
4	0	0.403016090393
4	0	0.497469902039
4	0	0.458143949509
4	1	0.610499858856
4	1	0.530422925949
4	1	0.563221931458
4	1	0.569669961929
4	0	0.442772865295
4	0	0.483954906464
4	1	0.506649971008
4	1	0.57849407196
4	1	0.626504898071
4	0	0.699506044388
4	1	0.650609970093
4	1	0.626143932343
4	1	0.555055856705
4	1	0.762092828751
4	1	0.714213132858
4	1	0.626931905746
4	0	0.483750104904
4	1	0.579536914825
4	0	0.544439077377
4	1	0.571763038635
4	1	0.519942998886
4	1	0.660118103027
4	1	0.474951982498
4	1	0.584229946136
4	1	0.500420093536
4	1	0.505660057068
4	1	0.506039857864
4	1	0.401988983154
4	0	0.324457168579
4	1	0.481761932373
4	1	0.361091852188
4	1	0.330633163452
4	0	0.337710142136
4	0	0.476147174835
4	1	0.490482091904
4	0	0.402384996414
4	1	0.417542934418
4	1	0.461221933365
4	1	0.411782979965
4	0	0.39456987381
4	1	0.40968298912
4	1	0.674964904785
4	1	0.402377843857
4	0	0.44912481308
4	1	0.476400136948
4	0	0.435919046402
4	0	0.555842161179
4	1	0.519737958908
4	1	0.474208831787
4	1	0.489351034164
4	0	0.426930904388
4	0	0.468011856079
4	1	0.634716033936
4	1	0.607094049454
4	1	0.500442028046
4	0	0.393290042877
4	0	0.498934030533
4	1	0.504901170731
4	0	0.357064962387
4	0	0.513492822647
4	0	0.410948038101
4	0	0.435785055161
4	1	0.411488056183
4	0	0.577136039734
4	1	0.508152961731
4	1	0.584442138672
4	1	0.555099964142
4	1	0.474808216095
4	1	0.444655179977
8	0	0.570433139801
7	1	0.561944007874
7	1	0.461175918579
8	1	0.51327586174
7	1	0.575845003128
8	0	0.589127063751
7	1	0.633692026138
8	1	0.593909025192
8	1	0.56972694397
8	0	0.61313700676
8	1	0.602494001389
7	1	0.546066999435
7	1	0.705257892609
8	1	0.565062999725
8	1	0.586344003677
7	0	0.482783079147
7	1	0.551832199097
8	1	0.483891963959
8	1	0.473722934723
7	1	0.507118940353
8	1	0.563687086105
8	0	0.448138952255
7	0	0.491585016251
8	0	0.696871995926
7	1	0.557294845581
7	0	0.515002965927
7	0	0.505777835846
8	1	0.530933141708
7	0	0.756971120834
7	1	0.578294038773
8	1	0.472419977188
7	1	0.530096054077
7	1	0.763588905334
8	0	0.456989049911
8	0	0.588440895081
7	1	0.619122028351
7	1	0.545739889145
7	0	0.483173131943
8	1	0.722805976868
7	1	0.529576063156
8	0	0.562017917633
7	0	0.620115041733
8	1	0.679236888885
7	0	0.820218086243
8	0	0.658785104752
8	1	0.554562091827
7	1	0.690484046936
7	0	0.633053064346
7	0	0.572587966919
8	1	0.770160913467
7	1	0.690061092377
8	1	0.698590993881
7	0	0.578163862228
7	1	0.674840927124
8	1	0.635782957077
7	1	0.811303853989
7	0	0.505761861801
8	1	0.66012096405
8	1	0.532211065292
8	1	0.625990152359
7	1	0.562478065491
7	1	0.545182943344
8	1	0.617751121521
7	0	0.546425104141
7	1	0.538111925125
7	1	0.569908857346
8	1	0.539968967438
7	0	0.674337148666
7	0	0.370705842972
7	0	0.529371976852
7	1	0.587126970291
7	1	0.627058982849
7	0	0.465820074081
7	1	0.579808950424
7	1	0.603492021561
7	1	0.586540937424
8	1	0.579882860184
7	0	0.697324991226
7	0	0.570900917053
8	1	0.586583852768
7	0	1.12442398071
8	1	0.582857847214
8	1	0.501476049423
8	0	0.649342060089
8	1	0.602977991104
7	0	0.593488931656
8	0	0.596621990204
8	1	0.587377071381
8	1	1.03480505943
8	1	0.577134132385
7	1	1.06840205193
8	1	0.632941961288
7	1	0.724514007568
8	1	0.736083984375
8	1	0.690826892853
7	1	0.588350057602
7	1	0.617780923843
7	1	0.812319040298
7	1	0.745357990265
8	1	0.577945947647
8	0	0.49625992775
7	1	0.524765968323
8	0	0.689579963684
7	0	0.53946018219
7	0	0.55525803566
7	1	0.506632089615
7	1	0.612044095993
7	1	0.682177066803
7	1	0.588395118713
8	1	0.583275079727
7	1	0.523015975952
8	0	0.651599884033
8	1	0.608578205109
7	0	0.531125068665
7	0	0.562824964523
8	1	0.608019113541
7	0	0.578011989594
7	1	0.65052485466
8	1	0.661709785461
8	1	0.586006879807
7	1	0.712791919708
7	0	0.660920858383
7	1	0.592669010162
8	0	0.827667951584
8	1	0.547770023346
7	1	0.562643051147
8	1	0.450442075729
8	0	0.482489109039
7	1	0.687430143356
7	1	0.468605995178
7	0	0.468175172806
7	1	0.553776025772
7	1	0.618764162064
8	0	0.604228973389
7	0	0.855891942978
8	1	1.01216888428
7	1	0.554403066635
8	0	0.594558000565
8	1	0.611414909363
7	1	0.705841064453
8	1	0.524257183075
8	1	0.530670881271
6	1	0.572702884674
5	1	0.43461894989
6	1	0.544005870819
5	1	0.546389102936
5	1	0.601608037949
5	0	0.779814958572
5	1	0.490000963211
6	1	0.465983867645
5	0	0.506618022919
5	1	0.658326864243
6	1	0.459491968155
5	1	0.441730976105
6	0	0.66620182991
6	1	0.482800960541
5	1	0.68999004364
6	1	0.508280038834
6	1	0.530164957047
6	1	0.44175195694
5	1	0.522954940796
6	1	0.466002941132
5	1	0.514235019684
5	1	0.554553985596
5	0	0.476013183594
6	1	0.520413160324
6	1	0.587714910507
5	1	0.699045181274
5	1	0.593283891678
6	0	0.691620111465
5	1	1.04898905754
6	1	0.53692317009
6	1	0.642591953278
6	1	0.49880194664
6	1	0.577794075012
6	1	0.579653978348
5	1	0.577152013779
5	0	0.660143136978
5	1	0.624990940094
6	1	0.492173910141
6	1	0.457360982895
6	1	0.467143058777
5	0	0.828602075577
6	1	0.545841932297
6	1	0.425441980362
6	1	0.466527938843
6	1	0.418837070465
6	1	0.426151990891
6	1	0.531054019928
6	1	0.449568033218
5	1	0.451644182205
5	0	0.426380157471
6	1	0.450556993484
6	1	0.419531106949
6	1	0.426801204681
5	1	0.393611192703
5	1	0.354108810425
5	1	0.395640134811
6	1	0.451509952545
5	1	0.491076946259
6	0	0.52033996582
5	1	0.539441108704
6	1	0.377707004547
6	0	0.388798952103
5	1	0.531059026718
6	1	0.464213848114
6	1	0.387242078781
6	1	0.473811864853
6	0	0.388932228088
6	1	0.427258014679
5	1	0.808145046234
6	1	0.475260019302
5	1	0.530007839203
6	1	0.434708118439
5	1	0.460396051407
5	0	0.416745901108
6	1	0.499794960022
5	1	0.497169971466
5	1	0.387380838394
6	1	0.465177059174
5	1	0.498215913773
5	1	0.482978820801
6	1	0.433393955231
6	1	0.546423912048
5	1	0.435178995132
5	1	0.544839859009
5	1	0.444806098938
6	1	0.435826063156
5	0	0.409910917282
6	1	0.417291164398
5	1	0.45866894722
6	1	0.596620082855
5	1	0.376243829727
5	1	0.587960958481
6	0	0.34806895256
5	1	0.527772903442
6	1	0.467256069183
5	1	0.492274045944
5	1	0.450940847397
5	1	0.584457874298
5	0	0.490828037262
5	1	0.603111982346
5	0	0.465268135071
6	1	0.755864143372
5	1	0.53067612648
5	1	0.632802009583
5	0	0.571435928345
6	1	0.668766975403
5	1	0.514443874359
5	1	0.503681182861
6	0	0.68456697464
6	1	0.69815993309
6	0	0.615130186081
5	0	0.676184892654
5	1	0.898785114288
6	0	0.562504053116
5	0	0.791625976562
5	1	0.685135126114
6	1	0.555830001831
5	1	0.866780042648
5	1	0.546793222427
5	0	0.567080974579
5	0	0.747843027115
6	1	0.539493083954
5	1	0.553709030151
5	1	0.491838932037
5	1	0.531888961792
5	0	0.770072937012
6	0	0.713904857635
6	1	0.44330406189
6	1	0.521765947342
6	1	0.633727073669
5	1	0.616067886353
5	1	0.473781108856
6	1	0.501863002777
6	1	0.80046582222
6	1	0.56448507309
5	1	0.53111410141
6	1	0.729320049286
5	1	0.496148824692
5	1	0.540376901627
5	1	0.508203029633
5	1	0.569847106934
5	1	0.464885950089
6	1	0.554661989212
5	1	0.5309009552
6	1	0.475596904755
6	1	0.488665103912
5	1	0.410475969315
4	1	0.68212890625
4	1	0.410526990891
4	1	0.585503101349
4	1	0.460546970367
4	1	0.39950799942
4	1	0.451255083084
4	1	0.601315975189
4	1	0.491250038147
4	1	0.468517065048
4	1	0.562967061996
4	1	0.361217021942
4	0	0.35423207283
4	1	0.481847047806
4	1	0.486358165741
4	1	0.556320905685
4	1	0.689811944962
4	1	0.500123023987
4	1	0.456902980804
4	1	0.544836997986
4	1	0.529513120651
4	1	0.475621938705
4	1	0.497097969055
4	1	0.602347135544
4	1	0.458564043045
4	1	0.473675012589
4	1	0.505631923676
4	1	0.474790096283
4	1	0.403606891632
4	1	0.451511859894
4	1	0.409706115723
4	1	0.497659921646
4	1	0.561277866364
4	1	0.461133956909
4	1	0.512354135513
4	1	0.508527994156
4	1	0.496710062027
4	0	0.451675891876
4	1	0.476019859314
4	1	0.490525007248
4	1	0.651527881622
4	0	0.578527927399
4	1	0.536167144775
4	1	0.460303068161
4	0	0.504783153534
4	1	0.587218046188
4	1	0.705947875977
4	0	0.529566049576
4	0	0.641690969467
4	1	0.513659954071
4	1	0.572597026825
4	1	0.882220983505
4	1	0.483866930008
4	0	0.553892850876
4	1	0.76322388649
4	1	0.673795938492
4	1	0.530887126923
4	1	0.737598896027
4	0	0.457203865051
4	1	0.540466070175
4	1	0.498599052429
4	1	0.457587957382
4	1	0.530048847198
4	1	0.498127937317
4	0	0.466661930084
4	1	0.572437047958
4	1	0.45943403244
4	1	0.464401960373
4	1	0.410417795181
4	1	0.516005992889
4	1	0.491064071655
4	1	0.49825501442
4	1	0.483001947403
4	1	0.6170129776
4	1	0.563236951828
4	1	0.536942958832
4	1	0.428629159927
4	1	0.481384038925
4	1	0.54795384407
4	1	0.481652975082
4	1	0.476199150085
4	0	0.504748106003
4	1	0.474647045135
4	1	0.618424892426
4	1	0.545902967453
4	1	0.404039144516
4	1	0.483065128326
4	1	0.675654172897
4	1	0.546083927155
4	1	0.418657064438
4	1	0.443834066391
4	1	0.433615922928
4	0	0.333714962006
4	0	0.522655963898
4	0	0.545721054077
4	1	0.62031006813
4	1	0.521261930466
4	1	0.498265028
4	1	0.401817083359
4	1	0.491045951843
4	1	0.538123130798
4	1	0.467262029648
4	1	0.482552051544
4	1	0.424977064133
4	1	0.537885904312
4	1	0.484272003174
4	1	0.438867092133
4	1	0.427618026733
4	1	0.482369184494
4	1	0.41147518158
4	1	0.458648920059
4	1	0.491588830948
4	1	0.50692486763
4	1	0.708275079727
4	0	0.432851076126
4	1	0.490317106247
4	0	0.458505868912
4	1	0.498268842697
4	1	0.474488973618
4	1	0.513966083527
4	1	0.428998947144
4	1	0.505992174149
4	0	0.487804889679
4	1	0.594651937485
4	1	0.436195135117
4	1	0.505710840225
4	1	0.452455997467
4	1	0.495559930801
4	1	0.491765975952
4	1	0.404492139816
4	1	0.448966026306
4	1	0.436975002289
4	1	0.683223962784
4	1	0.424538850784
4	1	0.468049049377
4	1	0.408312082291
4	1	0.482497930527
4	1	0.453638792038
4	0	0.495994091034
4	1	0.460490942001
4	1	0.657644987106
4	1	0.547141075134
4	0	0.449873209
4	1	0.5893471241
4	1	0.552892923355
4	1	0.484562158585
4	0	0.497654914856
4	1	0.5219810009
4	1	0.555336952209
4	0	0.627539157867
8	1	0.595592975616
8	1	0.433959960938
8	1	0.546905994415
7	1	0.451505899429
8	1	0.418142080307
7	1	0.370245933533
8	1	0.564522981644
8	1	0.471656084061
8	0	0.508598089218
7	1	0.498247146606
8	1	0.48094201088
8	1	0.473591089249
7	0	0.651978969574
7	1	0.490724086761
8	1	0.448350191116
7	0	0.40920996666
8	1	0.539928197861
8	1	0.555726051331
7	1	0.634458065033
7	1	0.570904970169
7	1	0.506383895874
7	1	0.499357938766
8	1	0.484158992767
7	1	0.56795501709
7	1	0.393790006638
7	1	0.356330156326
8	1	0.514317989349
7	1	0.722216129303
7	1	0.540379047394
7	1	0.458760976791
8	1	0.522711992264
8	1	0.671443939209
8	1	0.411370992661
8	1	0.453191995621
7	1	0.361358880997
8	1	0.546087026596
8	1	0.408361911774
7	1	0.426939964294
7	1	0.547378063202
8	1	0.507318973541
8	1	0.610867977142
7	1	0.770139932632
8	1	0.851495027542
7	0	0.529761075974
7	1	0.548527002335
8	0	0.450522184372
7	1	0.545248985291
8	1	0.68048286438
7	1	0.483175039291
8	1	0.562148809433
7	1	0.546327829361
8	1	0.683874130249
7	1	0.649507045746
7	0	0.459918022156
7	0	0.480922937393
7	1	0.508584976196
8	0	0.53972196579
8	1	0.641508102417
7	1	0.552213907242
7	1	0.564947843552
8	1	0.584657907486
8	1	0.684317827225
8	1	0.578190803528
8	1	0.459371089935
7	1	0.522575855255
7	1	0.448784828186
8	1	0.475992918015
7	1	0.522582054138
8	0	0.56783914566
8	1	0.442571878433
7	1	0.473685026169
8	0	0.442542076111
7	0	0.41269493103
7	1	0.658805131912
7	1	0.667433977127
7	1	0.49005484581
7	1	0.420232057571
7	1	0.480268001556
7	1	0.588054180145
8	1	0.545498132706
7	1	0.392759084702
8	0	0.475609779358
8	1	0.484050035477
8	1	0.546473026276
8	1	0.465389966965
7	1	0.514349937439
8	1	0.52999997139
7	1	0.497471094131
7	0	0.675703048706
8	1	0.587046146393
7	1	0.55374789238
8	1	0.549045085907
7	1	0.442266941071
7	0	0.481561899185
7	1	0.601254940033
8	1	0.628309965134
7	1	0.595678091049
8	1	0.393659114838
7	1	0.860017061234
7	1	0.593247890472
8	1	0.515688896179
7	1	0.640527963638
7	1	0.561863183975
8	1	0.419147968292
7	1	0.465926885605
8	1	0.483438014984
8	1	0.441545009613
8	1	0.491346120834
7	1	0.673765897751
8	1	0.475652933121
8	1	0.448913097382
7	1	0.562179803848
7	0	0.614907026291
7	1	0.549394845963
7	1	0.468185901642
7	1	0.55358505249
8	1	0.460510969162
7	1	0.521503925323
8	1	0.564513921738
7	1	0.495941877365
8	0	0.491358041763
8	1	0.491003990173
8	1	0.459203958511
7	1	0.481173038483
7	1	0.49099779129
8	1	0.522626876831
7	1	0.419430017471
7	1	0.554425954819
7	1	0.560585975647
7	0	0.523256063461
8	1	0.554902076721
7	1	0.577188968658
8	1	0.531899929047
7	1	0.418207168579
7	1	0.452410936356
7	1	0.690846920013
8	1	0.578182935715
7	1	0.426824092865
8	1	0.442692995071
7	1	0.458473920822
8	1	0.489613771439
7	1	0.451267004013
8	0	0.519695043564
7	1	0.468533039093
8	0	0.584761142731
7	1	0.484436035156
8	1	0.410135984421
7	1	0.46829199791
1	1	0.514806032181
1	1	0.432945966721
1	1	0.474817991257
1	1	0.403506040573
1	1	0.451936006546
1	1	0.505412101746
1	1	0.56299495697
1	1	0.497673034668
1	1	0.466022968292
1	1	0.561843156815
1	1	0.459338188171
1	1	0.409044027328
1	1	0.50629401207
1	1	0.445101976395
1	1	0.448910951614
1	1	0.570442199707
1	1	0.513751983643
1	0	0.453336000443
1	1	0.497063875198
1	1	0.524059057236
1	1	0.441928863525
1	0	0.507668972015
1	1	0.553546190262
1	1	0.477217912674
1	0	0.4968957901
1	1	0.611261844635
1	1	0.465282201767
1	1	0.5001039505
1	1	0.505716085434
1	0	0.777601957321
1	1	0.489921092987
1	1	0.475588083267
1	1	0.449726819992
1	1	0.531650781631
1	1	0.448385000229
1	0	0.468158006668
1	1	0.674669981003
1	0	0.512485027313
1	1	0.49996304512
1	0	0.481200933456
1	0	0.571134805679
1	1	0.59689116478
1	0	0.761398077011
1	1	0.698745965958
1	1	0.634381055832
1	0	0.785842895508
1	1	0.587999105453
1	1	0.634567022324
1	0	0.665093898773
1	0	0.740305185318
1	1	0.648894071579
1	1	0.540272951126
1	0	0.449812173843
1	1	0.691801071167
1	1	0.788049936295
1	1	0.489430904388
1	1	0.458231925964
1	1	0.441102027893
1	0	0.402695894241
1	1	0.54399394989
1	1	0.611613035202
1	1	0.468014001846
1	1	0.466381072998
1	1	0.491745948792
1	1	0.647991895676
1	1	0.451091051102
1	1	0.641595840454
1	1	0.546969890594
1	1	0.467423915863
1	1	0.530253887177
1	1	0.467154026031
1	1	0.467027902603
1	1	0.674602031708
1	1	0.783466815948
1	1	0.501111984253
1	1	0.551768064499
1	1	0.426916122437
1	0	0.6364569664
1	0	0.457865953445
1	1	0.572723150253
1	1	0.512072086334
1	1	0.427155971527
1	1	0.522545099258
1	1	0.467349052429
1	1	0.577626943588
1	1	0.531749010086
1	1	0.460803985596
1	1	0.545382022858
1	1	0.659207105637
1	0	0.642204046249
1	1	0.471103906631
1	1	0.546893119812
1	0	0.460904836655
1	1	0.506592988968
1	1	0.418312072754
1	1	0.505969047546
1	0	0.655781984329
1	0	0.458554983139
1	1	0.474416971207
1	1	0.483196020126
1	1	0.505399942398
1	1	0.498524904251
1	1	0.490615844727
1	1	0.43674492836
1	1	0.561748981476
1	1	0.457938909531
1	1	0.472424983978
1	1	0.445857048035
1	1	0.746737003326
1	1	0.426151037216
1	0	0.434529066086
1	1	0.425752162933
1	1	0.472788095474
1	1	0.405064105988
1	1	0.528383970261
1	1	0.482169151306
1	1	0.563357114792
1	1	0.403146028519
1	1	0.634501934052
1	0	0.489889144897
1	0	0.531721830368
1	1	0.441853046417
1	1	0.48939204216
1	1	0.50834107399
1	1	0.472713947296
1	0	0.612748861313
1	1	0.416735887527
1	1	0.468322992325
1	1	0.407928943634
1	1	0.514790058136
1	1	0.465197086334
1	1	0.570118904114
1	1	0.377698898315
1	1	0.442636013031
1	1	0.453197002411
1	1	0.402947187424
1	0	0.443170070648
1	1	0.432245969772
1	1	0.420209884644
1	1	0.380044937134
1	0	0.36915397644
1	1	0.491157054901
1	1	0.425251960754
1	1	0.386578083038
1	1	0.427471876144
1	1	0.49831199646
1	1	0.429749011993
1	0	0.366904020309
8	0	0.737823963165
8	0	0.73898100853
8	1	0.625308036804
8	1	0.451049089432
8	1	0.458308935165
8	0	0.418113946915
8	0	0.602458953857
7	0	0.628609895706
8	1	0.497117042542
8	1	0.532016038895
7	1	0.432286977768
7	1	0.443893909454
8	1	0.465198993683
7	1	0.454079866409
7	0	0.464407920837
7	0	0.475248098373
7	1	0.418200969696
8	1	0.448843955994
7	1	0.433980941772
7	1	0.402472019196
8	1	0.477177858353
7	1	0.505202054977
8	1	0.434496164322
8	1	0.442101955414
8	1	0.386168003082
8	0	0.458256959915
7	1	0.498596906662
7	1	0.363327980042
7	0	0.418110132217
7	1	0.602535009384
7	1	0.387824058533
7	1	0.425878047943
8	1	0.459752082825
8	1	0.433135986328
8	0	0.514052867889
8	1	0.442277193069
8	1	0.362370967865
7	1	0.523818969727
7	1	0.369477987289
8	0	0.372997045517
8	1	0.46547794342
8	1	0.537016153336
8	1	0.386747837067
7	0	0.682267904282
8	1	0.469470977783
8	1	0.44838809967
7	1	0.491527080536
8	0	0.428251028061
8	1	0.489732980728
7	1	0.418808937073
8	0	0.546802043915
8	1	0.466138124466
8	1	0.401927232742
7	1	0.451323986053
8	0	0.355045080185
7	1	0.39610004425
8	0	0.392449140549
7	0	0.444658994675
8	1	0.479348182678
8	1	0.443186998367
7	1	0.451609134674
8	1	0.570369958878
8	1	0.417015075684
8	1	0.493417024612
8	1	0.432559967041
7	1	0.516631126404
8	1	0.457803010941
7	1	0.434010982513
7	1	0.465776920319
8	1	0.532866954803
8	1	0.482868909836
8	1	0.489139795303
8	1	0.587827920914
7	0	0.46804690361
8	1	0.592241048813
7	1	0.49115896225
7	1	0.522494077682
7	1	0.444132089615
8	1	0.50630402565
8	0	0.484375
7	1	0.999300956726
7	1	0.458457946777
7	1	0.43584895134
7	1	0.4252409935
7	1	0.393038988113
8	1	0.411816835403
7	0	0.452005147934
8	1	0.504770040512
7	1	0.691226005554
7	1	0.466955184937
7	1	0.450239896774
7	1	0.457466125488
8	1	0.419859170914
8	1	0.419580936432
8	1	0.544652938843
7	0	0.658674001694
8	1	0.499125003815
7	1	0.545126914978
8	1	0.459501028061
8	1	0.483441829681
8	1	0.442672014236
8	1	0.408050060272
8	1	0.357542991638
8	1	0.368216991425
8	1	0.419265985489
8	1	0.354233980179
8	1	0.443983078003
8	0	0.401918888092
8	1	0.506834983826
7	1	0.450320005417
7	1	0.553541898727
8	1	0.434775114059
8	1	0.450610876083
8	1	0.458107948303
7	1	0.491528987885
7	1	0.458265066147
7	1	0.488080024719
7	1	0.458119153976
7	1	0.459187984467
7	1	0.612377882004
8	1	0.408527135849
7	1	0.477090120316
7	1	0.529101133347
7	0	0.587376117706
8	1	0.468859195709
8	1	0.52149105072
7	1	0.576871871948
7	1	0.449594020844
8	1	0.587235927582
7	1	0.524920940399
7	1	0.503801107407
8	1	0.532262086868
8	1	0.511989116669
8	1	0.467391014099
7	1	0.608284950256
8	1	0.476634025574
7	1	0.519289016724
7	1	0.500881910324
8	1	0.522686004639
7	1	0.535840988159
8	0	0.490787982941
8	1	0.530158042908
7	0	0.562995910645
8	1	0.858130931854
8	1	0.481920957565
8	1	0.571785926819
7	1	0.471919059753
7	1	0.505739927292
7	1	0.492075920105
7	1	0.483106851578
2	1	0.801588058472
2	1	0.514403820038
2	1	0.394078016281
2	1	0.429095983505
2	1	0.642227172852
2	1	0.44760799408
2	1	0.484367132187
2	1	0.512610912323
2	1	1.03548288345
2	1	0.48367190361
2	1	0.475104093552
2	0	0.570531845093
2	1	0.458443164825
2	1	0.441051006317
2	1	0.548069953918
2	0	0.602357149124
2	1	0.411941051483
2	1	0.47344493866
2	1	0.459049940109
2	1	0.484009027481
2	1	0.530622005463
2	1	0.497275114059
2	1	0.467988014221
2	1	0.465258836746
2	1	0.557112932205
2	1	0.440706968307
2	1	0.491652011871
2	1	0.434541940689
2	1	0.490357875824
2	1	0.3788189888
2	1	0.441292047501
2	0	0.4656291008
2	1	0.442549943924
2	1	0.427021026611
2	0	0.531264066696
2	1	0.556347131729
2	1	0.472422838211
2	0	0.659030914307
2	1	0.457168102264
2	1	0.435693025589
2	1	0.507174968719
2	1	0.450855970383
2	1	0.594730138779
2	1	0.433073997498
2	1	0.571853876114
2	1	0.456520080566
2	1	0.52442908287
2	1	0.473669052124
2	0	0.627731800079
2	1	0.538376092911
2	0	0.440213918686
2	1	0.489902019501
2	1	0.412166118622
2	1	0.618165969849
2	1	0.532184123993
2	1	0.481873989105
2	1	0.546622991562
2	1	0.4641289711
2	1	0.339725017548
2	0	0.523409128189
2	1	0.569201946259
2	1	0.60346698761
2	1	0.410789966583
2	1	0.43418097496
2	1	0.427776098251
2	0	0.468214035034
2	1	0.40155506134
2	0	0.329475879669
2	1	0.484260082245
2	1	0.496690034866
2	0	0.469312906265
2	1	0.377241134644
2	1	0.427059173584
2	1	0.451481103897
2	1	0.444715976715
2	0	0.456120014191
2	1	0.666818857193
2	1	0.603039979935
2	1	0.457387924194
2	1	0.466799020767
2	1	0.55655002594
2	1	0.657366991043
2	1	0.700299978256
2	1	0.424432992935
2	1	0.42106294632
2	0	0.442327976227
2	1	0.452373027802
2	1	0.403065919876
2	1	0.457204818726
2	1	0.322261095047
2	1	0.410035133362
2	1	0.434586048126
2	1	0.507629871368
2	0	0.354006052017
2	1	0.499022006989
2	1	0.411367893219
2	1	0.467015981674
2	1	0.427771091461
2	1	0.521874189377
2	1	0.498397111893
2	1	0.346735954285
2	0	0.329559087753
2	1	0.515314102173
2	1	0.641223907471
2	0	0.458384037018
2	1	0.435675144196
2	1	0.412647008896
2	0	0.440870046616
2	1	0.61011505127
2	0	0.443858146667
2	1	0.599858045578
2	1	0.444199085236
2	1	0.84045290947
2	1	0.461996793747
2	1	0.47990489006
2	1	0.515919923782
2	1	0.506091117859
2	1	0.5704870224
2	1	0.385666847229
2	1	0.435441970825
2	0	0.400594949722
2	1	0.393979787827
2	1	0.46143579483
2	0	0.474174022675
2	1	0.601193904877
2	1	0.571098089218
2	1	0.476338863373
2	1	0.753865003586
2	1	0.505527019501
2	1	0.491916894913
2	1	0.500715970993
2	1	0.480720996857
2	1	0.491379022598
2	0	0.465525150299
2	1	0.531507015228
2	0	0.418886899948
2	1	0.52272105217
2	1	0.561587095261
2	1	0.602035999298
2	1	0.459619998932
2	1	0.450977087021
2	1	0.46470284462
2	1	0.524353981018
2	1	0.507349967957
2	1	0.384144067764
2	1	0.42800784111
2	1	0.439962148666
2	1	0.420318126678
2	1	0.432410001755
2	0	0.588026046753
3	1	0.499834060669
3	1	0.41711807251
3	1	0.403246879578
3	1	0.466763973236
3	1	0.690542936325
3	0	0.412326812744
3	1	0.451318979263
3	1	0.425975084305
3	1	0.507121086121
3	1	0.417335033417
3	1	0.460520029068
3	1	0.554553985596
3	1	0.337188005447
3	1	0.521867990494
3	1	0.483170986176
3	1	0.54781293869
3	1	0.427180051804
3	1	0.45711684227
3	1	0.531916856766
3	1	0.57004904747
3	1	0.432343006134
3	1	0.403978824615
3	1	0.444629907608
3	1	0.425554990768
3	1	0.729604959488
3	1	0.441210985184
3	1	0.444873809814
3	1	0.401829957962
3	1	0.474784851074
3	1	0.466176986694
3	1	0.384119033813
3	1	0.47512793541
3	1	0.482069969177
3	1	0.385447978973
3	1	0.467890024185
3	1	0.468235015869
3	1	0.458669900894
3	1	0.497950077057
3	1	0.362156867981
3	1	0.432695865631
3	0	0.403074979782
3	1	0.602499008179
3	1	0.492129087448
3	1	0.512788057327
3	1	0.476553916931
3	1	0.417881011963
3	1	0.506059169769
3	1	0.434319972992
3	1	0.449830055237
3	1	0.452579021454
3	1	0.471951007843
3	1	0.397557973862
3	1	0.378083944321
3	1	0.505153894424
3	1	0.396079063416
3	1	0.423738002777
3	0	0.579935073853
3	1	0.545877933502
3	1	0.562535047531
3	1	0.425323963165
3	1	0.50844502449
3	1	0.521796941757
3	0	0.474529981613
3	1	0.425106048584
3	1	0.410367965698
3	1	0.4826130867
3	1	0.449016809464
3	1	0.419716119766
3	1	0.42644906044
3	1	0.593730926514
3	0	0.458985090256
3	1	0.443631887436
3	1	0.555825948715
3	0	0.480150222778
3	0	0.691527843475
3	1	0.610290050507
3	1	0.514347076416
3	0	0.557276964188
3	1	0.498010873795
3	1	0.427317142487
3	1	0.424962997437
3	0	0.393081188202
3	0	0.499814987183
3	1	0.483515977859
3	0	0.785398006439
3	1	0.579691886902
3	1	0.479913949966
3	1	0.404560089111
3	0	0.425523042679
3	1	0.444422960281
3	1	0.47364115715
3	1	0.523144960403
3	1	0.449038982391
3	1	0.410870075226
3	1	0.658560991287
3	1	0.452168941498
3	1	0.447930812836
3	1	0.445075035095
3	1	0.466108083725
3	1	0.362950086594
3	1	0.394874095917
3	1	0.44800901413
3	1	0.460582017899
3	1	0.480870962143
3	1	0.460458040237
3	1	0.417376995087
3	1	0.548620939255
3	1	0.409388065338
3	1	0.457659959793
3	1	0.508366107941
3	1	0.47315788269
3	1	0.409799098969
3	0	0.419593095779
3	0	0.45060300827
3	1	0.487030982971
3	0	0.442466020584
3	1	0.476620912552
3	1	0.481827020645
3	1	0.481345176697
3	1	0.505292892456
3	1	0.474893093109
3	1	0.482388973236
3	1	0.460619211197
3	1	0.519812107086
3	1	0.508944034576
3	1	0.522108078003
3	1	0.480585098267
3	1	0.532686948776
3	1	0.465734004974
3	1	0.442867040634
3	1	0.401556015015
3	1	0.484907150269
3	1	0.496808052063
3	1	0.522873878479
3	1	0.538475990295
3	1	0.522245168686
3	1	0.433736801147
3	0	0.490166187286
3	1	0.461030960083
3	1	0.522008895874
3	1	0.587286949158
3	1	0.53452205658
3	1	0.47607421875
3	1	0.490313053131
3	1	0.442875146866
3	1	0.425011873245
3	1	0.450277090073
3	1	0.410907030106
3	1	0.444451093674
3	0	0.473387002945
3	1	0.571388959885
6	1	0.451769113541
5	1	0.483747005463
6	1	0.439935207367
5	1	0.612925767899
6	1	0.425574064255
6	1	0.378731966019
5	1	0.392629861832
6	1	0.483244180679
5	1	0.489802122116
5	1	0.386398077011
6	1	0.483334064484
6	1	0.419363975525
6	1	0.426313877106
5	1	0.492897987366
5	0	0.40877199173
5	1	0.516435861588
6	0	0.481593132019
6	1	0.585929870605
6	0	0.490494012833
6	1	0.441764116287
5	1	0.459951877594
6	0	0.466882944107
5	1	0.872285842896
5	1	0.419839859009
5	1	0.49872303009
5	0	0.473639965057
5	1	0.60355091095
5	1	0.441922903061
6	1	0.595171928406
6	0	0.600786924362
5	1	0.549904108047
5	1	0.456902980804
6	0	0.658450841904
6	0	0.522503137589
5	1	0.53170800209
6	1	0.553175926208
5	1	0.61684513092
5	0	0.492009878159
6	1	0.45854306221
6	1	0.452851057053
5	1	0.455644130707
6	1	0.428600072861
5	0	0.601964950562
5	0	0.672528982162
6	1	0.468487977982
5	0	0.449732065201
6	1	0.46454501152
6	1	0.452371120453
6	1	0.514658927917
5	0	0.537708997726
6	0	0.489523887634
6	0	0.609648942947
5	1	0.547772884369
6	1	0.546005010605
6	1	0.52360200882
6	1	0.505707025528
5	1	0.516643047333
5	1	0.553409099579
5	0	0.602880954742
6	1	0.634009122849
6	1	0.570353984833
6	0	0.642745018005
6	1	0.592519044876
6	1	0.50804901123
6	1	0.761089086533
6	1	0.489531993866
6	0	0.73974609375
5	1	0.497565984726
6	1	0.578092098236
6	1	0.458925962448
6	1	0.427062988281
6	1	0.515158891678
5	1	0.409117937088
6	1	0.520999193192
5	1	0.421900987625
5	1	0.552260160446
6	1	0.444653987885
6	1	0.415858983994
6	1	0.387456893921
5	1	0.474132061005
6	1	0.508771896362
5	1	0.459175109863
6	1	0.449354887009
6	1	0.499762058258
5	1	0.544287919998
6	1	0.555965900421
6	1	0.474448919296
6	1	0.634924888611
6	1	0.433947086334
5	1	0.459994077682
6	1	0.473005056381
6	1	0.387732028961
5	1	0.593518018723
6	1	0.3561398983
6	1	0.424372911453
6	1	0.443850040436
6	1	0.370590925217
6	0	0.432689905167
5	1	0.45884013176
5	1	0.609933137894
5	1	0.409514904022
6	1	0.411362171173
5	0	0.394634008408
5	1	0.429204940796
5	1	0.657993078232
5	0	0.498000144958
6	0	0.472195863724
5	1	0.490230083466
5	1	0.499171972275
5	1	0.691137075424
6	1	0.722127914429
5	1	0.425594091415
6	1	0.507301092148
5	1	0.426374912262
5	1	0.491894960403
6	1	0.419455051422
6	1	0.435781002045
6	1	0.586678981781
5	0	0.436182022095
6	1	0.439696073532
5	0	0.411688804626
5	1	0.450345993042
5	1	0.499774932861
6	1	0.529151916504
5	1	0.51523399353
5	1	0.475077152252
6	1	0.642018079758
5	1	0.44254899025
5	1	0.476201057434
5	1	0.483375072479
6	1	0.616824150085
6	1	0.369899988174
5	1	0.492070198059
6	1	0.425610780716
5	1	0.491014957428
5	1	0.490475177765
5	1	0.491394996643
6	0	0.707111120224
5	1	0.636059045792
6	1	0.457748889923
5	1	0.493947029114
6	1	0.512456178665
5	1	0.482194900513
5	1	0.59530210495
6	0	0.441264152527
5	1	0.515039920807
5	1	0.660212039948
5	1	0.585858821869
6	1	0.509083032608
