5	1	2.45190691948
5	1	1.01288795471
5	1	0.986284017563
5	1	0.719508886337
5	1	0.759433984756
6	1	0.773366928101
5	1	0.745970964432
6	1	0.639466047287
5	1	0.63947892189
6	1	0.506258964539
6	1	0.612859010696
5	1	1.73272204399
6	1	0.692845106125
6	1	0.572694063187
5	1	0.586089134216
6	1	0.519564151764
6	1	0.946102142334
5	1	0.773152112961
6	1	0.719568014145
6	1	2.30542111397
6	1	0.85292506218
5	1	0.972790002823
5	1	1.17279696465
6	1	1.27934598923
5	1	0.812795162201
5	1	0.653251886368
5	1	1.42618894577
6	1	0.972792863846
5	1	1.91895294189
5	1	0.586594104767
5	1	0.706717967987
5	0	0.86611700058
5	1	1.09278988838
6	1	0.692816019058
5	1	0.692754030228
5	1	1.10610485077
6	1	0.786186933517
6	1	0.586152791977
6	1	0.826070070267
5	1	1.11943292618
6	1	0.812801122665
5	1	0.786638975143
5	1	0.559960842133
6	1	0.506458997726
6	1	0.812894105911
6	1	0.612873077393
5	1	0.999597072601
5	1	0.612900018692
6	1	0.692749977112
5	1	0.719561100006
5	1	0.919584035873
6	1	0.666258811951
5	1	1.26616501808
6	1	0.679677963257
5	1	0.639494180679
5	1	0.772783994675
5	1	0.639561891556
5	1	0.626548051834
6	1	0.560079097748
5	1	0.653457164764
5	1	0.546445846558
5	1	0.599549055099
5	1	0.532800912857
5	1	0.759493112564
6	1	0.532619953156
6	1	0.679500818253
5	1	0.599990129471
5	1	0.613354921341
5	1	0.932811975479
5	1	0.732862234116
6	1	0.626707077026
5	1	0.773290157318
6	1	0.812912940979
5	1	0.999429941177
5	1	0.812751054764
5	1	0.666238069534
6	1	0.612892150879
5	1	0.626149892807
6	1	0.599904060364
6	1	0.733386039734
5	1	0.679487943649
5	1	1.09282302856
5	1	0.546693086624
5	1	0.519947052002
6	1	0.613245010376
6	1	0.639592170715
6	1	0.559428930283
5	1	0.546083927155
6	1	0.599531888962
5	1	0.5728058815
5	1	0.506144046783
5	1	0.63951587677
6	1	0.719774007797
5	1	0.573406934738
6	1	0.533312082291
5	1	0.653185129166
6	1	0.599468946457
5	1	0.626183986664
5	1	0.599482059479
5	1	0.546288967133
6	0	0.559485912323
6	1	1.06597304344
5	1	0.626155138016
5	1	1.66563391685
5	1	0.626297950745
5	1	0.546413898468
6	1	0.519825935364
5	1	0.786654949188
5	1	0.573183059692
5	1	0.759683132172
5	1	0.63948392868
6	1	0.852907180786
5	1	0.546730995178
6	1	0.746382951736
6	1	0.572731018066
6	1	0.599497079849
5	1	0.5061378479
6	1	0.61282992363
5	1	0.506134033203
6	1	0.546261072159
6	1	0.772970914841
5	1	0.466705083847
6	1	0.493291139603
5	1	0.533277988434
5	1	0.706624984741
6	1	0.573180913925
5	1	2.75853204727
6	1	0.839495897293
6	1	0.800034999847
5	1	0.626363039017
5	1	0.972950935364
4	1	0.853075027466
4	1	0.679600954056
4	1	0.586245059967
4	1	1.01284813881
4	1	0.573379039764
4	1	3.30515909195
4	0	0.719961881638
4	1	0.613325119019
4	1	0.692938089371
4	1	0.652904987335
4	1	1.33239603043
4	1	0.719443798065
4	1	0.772778987885
4	1	0.59996509552
4	1	0.626654863358
4	1	0.853060007095
4	1	0.586147785187
4	1	0.612810134888
4	1	0.639547109604
4	1	0.666728973389
4	1	0.533257007599
4	1	0.560129880905
4	1	0.586639165878
4	1	0.546527862549
4	1	0.639488935471
4	1	0.612716913223
4	1	0.519590854645
4	1	0.506085157394
4	1	0.639406204224
4	1	0.506175041199
4	0	0.77277302742
4	1	2.3856818676
4	1	0.679961919785
4	1	0.839432954788
4	1	1.75897097588
4	1	0.719590902328
4	1	2.19904398918
4	1	5.11727905273
4	1	0.679488897324
4	1	1.01288104057
4	1	0.653213977814
4	1	0.653041124344
4	1	0.612714767456
4	1	0.639474153519
4	1	0.879536867142
4	1	1.03943014145
4	1	0.612809896469
4	1	0.599547147751
4	1	0.63948392868
4	0	0.760020971298
4	1	0.732737064362
4	1	0.759516954422
4	1	1.69237303734
4	1	0.799989938736
4	1	0.972892045975
4	1	0.666259050369
4	1	0.613131999969
4	1	0.679946184158
4	1	0.746228933334
4	1	0.559422016144
4	1	0.54623913765
4	1	0.546186923981
4	1	1.01286101341
4	1	0.560026168823
4	1	0.533365011215
4	1	1.07956814766
4	1	1.13227415085
4	1	0.70617890358
4	1	0.652902841568
4	1	0.639593839645
4	1	0.613350152969
4	1	0.53329205513
4	1	0.719685077667
4	1	0.51958489418
4	1	0.453035116196
4	1	0.559487819672
4	1	0.479653120041
4	1	0.612847089767
4	1	0.612867116928
4	1	0.57274889946
4	1	0.799524784088
4	0	0.573281049728
4	1	1.02615594864
4	1	0.892790079117
4	1	0.972935914993
4	1	1.29273080826
4	1	0.759496927261
4	1	2.46517491341
4	1	0.652739048004
4	1	0.5995221138
4	1	0.826323032379
4	1	0.560059070587
4	1	0.786092996597
4	1	0.639508008957
4	1	0.82626414299
4	1	0.746676921844
4	1	0.866274118423
4	1	0.972791910172
4	1	0.586637973785
4	1	0.586636066437
4	1	0.666263818741
4	1	0.666198015213
4	1	0.626075983047
4	1	0.959444999695
4	1	0.652886152267
4	1	0.719471216202
4	1	0.599569797516
4	1	0.586225986481
4	1	0.666305065155
4	1	1.01283097267
4	1	0.572760820389
4	1	0.66614985466
4	1	0.839536905289
4	1	0.639966964722
4	1	1.46619009972
4	1	1.29294800758
4	1	1.01297211647
4	1	1.15953397751
4	1	4.50469398499
4	1	1.47944307327
4	1	1.06613993645
4	1	0.959531068802
4	1	1.27945208549
4	1	0.720048904419
8	1	0.839580059052
8	1	0.586681127548
8	1	0.613379001617
8	1	2.71861195564
7	1	0.586287021637
8	1	0.879500865936
7	1	0.653342962265
8	1	0.586649894714
8	1	0.892947912216
8	1	0.546210050583
7	1	0.626167058945
7	1	0.746423006058
7	1	0.812972068787
8	1	0.572900056839
7	1	0.919471025467
7	1	0.626684188843
7	1	0.600028991699
7	1	0.732928991318
7	1	0.73272895813
7	1	0.692912101746
7	1	0.626345872879
8	1	0.613337993622
8	1	0.666678905487
8	1	0.586495161057
8	1	0.786170005798
8	1	0.666104078293
7	1	0.652899980545
7	1	0.586669921875
7	1	0.586651086807
8	1	0.573292970657
7	1	0.652887821198
7	1	0.692892074585
8	1	0.772897005081
7	1	1.98578691483
8	1	0.58619093895
7	1	0.639469146729
8	1	0.53292798996
8	1	1.01287889481
7	1	0.653274059296
8	1	0.61297416687
8	1	0.58612704277
7	1	0.599542856216
7	1	0.546153068542
8	1	0.61279797554
8	1	0.572862148285
8	1	0.50669503212
8	1	0.573309898376
7	1	0.65340590477
8	1	0.560018062592
8	1	0.652884960175
7	0	0.679506778717
7	1	0.8795170784
8	1	3.09181284904
8	1	2.01233291626
7	1	0.733179092407
8	1	1.49269485474
8	1	1.51931285858
7	1	0.706109046936
8	1	0.626174926758
8	1	1.19907689095
8	1	0.692734956741
8	1	0.692709922791
8	1	0.70619392395
8	1	0.626658916473
8	1	0.653263807297
8	1	0.53325510025
8	1	0.679401159286
7	1	0.599442005157
8	1	0.586143016815
7	1	0.572871923447
7	1	0.479537010193
7	1	0.519570112228
8	1	0.58637213707
7	1	0.61328291893
7	1	0.639872074127
8	1	0.86620593071
8	1	0.866072893143
7	1	0.506702899933
8	1	0.51993894577
7	1	0.439975976944
8	1	0.599987030029
7	1	0.466617822647
7	1	0.440057039261
8	1	0.586730003357
8	1	0.613325834274
7	1	0.426750898361
7	1	1.75929307938
7	1	0.746147871017
7	1	0.572803974152
8	1	0.612764120102
7	1	0.799570083618
7	1	0.65332698822
8	1	0.479968070984
8	1	0.573137998581
8	1	0.546350002289
7	1	0.559501171112
8	1	0.506186008453
7	1	0.5461769104
7	1	0.519556999207
7	1	0.519558906555
7	1	1.57235097885
8	1	0.906229019165
8	1	0.906125068665
8	1	0.506104946136
8	1	0.55957198143
8	1	0.586144924164
7	1	0.9728910923
7	1	1.93234705925
7	1	0.732752084732
8	1	1.06599211693
8	1	0.546082019806
7	1	0.839468002319
7	1	0.452877044678
7	1	0.972861051559
7	1	1.13282704353
8	1	0.586509943008
7	1	0.599962949753
7	1	0.626629114151
7	1	1.26614308357
7	1	0.746649980545
7	1	0.692901134491
7	1	0.879519939423
7	1	0.559648990631
8	1	0.666480064392
8	1	0.533335924149
7	1	0.972843885422
7	1	0.666261196136
7	1	0.932940006256
8	1	0.546656847
8	1	0.59986114502
8	1	0.612823009491
8	1	0.492853879929
7	1	1.26607990265
8	1	1.07919096947
8	1	0.692804098129
7	1	0.626066923141
8	1	0.719583034515
8	1	0.653372049332
7	1	0.799687147141
8	1	0.586179018021
8	1	0.599552869797
8	1	0.546104192734
7	1	0.639534235001
7	1	0.65279507637
8	1	0.680048942566
7	1	0.560009002686
8	1	0.599945068359
8	1	0.732850074768
8	1	0.653050899506
8	1	1.33243489265
7	1	0.626139879227
7	1	0.599493026733
8	1	0.572835922241
7	1	0.613155126572
8	1	0.653351068497
8	1	0.546653032303
8	1	0.639800071716
7	1	0.612847089767
7	1	0.532903909683
7	1	0.532963991165
7	1	0.612830877304
7	1	0.546169996262
7	1	0.679475069046
7	1	0.586692094803
7	1	0.506551980972
7	1	0.826544046402
7	1	1.13283705711
8	1	0.533343076706
7	1	0.546689987183
8	1	0.812951087952
8	1	0.479651927948
7	1	0.506268024445
7	1	0.546149969101
8	1	0.906172990799
7	1	0.599826097488
7	1	0.560002088547
8	1	0.520065069199
8	1	0.613370895386
7	1	0.679651975632
7	1	0.679457187653
8	1	0.559505939484
7	1	0.759445905685
7	1	0.533181905746
8	1	0.520004987717
7	1	0.879809856415
7	1	0.706233978271
8	1	0.706166028976
8	1	0.65296792984
7	1	1.35944199562
7	1	0.919569015503
8	1	0.63965010643
8	1	0.719507932663
7	1	0.75957608223
7	1	0.773150920868
8	1	0.560003042221
8	1	0.986152887344
7	1	0.572731018066
7	1	0.692769050598
8	1	0.706652164459
7	1	0.573276996613
8	1	0.57298707962
7	1	0.839502811432
8	1	0.892877817154
8	1	0.680101156235
8	1	0.612862110138
8	1	0.706160068512
8	1	0.572714090347
7	1	1.1060628891
7	1	0.559653997421
7	1	0.586086988449
7	1	0.519474029541
7	1	1.51890397072
8	1	0.679468870163
7	1	0.812832117081
8	1	0.706698894501
8	1	0.55993103981
7	1	0.639448881149
7	1	0.626121044159
8	1	0.492847919464
8	1	0.706146001816
8	1	0.533089876175
8	1	0.65314912796
8	1	0.519973039627
7	1	0.559997081757
7	1	3.31850600243
7	1	0.746691942215
8	1	0.74614906311
7	1	0.786081075668
8	1	0.532894134521
8	1	0.626347780228
8	1	0.533440113068
7	1	1.31954908371
8	1	0.5862159729
7	1	0.65327501297
8	1	0.653449058533
8	1	0.613352060318
8	1	0.586215019226
7	1	0.626173973083
8	1	0.61289191246
7	1	0.586201906204
7	1	0.652952194214
8	1	0.666688919067
7	1	0.573282957077
8	1	0.599961042404
8	1	0.639513015747
8	1	0.599499225616
8	1	0.559458017349
8	1	0.58615899086
8	1	0.546000957489
8	1	0.839509963989
8	1	0.533386945724
8	1	0.533483982086
7	0	0.533296108246
7	1	1.55953502655
8	1	0.612914800644
7	1	1.05281615257
8	1	0.626838922501
7	1	0.55999994278
8	1	0.892833948135
7	1	0.932847976685
8	1	0.626834154129
8	1	0.919476032257
7	1	0.586241960526
8	1	0.759495019913
7	1	0.706699132919
8	1	0.879515886307
7	1	0.746251106262
1	1	0.879477024078
1	1	1.13284182549
1	1	0.946100950241
1	1	0.573371887207
1	1	0.586147069931
1	1	0.599555015564
1	1	0.679476976395
1	1	0.599525928497
1	1	0.612894058228
1	1	0.560069799423
1	1	0.519988059998
1	1	0.559980869293
1	1	0.519953966141
1	1	0.666593074799
1	1	0.719522953033
1	1	0.679486989975
1	1	0.599438905716
1	1	0.599543094635
1	1	0.54666185379
1	1	0.600018024445
1	1	0.546617984772
1	1	0.60006403923
1	1	0.932793855667
1	1	0.559456825256
1	1	0.626225948334
1	1	0.546480894089
1	1	0.759994029999
1	1	0.679619073868
1	1	0.626183986664
1	1	0.572742938995
1	1	0.546031951904
1	1	0.679494857788
1	1	0.612923145294
1	1	0.506630897522
1	1	0.57333111763
1	1	0.560029029846
1	1	0.693298101425
1	1	0.453273057938
1	1	0.866007089615
1	1	0.599545001984
1	1	0.519491910934
1	1	0.74622297287
1	1	0.546672105789
1	1	0.520009994507
1	1	0.506633043289
1	1	0.746403932571
1	1	0.546159029007
1	1	0.652780056
1	1	0.652718067169
1	1	0.546071052551
1	1	0.599546909332
1	1	0.493273973465
1	1	0.520009040833
1	1	0.679988861084
1	1	0.786211967468
1	1	0.746136188507
1	1	0.559439182281
1	1	0.626180887222
1	1	0.599834918976
1	1	0.586720943451
1	1	0.693354129791
1	1	0.652866125107
1	1	0.572819948196
1	1	0.532700061798
1	1	0.532848834991
1	1	0.532713890076
1	1	1.06613206863
1	1	1.19945907593
1	1	0.773291110992
1	1	0.613321065903
1	1	0.63954615593
1	1	0.692893981934
1	1	0.626135826111
1	1	0.6661028862
1	1	0.573273181915
1	1	0.600014209747
1	1	0.559981822968
1	1	0.573434114456
1	1	0.533296108246
1	1	0.679465055466
1	1	0.412765979767
1	1	0.586199998856
1	1	0.599461078644
1	1	0.586144924164
1	1	1.50561881065
1	1	0.546194076538
1	1	0.839509963989
1	1	0.932779788971
1	1	0.7995429039
1	1	0.559924125671
1	1	0.600044965744
1	1	0.826190948486
1	1	2.11905097961
1	1	0.892945051193
1	1	0.919498205185
1	1	0.746353149414
1	1	0.640002012253
1	1	0.639652967453
1	1	0.559533119202
1	1	0.53283405304
1	1	0.692903995514
1	1	0.519520998001
1	1	0.586243867874
1	1	0.573074102402
1	1	0.653383970261
1	1	0.626746177673
1	1	0.759590864182
1	1	0.572896957397
1	1	0.572876930237
1	1	0.586192131042
1	1	0.586146831512
1	1	0.519533872604
1	1	0.652992010117
1	1	1.29273700714
1	1	0.5328540802
1	1	0.532987117767
1	1	0.479803085327
1	1	0.533201932907
1	1	0.586649179459
1	1	0.733273029327
1	1	0.666171073914
1	1	0.586193084717
1	1	0.666157960892
1	1	0.626138925552
1	1	0.546298980713
1	1	0.573272943497
1	1	0.59997010231
1	1	0.746824979782
1	1	1.35946798325
1	1	0.866300106049
1	1	0.772847890854
1	1	0.639678001404
1	1	0.760093927383
1	1	1.10619401932
1	1	0.639737129211
1	1	0.599988937378
1	1	0.599939107895
3	1	0.946216821671
3	1	0.599467992783
3	1	0.959532976151
3	1	0.746282815933
3	1	0.492941856384
3	1	0.532860994339
3	1	0.492864131927
3	1	0.612867832184
3	1	0.519444942474
3	1	0.546107053757
3	1	0.572772979736
3	1	0.51954293251
3	1	0.519487142563
3	1	0.772876024246
3	1	0.506670951843
3	0	0.493451118469
3	1	0.63996219635
3	1	0.480000019073
3	1	0.533308982849
3	1	0.493290901184
3	1	0.440020799637
3	1	0.520055055618
3	1	0.560013055801
3	1	0.413201093674
3	1	0.453338861465
3	1	0.533344984055
3	1	0.493260145187
3	1	0.692903995514
3	0	0.479619979858
3	1	0.546130180359
3	0	0.519505977631
3	1	2.17229390144
3	1	1.09275197983
3	1	0.719424009323
3	1	0.693176031113
3	1	0.573345184326
3	1	1.15941095352
3	1	0.600027799606
3	1	0.573345899582
3	1	1.45285701752
3	1	0.573373794556
3	1	0.479973077774
3	1	0.706463098526
3	1	0.546303987503
3	1	0.493062019348
3	1	0.679504156113
3	1	0.73278093338
3	1	0.492995023727
3	1	0.559663057327
3	1	0.51981306076
3	1	0.586629152298
3	1	1.35945320129
3	1	0.639845132828
3	1	0.520043134689
3	1	0.520066976547
3	1	0.480042934418
3	1	0.613343954086
3	1	0.479926109314
3	1	0.466606140137
3	1	0.586627960205
3	1	0.493352890015
3	1	0.506732940674
3	1	0.479981184006
3	1	0.533387899399
3	1	0.520029067993
3	1	0.519789934158
3	1	0.506341934204
3	1	1.27941703796
3	1	1.07938814163
3	1	0.519484996796
3	1	0.906134128571
3	1	0.533320188522
3	1	0.506657123566
3	1	0.54661488533
3	1	0.506633996964
3	1	0.559773921967
3	1	0.746293067932
3	1	0.479578018188
3	1	0.5460729599
3	1	0.481742143631
3	1	0.572889089584
3	1	0.719532012939
3	1	0.546640872955
3	1	0.506659030914
3	1	0.639950037003
3	1	0.706395149231
3	1	0.519545078278
3	1	0.506305932999
3	1	0.47965502739
3	1	0.453104972839
3	1	0.493100881577
3	1	0.426692008972
3	1	0.892823219299
3	1	0.532835006714
3	1	0.51943397522
3	1	0.626078128815
3	1	0.826561927795
3	1	1.46615004539
3	1	0.533264875412
3	1	0.613159179688
3	1	0.652861118317
3	1	0.679499149323
3	1	0.572828054428
3	1	0.479460000992
3	1	0.452840089798
3	1	0.51941204071
3	1	0.586180925369
3	1	0.479762077332
3	1	0.946308851242
3	1	0.879454135895
3	1	0.586051940918
3	1	0.652863025665
3	1	0.506750822067
3	1	0.626579999924
3	1	0.546624898911
3	1	0.666703939438
3	1	0.559694051743
3	1	0.546255111694
3	1	0.786195039749
3	1	0.599585056305
3	1	0.59960603714
3	1	0.613290071487
3	1	0.773256063461
3	1	0.546381235123
3	1	0.532919168472
3	1	0.759575843811
3	1	0.5594830513
3	1	0.492830038071
3	1	0.506213903427
3	1	0.506084918976
3	1	1.11909413338
3	1	0.746110916138
3	1	0.666115999222
3	1	0.612984895706
3	1	0.693350791931
3	1	0.640005111694
3	1	0.559696912766
3	1	0.639545917511
3	1	0.799466848373
3	1	0.54620885849
2	1	0.773165941238
2	1	0.519650936127
2	1	0.666189908981
2	1	0.519490003586
2	1	0.932831048965
2	1	0.852973937988
2	1	0.612838029861
2	1	0.559531927109
2	1	0.559566020966
2	1	0.599527835846
2	1	0.466032981873
2	1	0.452814102173
2	1	1.37224698067
2	1	0.492879152298
2	1	0.799529075623
2	1	0.639831066132
2	1	0.626710176468
2	1	1.26615190506
2	1	0.533296823502
2	1	0.613312959671
2	1	0.586694955826
2	1	0.573392868042
2	1	0.479995012283
2	1	0.652976036072
2	1	0.492907047272
2	1	0.572895050049
2	1	0.599445104599
2	1	0.546055078506
2	1	2.97188806534
2	1	0.892921209335
2	1	0.612809896469
2	1	0.599516868591
2	1	1.98559498787
2	1	0.719545125961
2	1	2.49183893204
2	1	0.626215934753
2	1	0.652812957764
2	1	0.572808980942
2	1	0.653034925461
2	1	2.05233097076
2	1	3.29158306122
2	1	0.692712068558
2	1	0.586141824722
2	1	0.719536066055
2	1	0.733167171478
2	1	0.959511995316
2	1	0.652826786041
2	1	0.719480037689
2	1	0.839886903763
2	1	0.679486036301
2	1	0.826238155365
2	1	3.07827377319
2	1	0.652777910233
2	1	0.692817211151
2	1	3.03824996948
2	1	0.559611797333
2	1	0.57284784317
2	1	0.719413995743
2	1	0.4927110672
2	1	0.546076059341
2	1	0.77281999588
2	1	1.22631597519
2	1	0.546190023422
2	1	0.586351156235
2	1	0.520007133484
2	1	0.466665029526
2	1	1.01273989677
2	1	0.546241998672
2	1	0.559525966644
2	1	0.599442005157
2	1	0.492712974548
2	1	0.546133041382
2	1	0.532832145691
2	1	0.572834968567
2	1	0.533085107803
2	1	0.439821958542
2	1	0.439691066742
2	1	0.506207942963
2	1	0.86607003212
2	1	0.533311128616
2	1	0.506723165512
2	1	0.573471069336
2	1	0.626152992249
2	1	0.786085128784
2	1	0.559449911118
2	1	0.506078958511
2	1	0.47961306572
2	1	0.546101093292
2	1	0.573086977005
2	1	0.720021009445
2	1	0.533278942108
2	1	0.453326940536
2	1	0.426575899124
2	1	0.373296022415
2	1	0.439982891083
2	0	0.373293876648
2	1	0.492865085602
2	1	0.506138801575
2	1	0.47948384285
2	1	0.585974931717
2	1	0.479825973511
2	1	0.493185043335
2	1	1.26600503922
2	1	0.652806043625
2	1	0.572868108749
2	1	0.666539907455
2	1	0.506724834442
2	1	1.0928812027
2	1	0.652897119522
2	1	0.613163948059
2	1	2.86559200287
2	1	2.26561188698
2	1	1.11953186989
2	1	1.06613898277
2	0	1.73236489296
2	1	1.19944596291
2	1	1.13282489777
2	1	0.933072090149
2	1	0.85276889801
2	1	1.39902281761
2	1	0.839560985565
2	1	0.946369171143
2	0	1.585709095
2	1	4.9040491581
2	1	1.59940505028
5	1	0.986181020737
5	1	0.732895851135
5	1	0.54615187645
5	1	0.492834091187
5	1	0.626217842102
6	1	0.653071880341
5	1	0.559946060181
6	1	0.533312797546
6	1	0.520028114319
5	1	0.53338599205
5	1	0.613242149353
6	1	0.506544113159
5	1	0.572924137115
5	1	0.492972135544
6	1	0.479619026184
6	1	0.492989063263
6	1	0.493017911911
5	1	0.63952422142
5	1	0.559526920319
6	1	0.732928991318
6	1	0.706466913223
5	1	0.573369026184
6	1	0.58657002449
6	1	1.2129099369
6	1	0.466763973236
5	1	0.573385953903
6	1	0.613400936127
5	1	0.759597063065
5	1	0.532835960388
6	1	0.586147785187
5	1	0.639537096024
5	1	0.506089925766
5	1	0.612806081772
5	1	0.839631080627
5	1	0.546548843384
5	1	0.573251008987
5	1	0.493294000626
6	1	0.466656923294
6	1	0.573271989822
5	1	1.35948801041
5	1	0.559991121292
6	1	0.520018815994
6	1	0.74613904953
6	1	1.33239293098
5	1	0.786135911942
6	1	0.612896203995
6	1	0.666297197342
6	1	0.600073099136
6	1	0.626749992371
5	1	0.653265953064
5	1	0.546219110489
6	1	1.62556815147
5	1	0.559439182281
5	1	1.05272388458
5	1	0.746024131775
5	1	0.559425115585
6	1	0.626188993454
6	1	0.572780132294
5	1	0.612701892853
5	1	0.612991094589
5	1	0.639989852905
6	1	1.02615404129
5	1	0.679600954056
6	1	0.586293935776
6	1	0.559972047806
6	1	0.560040950775
5	1	0.559996843338
6	1	0.573288202286
6	1	1.30613493919
6	1	0.53324007988
6	1	0.559895992279
6	1	0.533371210098
5	0	0.50679397583
5	1	0.666399002075
6	1	0.546118974686
6	1	0.692806005478
6	1	0.559514045715
6	1	0.826112031937
5	1	0.600034952164
6	1	0.626553058624
6	1	0.906276941299
5	1	0.546187877655
6	1	0.572777032852
6	1	0.546154975891
6	1	0.559677124023
5	1	0.5865650177
5	1	1.01285386086
5	1	0.559607028961
6	1	0.519490003586
5	1	0.559432029724
6	1	0.532828092575
5	1	0.586150884628
5	1	0.546196937561
6	1	0.506390094757
5	1	0.533270120621
5	1	0.53328704834
5	1	0.613285779953
5	1	0.533322095871
6	0	0.640002965927
5	1	0.453260183334
6	1	0.546607971191
5	1	0.986222982407
6	1	0.51958990097
6	1	0.692882061005
6	1	0.626659154892
6	1	0.639955997467
5	1	0.612946033478
6	1	0.572811126709
6	1	0.559481859207
6	1	0.533022165298
6	1	0.54617190361
5	1	0.692811965942
6	1	0.559658050537
6	1	0.933193206787
5	1	2.46554398537
6	1	0.652803897858
5	1	0.532779932022
5	1	1.0395321846
6	1	1.58618688583
6	1	0.586673021317
6	1	0.919523000717
6	1	3.67803692818
6	1	0.693242073059
6	1	1.11961102486
6	1	3.86476206779
5	1	0.64000082016
6	1	0.692853927612
6	1	0.746221065521
5	1	1.62566399574
6	1	1.07921695709
6	1	1.49250912666
6	1	0.692939043045
6	1	0.786205053329
7	1	0.544713973999
8	1	0.444442987442
7	1	0.587739944458
8	1	0.522855043411
8	1	0.492150783539
7	1	0.473821163177
8	1	0.440831899643
8	1	0.485356807709
8	1	0.47333407402
7	1	0.433516025543
7	1	0.469401836395
7	1	0.435060977936
7	1	0.427444934845
8	1	0.491430044174
8	1	0.433871984482
8	1	0.714928150177
8	1	0.547178983688
7	1	0.458352088928
8	1	0.460172891617
8	0	0.419061899185
8	1	1.17289304733
8	1	0.594362974167
8	1	0.537520885468
8	1	0.453038930893
8	1	0.464581012726
7	1	1.94897699356
8	1	0.552500009537
7	1	0.506561040878
8	1	0.453695058823
7	1	0.552031993866
7	1	0.460391044617
8	1	0.507014989853
8	1	0.443378925323
8	1	0.618782997131
8	1	0.420790195465
7	1	0.435578107834
8	1	0.489328145981
7	1	0.900278091431
8	1	0.548053979874
8	1	0.985780954361
7	1	0.532243013382
7	1	0.505509853363
7	1	0.540318965912
8	1	0.475096940994
8	1	0.459657907486
7	1	0.48516201973
7	1	0.489166975021
8	1	0.564476966858
8	1	0.474990844727
7	1	0.514885902405
7	1	0.728358983994
8	1	0.540912866592
7	1	0.658762931824
7	1	0.505782842636
7	1	0.653818130493
7	1	0.579345226288
7	1	0.54761505127
8	1	0.506634950638
7	1	0.85728096962
7	1	0.51481795311
8	1	0.585268974304
8	1	0.507902860641
7	1	0.674604892731
7	1	1.26722717285
7	1	0.499660968781
8	1	0.457973003387
8	1	0.571213006973
8	1	0.475847959518
7	1	1.908203125
8	1	0.585570812225
8	1	0.467168092728
8	1	0.513250112534
7	1	0.659685850143
7	1	0.602370977402
8	1	0.572708845139
8	1	0.793951034546
7	1	0.571988105774
8	1	0.593950033188
7	1	0.747018814087
8	1	0.500048875809
7	1	0.826459169388
7	1	0.652846097946
8	1	0.464257001877
7	1	1.55494093895
7	1	0.523119926453
8	1	0.653856039047
7	1	0.625051021576
8	1	0.604012966156
7	1	0.537636041641
7	1	0.618849992752
8	1	0.692232131958
8	1	0.690880060196
7	1	0.607792854309
7	1	0.56419801712
8	1	0.565030097961
7	1	0.561554908752
8	1	0.584514141083
8	1	0.525123119354
7	1	0.441572189331
8	1	0.489534139633
7	1	0.499679088593
7	1	0.557349920273
7	1	1.09788990021
8	1	0.532485961914
7	1	0.555963993073
7	1	1.11360192299
8	1	0.530287027359
7	1	1.59668183327
7	1	0.619033098221
8	1	0.656808137894
8	1	0.678023815155
8	1	0.561403989792
7	1	0.813237905502
7	1	0.60107088089
8	1	0.516202926636
8	1	0.720610141754
7	1	0.82706284523
8	1	0.659102201462
7	1	0.603042125702
7	1	0.531636953354
8	1	0.909216880798
7	1	0.553850889206
7	1	0.698022842407
7	1	0.484981060028
8	1	0.595893144608
8	1	0.6275370121
7	1	0.524183988571
7	1	0.499330043793
8	1	0.931553125381
7	1	1.37685704231
8	1	0.532735824585
7	1	0.634820222855
7	1	1.14667010307
7	1	0.555508136749
7	1	2.82845687866
7	1	0.977609872818
7	1	1.19687414169
8	1	1.88295292854
4	1	0.900111913681
4	1	0.634021997452
4	1	0.779702186584
4	1	0.539222002029
4	1	0.61870598793
4	1	0.506437063217
4	1	0.717277050018
4	1	0.540005922318
4	1	0.569594860077
4	1	0.572513103485
4	1	0.521628856659
4	1	0.530625104904
4	1	0.514794111252
4	1	0.54000210762
4	1	0.454102993011
4	1	0.618709087372
4	1	0.728672981262
4	1	0.564687013626
4	1	1.02030396461
4	1	0.604467153549
4	1	0.562076091766
4	1	0.650512218475
4	1	0.60321688652
4	1	0.738966941833
4	1	0.52943110466
4	1	0.834870100021
4	1	0.653898954391
4	1	0.568991184235
4	1	0.636428117752
4	1	0.571270942688
4	1	0.512821912766
4	1	0.509984016418
4	1	0.531580924988
4	1	0.57940196991
4	1	0.60306596756
4	1	0.492136955261
4	1	0.512914180756
4	1	0.71789598465
4	1	0.586040019989
4	1	0.731662988663
4	1	0.62771987915
4	1	0.539861917496
4	1	0.729489803314
4	1	0.627898216248
4	1	0.58025598526
4	1	0.69632601738
4	1	0.818796157837
4	1	0.643257856369
4	1	0.892049074173
4	1	0.531579971313
4	1	0.514491081238
4	1	0.572041988373
4	1	0.504259109497
4	1	0.525610923767
4	1	0.554188013077
4	1	0.706129074097
4	1	0.724312067032
4	1	0.644359111786
4	1	0.696964025497
4	1	0.605463981628
4	1	0.553480863571
4	1	1.04097080231
4	1	1.29255509377
4	1	0.492741107941
4	1	0.618473052979
4	1	0.529935121536
4	1	0.55669593811
4	1	0.498404979706
4	1	0.594527006149
4	1	0.754990100861
4	1	0.515064954758
4	1	0.52917098999
4	1	0.988216876984
4	1	0.523825883865
4	1	0.979044914246
4	1	0.546212911606
4	1	0.53892493248
4	1	0.707588911057
4	1	0.728908061981
4	1	0.508190870285
4	1	0.553133010864
4	1	1.25225400925
4	1	0.794528961182
4	1	0.507688999176
4	1	0.739964962006
4	1	0.753582000732
4	1	0.49077796936
4	1	0.891980886459
4	1	0.664248943329
4	1	0.660127162933
4	1	0.659356832504
4	1	0.610502958298
4	1	0.586871147156
4	1	0.637056827545
4	1	0.593328952789
4	1	0.565660953522
4	1	0.611055135727
4	1	0.60049700737
4	1	0.53368806839
4	1	0.584457874298
4	1	2.14970612526
4	1	0.777073860168
4	1	0.778562784195
4	1	0.522825956345
4	1	0.579454898834
4	1	0.506021976471
4	1	3.2264521122
4	1	0.564298868179
4	1	0.613147974014
4	1	0.890054941177
4	1	0.979398965836
4	1	0.907855987549
4	1	0.754180908203
4	1	0.556705951691
4	1	0.531294107437
4	1	0.674850940704
4	1	0.580377101898
4	1	1.17121911049
4	1	0.562107086182
4	1	0.659673929214
4	1	0.618443965912
4	1	1.15410900116
4	1	0.563443899155
4	1	0.564154148102
4	1	0.827804803848
4	1	1.55544090271
4	1	0.762891054153
4	1	0.723197937012
4	1	1.66442584991
4	1	0.587504863739
4	1	0.696957111359
4	1	0.667364120483
4	1	0.692667961121
4	1	0.594349145889
4	1	0.730694055557
4	1	0.642132997513
8	1	0.820914030075
8	1	0.535960912704
8	1	0.490227937698
8	1	0.444237947464
7	1	0.512305021286
8	1	0.468393087387
8	1	0.691235780716
7	1	0.436482906342
8	1	0.425961017609
8	1	0.92391705513
7	1	0.460260152817
7	1	0.522896051407
8	1	0.96365904808
8	1	0.538389921188
8	1	0.523454904556
8	1	0.497780799866
7	1	0.653479099274
8	1	0.497133970261
7	1	7.06069302559
7	1	1.61735105515
7	1	0.716331005096
8	1	0.723917961121
7	1	0.818922042847
8	1	0.579858779907
7	1	0.545219182968
7	1	0.884756088257
7	1	0.717031002045
8	1	0.641309022903
8	1	0.628484964371
8	1	0.658382177353
7	1	0.588298082352
7	1	1.09032988548
7	1	0.571347951889
8	1	0.610533952713
8	1	0.594606876373
8	1	0.595796108246
7	1	1.18767499924
7	1	0.515776157379
8	1	0.616723060608
7	1	0.732156991959
8	1	0.514932870865
8	1	0.923153877258
7	1	0.482769012451
7	1	0.467139005661
8	1	0.481700897217
7	1	0.501917123795
7	1	0.490521907806
7	1	0.49785399437
7	1	0.459949016571
7	1	0.418829202652
7	1	0.52247095108
7	1	0.529809951782
7	1	0.443331956863
8	1	0.483821153641
8	1	0.451042890549
8	1	0.50635099411
7	1	0.659883975983
8	1	0.473258018494
8	1	0.483023166656
7	1	0.468622922897
8	1	0.515671014786
7	1	0.433506965637
8	1	0.469298839569
7	1	0.481904029846
8	1	0.482439041138
7	1	0.731153964996
7	1	0.42641210556
7	1	0.404883861542
7	1	0.505872964859
8	1	0.450511932373
7	1	0.459537982941
7	1	0.460593938828
7	1	0.507695913315
8	1	0.490109920502
7	1	0.513997077942
7	1	0.867825031281
7	1	0.505610942841
7	1	0.451130151749
8	1	0.540474891663
7	1	0.536617994308
7	1	0.523133039474
7	1	0.508502960205
8	1	0.468306779861
7	1	0.516716003418
8	1	0.776183128357
7	1	0.547144889832
8	1	0.574051141739
8	1	0.575914144516
8	1	0.516593933105
8	1	0.979147911072
8	1	0.748254060745
7	1	0.569533824921
7	1	0.507200956345
7	1	0.515137910843
7	1	0.738110780716
8	1	0.588723897934
8	1	0.610144853592
7	1	0.529732942581
7	1	0.555751085281
7	1	0.529546022415
8	1	0.581351995468
7	1	0.609332084656
8	1	2.05016994476
7	1	0.747595071793
7	1	0.84389591217
8	1	0.611681222916
8	1	0.709267854691
8	1	0.539261817932
7	1	0.523257017136
7	1	0.570243835449
7	1	0.680123806
7	1	0.689869165421
8	1	0.890999078751
8	1	0.618968963623
7	1	0.547344923019
7	1	0.652937889099
8	1	0.546076059341
8	1	0.553535223007
7	1	2.01871204376
7	1	0.570208072662
7	1	0.884434938431
8	1	0.554033994675
8	1	0.668296813965
7	1	1.31273388863
8	1	0.483635902405
8	1	0.81193113327
7	1	0.586585998535
8	1	0.554468154907
7	1	0.898241043091
8	1	0.564285993576
8	1	0.50007390976
7	1	0.460390806198
8	1	0.449380159378
7	1	0.428462982178
8	1	0.378351926804
7	1	0.588340997696
8	1	0.468240022659
7	1	0.452510118484
1	1	0.787528991699
1	1	0.493266105652
1	1	0.409817934036
1	1	0.460224151611
1	1	0.481955051422
1	1	0.421472072601
1	1	0.546000003815
1	1	0.48907494545
1	1	0.522083044052
1	1	0.429615974426
1	1	0.427515029907
1	1	0.4510679245
1	1	0.489872932434
1	1	0.491872787476
1	1	0.44427895546
1	1	0.66895198822
1	1	0.514150857925
1	1	0.432840824127
1	1	0.604346990585
1	1	1.30685305595
1	1	0.418814897537
1	1	0.490031957626
1	1	0.500928878784
1	1	0.491209030151
1	1	0.453933000565
1	1	0.505921125412
1	1	0.514461040497
1	1	0.516499996185
1	1	0.553848028183
1	1	0.538942098618
1	1	0.502093076706
1	1	0.522824048996
1	1	0.490063905716
1	1	0.505209922791
1	1	0.563643932343
1	1	0.547701120377
1	1	0.458644151688
1	1	0.578731060028
1	1	0.531512022018
1	1	0.692123889923
1	1	0.52043390274
1	1	0.533312082291
1	1	0.513787984848
1	1	0.518187046051
1	1	0.45020198822
1	1	0.435637950897
1	1	0.451612949371
1	1	0.539900064468
1	1	0.449419975281
1	1	0.507649898529
1	1	0.443521976471
1	1	0.463844060898
1	1	0.725547075272
1	1	0.464462995529
1	1	0.443564891815
1	1	0.476602077484
1	1	0.490593194962
1	1	0.618690013885
1	1	0.50400519371
1	1	0.541523933411
1	1	0.530827999115
1	1	0.474214076996
1	1	0.505817174911
1	1	0.498181819916
1	1	0.817713975906
1	1	0.837568044662
1	1	0.698844909668
1	1	0.50658416748
1	1	0.585752010345
1	1	0.514301776886
1	1	0.506751060486
1	1	0.821475028992
1	1	0.505813121796
1	1	0.547122001648
1	1	0.577196121216
1	1	0.515855073929
1	1	0.554256916046
1	1	0.722908973694
1	1	0.466078996658
1	1	0.813303947449
1	1	1.93735098839
1	1	0.492131948471
1	1	0.444032907486
1	1	0.457633972168
1	1	0.531494140625
1	1	0.658874034882
1	1	0.706825017929
1	1	0.561800956726
1	1	0.477675914764
1	1	0.592449903488
1	1	0.506865978241
1	1	0.619014978409
1	1	0.523524999619
1	1	0.52969789505
1	1	0.509500980377
1	1	0.466177940369
1	1	0.475019931793
1	1	0.474837064743
1	1	0.443788051605
1	1	0.554867982864
1	1	0.445522069931
1	1	0.880575895309
1	1	0.540520906448
1	1	0.531774044037
1	1	0.579201936722
1	1	0.693228960037
1	1	0.456902980804
1	1	0.427621841431
1	1	0.450078010559
1	1	0.564064025879
1	1	0.413161039352
1	1	0.400382995605
1	1	0.444370031357
1	1	0.410725831985
1	1	0.443331003189
1	1	0.713891983032
1	1	0.476191997528
1	1	0.490735054016
1	1	0.459913015366
1	1	0.50696015358
1	1	0.466756820679
1	1	0.54691195488
1	1	0.409277915955
1	1	0.476443052292
1	1	0.484134912491
1	1	0.571753025055
1	1	0.506600141525
1	1	0.479817867279
1	1	0.475389003754
1	1	0.45116186142
1	1	0.53155207634
1	1	0.489613056183
1	1	0.443153142929
1	1	0.64276099205
1	1	0.450716972351
1	1	0.578863859177
1	1	0.427102088928
1	1	0.612627029419
1	1	0.514528036118
1	1	0.473209857941
1	1	0.468822956085
1	1	0.515084028244
1	1	0.44401216507
1	1	0.441924095154
1	1	0.493260145187
1	1	0.401613950729
1	1	0.461319923401
3	1	0.852684020996
3	1	0.442819833755
3	1	0.380677938461
3	1	0.47488284111
3	1	0.426769971848
3	1	0.448679924011
3	1	0.442709922791
3	1	0.489964008331
3	1	0.501261949539
3	1	0.452167987823
3	1	0.464405059814
3	1	0.493571043015
3	1	0.650892019272
3	1	0.818938970566
3	1	0.411364078522
3	1	0.443930864334
3	1	0.39185500145
3	1	0.418890953064
3	1	0.443586111069
3	1	0.427241802216
3	1	0.467350959778
3	1	0.506216049194
3	1	0.401262998581
3	1	0.443228960037
3	1	0.47656917572
3	1	0.570336103439
3	1	0.396259069443
3	1	0.473901033401
3	1	0.428560018539
3	1	0.456712007523
3	1	0.427661180496
3	1	0.403475046158
3	1	0.420684099197
3	1	0.490723133087
3	1	0.378832101822
3	1	0.421061992645
3	1	0.442981004715
3	1	0.45138502121
3	1	0.465774774551
3	1	0.405321121216
3	1	0.458652019501
3	1	0.369566917419
3	1	0.41240811348
3	1	0.379214048386
3	1	0.473677158356
3	1	0.39439201355
3	1	0.402918100357
3	1	0.526841163635
3	1	0.378880023956
3	1	0.537985086441
3	1	0.472887992859
3	1	0.541517972946
3	1	0.473181962967
3	1	0.443979978561
3	1	0.459887981415
3	1	0.643605947495
3	1	0.514171123505
3	1	0.465948104858
3	1	0.501160860062
3	1	0.450099945068
3	1	0.538581848145
3	1	0.468688011169
3	1	0.488228797913
3	1	0.609607934952
3	1	0.499524116516
3	1	0.538443088531
3	1	0.510231018066
3	1	0.561892032623
3	1	0.485012054443
3	1	0.506578922272
3	1	0.531272888184
3	1	0.459553003311
3	1	0.51442193985
3	1	0.613605976105
3	1	0.561354160309
3	1	0.514965057373
3	1	0.492695093155
3	1	0.484227180481
3	1	0.419381141663
3	1	0.450359106064
3	1	0.762263059616
3	1	0.410778045654
3	1	0.676182031631
3	1	0.514126062393
3	1	0.53644990921
3	1	0.509292840958
3	1	0.508471012115
3	1	0.490094900131
3	1	0.481724023819
3	1	0.508267879486
3	1	0.433650970459
3	1	0.54896903038
3	1	0.412566184998
3	1	0.450661897659
3	1	0.466011047363
3	1	0.458944797516
3	1	0.413119077682
3	1	0.465654850006
3	1	0.380813837051
3	0	0.505487918854
3	1	0.404588937759
3	1	0.586333990097
3	1	0.571499824524
3	1	0.5159740448
3	1	0.634016036987
3	1	0.466958045959
3	1	0.418200969696
3	1	0.462016105652
3	1	0.465759992599
3	1	0.424559116364
3	1	0.430005073547
3	1	0.7950091362
3	1	0.498440027237
3	1	0.425375938416
3	1	0.477550029755
3	1	0.450512170792
3	1	0.578846931458
3	1	0.444275856018
3	1	0.626027822495
3	1	0.420174837112
3	1	0.489659786224
3	1	0.444052934647
3	1	0.475361824036
3	1	0.457914113998
3	1	0.395741939545
3	1	0.412449121475
3	1	0.47509598732
3	1	0.562193155289
3	1	0.4021089077
3	1	0.59396314621
3	1	0.459431886673
3	1	0.547922849655
3	1	0.498775005341
3	1	0.578723907471
3	1	0.595309972763
3	1	0.402097940445
3	1	0.523498058319
3	1	0.459427118301
3	1	0.466758966446
3	1	0.514856100082
3	1	0.507515907288
3	1	0.668762207031
3	1	0.520744085312
3	1	0.467703819275
3	1	0.464588880539
3	1	0.468842983246
3	1	0.505787134171
3	1	0.411935091019
3	1	0.442328929901
3	1	0.499841213226
6	1	0.97946190834
6	1	0.739764928818
5	1	0.442440986633
5	1	0.46518611908
6	1	0.435685157776
6	1	0.421277046204
5	1	0.499891996384
6	1	0.563185930252
5	1	0.538365840912
5	1	0.459051847458
5	1	0.618949890137
6	1	0.458050966263
6	1	0.467264175415
5	1	0.475964069366
5	1	0.433735132217
5	1	0.741780042648
5	1	0.346192121506
5	1	0.355714082718
5	1	0.442626953125
6	1	0.426836967468
5	1	0.516131162643
6	1	0.522907972336
5	1	0.520127058029
6	1	0.60413813591
5	1	0.445197105408
5	1	0.458046197891
6	1	0.514517068863
6	1	0.525181055069
5	1	0.554476976395
6	1	0.419193029404
6	1	0.570996046066
6	1	0.468845129013
5	1	0.44239783287
5	1	0.500319004059
6	1	0.450669050217
5	1	0.585702896118
5	1	0.491014957428
5	1	0.548696041107
6	1	0.498131036758
5	1	0.665199995041
5	1	0.586717844009
5	1	0.459403038025
6	1	0.396325111389
5	1	0.401391029358
5	1	0.420049905777
6	1	0.410509824753
5	1	0.396914958954
6	1	0.385358810425
6	1	0.492701053619
6	1	0.491171121597
5	1	0.51556801796
5	1	0.466423988342
6	1	0.60089802742
5	1	0.484100818634
6	1	0.411339998245
5	1	0.699100017548
6	1	0.396133899689
5	1	0.403903007507
5	1	0.52247595787
5	1	0.449162006378
5	1	0.411772012711
5	1	0.43559384346
6	1	0.451350927353
6	1	0.565154075623
5	1	0.49920296669
6	1	0.475094079971
6	1	0.488639116287
5	1	0.546528100967
6	1	0.58625292778
6	1	0.730236053467
5	1	0.44385099411
6	1	0.57115316391
5	1	0.483538150787
6	1	0.467562913895
5	1	0.698539972305
6	1	0.482244968414
5	1	0.553348064423
5	1	0.531485080719
5	1	0.460525989532
5	1	0.635447025299
6	1	0.466722011566
6	1	0.490924119949
5	1	0.492443084717
5	1	0.546737909317
5	1	0.560334920883
5	1	0.500433921814
6	1	0.570559024811
5	1	0.578586101532
6	1	0.557777166367
6	1	0.42560005188
6	1	1.03696513176
5	1	0.418645858765
5	1	0.498427867889
5	1	0.490506887436
5	1	0.411056041718
5	1	1.08239293098
6	1	1.09882378578
5	1	0.642023086548
6	1	0.532407045364
6	1	0.568562030792
6	1	0.63630604744
5	1	0.491890192032
5	1	0.960698127747
6	1	0.44490814209
5	1	0.506341934204
5	1	0.451277971268
5	1	0.524984121323
5	1	0.529500961304
6	1	0.477211952209
6	1	0.600907087326
6	1	0.659268856049
6	1	0.452361822128
6	1	0.482604980469
5	1	0.44388794899
6	1	0.45864200592
6	1	0.411432027817
6	1	0.497393131256
5	1	0.411505937576
6	1	0.433670043945
6	1	0.46037197113
6	1	0.450213909149
5	1	0.497031927109
5	1	0.378062963486
5	1	0.380481004715
5	1	0.42597413063
5	1	0.501363039017
6	1	0.63200879097
5	1	0.4853951931
6	1	0.506697893143
5	1	0.514945983887
6	1	0.52942109108
5	1	0.46884393692
5	1	0.476227998734
6	1	0.409100055695
6	1	0.386680841446
5	1	0.385120868683
6	1	0.470093011856
5	1	0.433333158493
6	1	0.65342092514
5	1	0.352294921875
5	1	0.403709888458
6	1	0.452267885208
5	1	0.818341016769
6	1	0.499109983444
6	1	0.468174934387
5	1	0.704805850983
5	1	0.453202009201
5	1	0.452219963074
5	1	0.978541851044
6	1	0.532074928284
5	1	0.490402936935
5	1	0.446485042572
5	1	0.456829071045
5	1	0.55625295639
5	1	0.666652917862
6	1	0.424972057343
5	1	0.594662904739
5	0	0.673968791962
6	1	0.413557052612
5	1	0.427083969116
5	1	0.649060964584
6	1	0.434213161469
5	1	0.442718029022
5	1	0.476834058762
5	1	0.491050958633
6	1	0.393588066101
6	1	0.452535867691
5	1	0.386858940125
6	1	0.514138221741
5	1	0.482856988907
5	1	0.397468090057
5	1	0.392426013947
5	1	0.429326057434
5	1	0.489866018295
5	1	0.653268814087
6	1	0.537518024445
6	1	0.450032949448
5	1	0.460035085678
5	1	0.482861042023
6	1	0.524339914322
6	1	0.493121147156
5	1	0.449321985245
6	1	0.515131950378
6	1	0.468681097031
6	1	0.410166025162
6	1	0.445270776749
6	1	0.417418003082
6	1	0.507954120636
5	1	0.498151063919
5	1	0.531666994095
6	1	0.547759056091
6	1	0.489759922028
5	1	0.498783826828
6	1	0.483438968658
6	1	0.417757987976
6	1	0.563319921494
6	1	0.44916510582
6	1	0.418618917465
6	1	0.522218942642
5	1	0.622510910034
5	1	0.503961086273
5	1	0.419361114502
6	1	0.445374965668
5	1	0.570357084274
5	1	0.555714130402
6	1	0.474617004395
5	1	0.450850963593
6	1	0.515963077545
6	1	0.418023109436
6	1	0.418065071106
5	1	0.643906116486
5	0	0.729971885681
6	1	0.451980113983
6	1	0.442682027817
5	1	0.513262987137
5	1	0.714999914169
6	1	0.733369112015
5	1	0.459754943848
5	1	0.444286108017
6	1	0.472119092941
6	1	0.571069002151
6	1	0.436299085617
6	1	0.380231142044
6	1	0.417767047882
5	1	0.490880966187
6	1	0.467762947083
5	1	0.499295949936
6	1	0.58754491806
5	1	0.434498071671
5	1	0.529111146927
5	0	0.529378890991
6	1	0.47447514534
5	1	0.507678985596
5	1	0.547050952911
6	1	0.483216047287
5	1	0.44176197052
6	1	0.516892910004
5	1	0.531511068344
6	1	0.458758115768
6	1	0.498312950134
5	1	0.601199865341
5	1	0.540177822113
6	1	0.435142993927
5	1	0.45271396637
5	1	0.474039077759
5	1	0.435669898987
5	1	0.467097043991
5	1	0.450484991074
5	1	0.460716962814
6	1	0.467124938965
5	1	0.433454036713
5	1	0.41947889328
6	1	0.404152870178
5	1	0.388996124268
5	1	2.04397702217
5	1	0.410981893539
5	1	0.416302919388
5	1	0.372174024582
6	1	0.378265142441
5	1	0.419594049454
5	1	0.475904941559
5	1	0.403603076935
6	1	0.393699169159
5	1	0.489504814148
6	1	0.538957118988
6	1	0.412687063217
5	1	0.848697900772
6	1	0.476495027542
6	1	0.458064079285
5	1	0.420289039612
6	1	0.37793302536
5	1	0.540246009827
6	1	0.467060089111
6	1	0.416676044464
6	1	0.475997924805
5	1	0.467247009277
5	1	0.354747056961
5	1	0.40136885643
5	1	0.515074014664
6	1	0.420188903809
6	1	0.714710950851
6	1	0.370388031006
6	1	0.436484098434
5	1	0.345301866531
6	1	0.452690124512
6	1	0.464910984039
6	1	0.363234996796
6	1	0.501457929611
5	1	0.410557985306
6	1	0.385611057281
6	1	0.371733903885
5	1	0.436362028122
5	1	0.363760948181
5	1	0.47407412529
5	1	0.41048002243
6	1	0.397423028946
6	1	0.378796100616
5	1	0.418273925781
2	1	0.637056112289
2	1	0.515821933746
2	1	0.515050888062
2	1	0.577566146851
2	1	0.466487884521
2	0	0.564337015152
2	1	0.513112783432
2	1	0.404560089111
2	1	0.424952983856
2	1	0.410669803619
2	1	0.370361089706
2	1	0.594179868698
2	1	0.361715078354
2	1	0.508656978607
2	1	0.361109018326
2	0	0.396105051041
2	1	0.416986942291
2	1	0.378089904785
2	1	0.405078172684
2	1	0.465935230255
2	1	0.484750986099
2	1	0.348445892334
2	1	0.427045106888
2	0	0.560979127884
2	1	1.73924088478
2	1	0.827555179596
2	1	0.749616861343
2	1	0.563076972961
2	1	0.818119049072
2	1	0.523645877838
2	1	0.506432056427
2	1	0.47492814064
2	1	0.46457195282
2	1	0.531666040421
2	1	0.498227119446
2	1	0.441122055054
2	1	0.539901971817
2	1	0.563332080841
2	1	0.595576047897
2	1	0.536490917206
2	1	0.467662096024
2	1	0.454250812531
2	1	0.842258930206
2	1	0.491037130356
2	1	0.427527189255
2	1	0.44922208786
2	1	0.516263008118
2	1	0.633881807327
2	1	0.645524978638
2	1	0.649727106094
2	1	0.419750928879
2	1	0.428367853165
2	1	1.10684108734
2	1	0.418138980865
2	1	0.413170099258
2	1	0.404904127121
2	1	0.57755613327
2	1	0.371725797653
2	1	0.362561941147
2	1	0.458662986755
2	1	0.468008995056
2	1	0.515085935593
2	1	0.458626031876
2	1	0.396110057831
2	1	0.393292188644
2	1	0.379359006882
2	1	0.483726978302
2	1	0.45916891098
2	1	0.547894954681
2	1	0.467624902725
2	1	0.393560171127
2	1	0.426377058029
2	1	0.499705076218
2	1	0.620512962341
2	1	0.337351083755
2	1	0.451826810837
2	1	0.369803190231
2	0	0.257787942886
2	1	0.940927028656
2	1	0.451847076416
2	1	0.369928121567
2	1	0.40367102623
2	1	0.401912212372
2	1	0.564208984375
2	1	0.625340938568
2	1	0.500066041946
2	1	0.443834066391
2	1	0.392740011215
2	1	0.412616968155
2	1	0.387348890305
2	1	0.531949996948
2	1	0.450123071671
2	1	0.526099920273
2	1	0.416948080063
2	1	0.41867685318
2	1	0.435542106628
2	1	0.716465950012
2	1	0.514362096786
2	1	0.418411970139
2	1	0.392784118652
2	1	0.45955491066
2	1	0.396757125854
2	1	0.410521030426
2	1	0.395087957382
2	1	0.412794113159
2	1	0.451514959335
2	1	0.602709054947
2	1	0.715478897095
2	1	0.509375095367
2	1	0.497976064682
2	1	0.418347120285
2	1	0.417974948883
2	1	0.732370138168
2	1	0.394325971603
2	1	0.417657852173
2	1	0.410946846008
2	1	0.418633937836
2	1	0.508630037308
2	1	0.42810177803
2	1	0.372331142426
2	1	0.379935979843
2	1	0.491681098938
2	1	0.451488018036
2	0	0.522375106812
2	1	0.514975070953
2	1	0.442120075226
2	1	0.907243013382
2	1	0.450841903687
2	1	0.636411905289
2	1	0.384517908096
2	1	0.748857975006
2	1	0.530957937241
2	1	1.49956011772
2	1	0.40177321434
2	1	0.370064973831
2	1	0.466592788696
2	1	0.397727966309
2	0	0.371999025345
2	1	0.937514066696
2	1	0.49684381485
2	1	0.429152965546
2	1	0.378257989883
2	1	0.452226161957
2	1	0.436342954636
2	1	0.643968105316
2	1	0.577435016632
2	1	0.411684036255
2	1	0.538859844208
2	1	0.563910961151
3	1	0.715997219086
3	1	0.505970954895
3	1	0.336983919144
3	1	0.37059211731
3	1	0.346568107605
3	1	0.353978157043
3	1	0.427147865295
3	1	0.530580043793
3	1	0.412788152695
3	1	0.344683885574
3	1	0.395321130753
3	1	0.418110132217
3	1	0.347232103348
3	1	0.403943061829
3	1	0.416030883789
3	1	0.427159070969
3	1	0.367866039276
3	1	0.419675111771
3	1	0.34850692749
3	1	0.377128839493
3	1	0.443560123444
3	1	0.371320009232
3	1	0.402670145035
3	1	0.380026102066
3	1	0.329905986786
3	1	0.443544864655
3	1	0.434133768082
3	1	0.468065977097
3	1	0.378108024597
3	1	0.400907039642
3	1	0.453853130341
3	1	0.359607934952
3	1	0.473870992661
3	1	0.394790887833
3	1	0.354727983475
3	1	0.385954856873
3	1	0.404507875443
3	1	0.404329776764
3	1	0.505516052246
3	1	0.378568172455
3	1	0.460587978363
3	1	0.314655065536
3	1	0.426759958267
3	1	0.378205060959
3	1	0.403131008148
3	0	0.395770072937
3	1	1.00938105583
3	1	0.514481067657
3	1	0.608996152878
3	1	0.402537822723
3	1	0.408984899521
3	1	0.412179946899
3	1	0.362061023712
3	1	0.383771181107
3	1	0.531177043915
3	1	0.507632017136
3	1	0.386634111404
3	1	0.40189409256
3	1	0.36945605278
3	1	0.435793876648
3	1	0.467001914978
3	1	0.545344114304
3	0	0.323107004166
3	1	0.419178962708
3	1	0.376899957657
3	1	0.458456039429
3	1	0.37909913063
3	1	0.393344163895
3	1	0.443938016891
3	1	0.46520614624
3	1	0.394567012787
3	1	0.452076911926
3	1	0.490685939789
3	1	0.378150939941
3	1	0.434826850891
3	1	0.433120012283
3	1	0.369830131531
3	1	0.387749910355
3	1	0.43295788765
3	1	0.387443065643
3	1	0.322154998779
3	1	0.349478006363
3	1	0.402698040009
3	1	0.377663135529
3	1	0.402158975601
3	1	0.428401947021
3	1	0.434125900269
3	1	0.337917089462
3	1	0.381133079529
3	1	0.369884967804
3	1	0.344522953033
3	1	0.379628181458
3	1	0.364130020142
3	1	0.436954021454
3	1	0.329334020615
3	1	0.331015825272
3	1	0.448517799377
3	1	0.419389009476
3	1	0.410469055176
3	1	0.365726947784
3	1	0.35951590538
3	1	0.387625932693
3	1	0.474083900452
3	0	0.538846969604
3	1	0.39496088028
3	1	0.418198823929
3	1	0.395640134811
3	1	0.362835168839
3	1	0.362413167953
3	1	0.476467132568
3	1	0.416568040848
3	1	0.362247943878
3	1	0.458796977997
3	1	0.34916806221
3	1	0.610686063766
3	1	0.347275972366
3	1	0.361012935638
3	0	0.369313955307
3	1	0.515127182007
3	1	0.387403964996
3	1	0.447139024734
3	1	0.444687128067
3	1	0.476341962814
3	1	0.407855033875
3	1	0.570363998413
3	1	0.403375864029
3	1	0.458807945251
3	1	0.376710891724
3	1	0.378633975983
3	1	0.379310131073
3	0	0.395514011383
3	1	0.441853046417
3	1	0.387596130371
3	1	0.421387195587
3	1	0.465247869492
3	1	0.435250043869
3	1	0.361918210983
3	1	0.354652881622
3	1	0.355530977249
3	0	0.29802107811
3	1	0.395295858383
3	1	0.397420883179
3	1	0.393131017685
3	1	0.353976011276
3	1	0.346307992935
3	1	0.361737966537
3	1	0.380542039871
3	1	0.34689617157
3	1	0.521468162537
3	1	0.355151176453
3	1	0.354514122009
3	1	0.355916976929
3	1	0.443580150604
3	1	0.61866402626
3	1	0.961761951447
3	1	0.611304044724
7	1	0.667493104935
7	1	0.595966100693
7	1	0.480942964554
8	1	0.417904138565
8	1	0.361549139023
7	1	0.428260087967
7	1	0.418799161911
8	0	0.45961689949
8	1	0.449223041534
7	1	0.378943920135
7	1	0.396057844162
8	1	0.473072052002
8	1	0.434448003769
8	1	0.471394062042
8	1	0.428097009659
8	1	0.416640043259
7	1	0.426318883896
7	1	0.514997959137
8	1	0.392302036285
8	1	0.315017938614
8	1	0.346899032593
8	0	0.354777097702
7	1	0.475932121277
8	1	0.433991193771
8	1	0.450723171234
8	1	0.351896047592
7	1	0.494073867798
8	1	0.345775842667
8	1	0.482658147812
8	1	0.450869083405
7	1	0.38606595993
8	1	0.404759883881
7	1	0.393754959106
8	1	0.378840923309
7	1	0.425756931305
8	1	0.393647909164
7	0	0.538589000702
7	1	0.403429985046
8	1	0.369440078735
7	1	0.339690923691
8	1	0.378674030304
8	1	0.384701013565
7	1	0.493082046509
7	1	0.399791002274
8	1	0.339329957962
7	1	0.386843919754
7	1	0.32306098938
8	1	0.584272861481
8	1	0.369349956512
7	1	0.395297050476
8	1	0.498160123825
8	1	0.321505069733
7	1	0.636631965637
7	1	0.352885961533
8	1	0.346106052399
7	1	0.482530832291
8	1	0.386810064316
8	1	0.441217899323
7	1	0.442558050156
8	1	0.514420986176
8	0	0.457103967667
8	1	0.507168054581
8	1	0.403755903244
7	1	0.370832920074
8	1	0.425931930542
8	1	0.44188284874
8	0	0.451018095016
8	1	0.580064058304
7	1	0.409861087799
8	1	0.387182950974
8	1	0.38620018959
7	1	0.36157989502
8	1	0.402369976044
8	1	0.58770108223
8	1	0.402763128281
8	1	0.458544015884
8	1	0.397193908691
7	1	0.368529081345
8	1	0.324104785919
7	1	0.361040115356
7	1	0.395977020264
7	1	0.355276823044
7	1	0.456933021545
8	1	0.387398958206
7	1	0.443607807159
7	1	0.360893011093
8	1	0.363450050354
7	1	0.36483502388
7	1	0.463786840439
7	1	0.378038167953
8	1	0.460118055344
8	1	0.377757072449
7	0	0.419651031494
8	1	0.771051168442
7	1	0.449156045914
8	1	0.43515086174
7	1	0.459573030472
7	1	0.497497797012
7	1	0.41872382164
8	1	0.508013963699
7	1	0.489208936691
8	1	0.400572061539
8	1	0.404887199402
8	1	0.489039897919
8	1	0.426720142365
7	1	0.418571949005
7	1	0.44976401329
8	1	0.435818910599
7	1	0.482080936432
8	1	0.474882125854
7	1	0.515374898911
7	1	0.395519018173
7	1	0.386991024017
7	1	0.642668962479
7	1	0.434254169464
8	1	0.473834991455
7	1	0.449355840683
7	1	0.418540000916
8	1	0.346393108368
7	1	0.426489830017
7	1	0.369056940079
8	1	0.468831062317
7	1	0.569351911545
7	1	0.468049049377
7	0	0.546678066254
8	1	0.433348894119
7	1	0.442357778549
8	1	0.409950971603
7	1	0.41890001297
8	1	0.418556928635
8	1	0.432673215866
8	1	0.67595410347
8	1	0.442715167999
7	1	0.354927062988
7	1	0.443739175797
7	1	0.37125992775
7	1	0.386564016342
8	1	0.394173145294
8	1	0.354042053223
7	1	0.395737171173
7	1	0.418382883072
7	1	0.61060500145
7	1	0.498381853104
8	1	0.340068101883
8	1	0.408740997314
7	1	1.04421901703
7	1	0.4590280056
8	1	0.754692792892
7	1	0.385764122009
7	1	0.347052097321
7	1	0.361667871475
8	1	0.394857883453
8	1	0.417793989182
8	1	0.357366085052
5	1	0.570050001144
5	1	0.3814868927
5	1	0.345641851425
5	1	0.579149007797
5	1	0.404162168503
6	1	0.546214818954
6	0	0.338798046112
5	1	0.332292079926
6	1	0.561243057251
5	1	0.393935918808
6	1	0.403747081757
6	1	0.340126037598
5	1	0.425827026367
5	1	0.361014127731
6	1	0.370922088623
6	1	0.378545999527
6	1	0.41838312149
6	1	0.346992015839
6	1	0.434247016907
6	1	0.368172883987
6	1	0.341578960419
6	1	0.44064283371
5	1	0.363093137741
5	0	0.300184011459
6	1	0.401869058609
6	1	0.377779006958
6	1	0.427287101746
6	1	0.362234115601
5	1	0.36141705513
5	1	0.354131937027
6	1	0.595301151276
6	1	0.978239059448
5	1	0.417667150497
6	1	0.432518005371
6	1	0.370532035828
6	1	0.381760835648
6	1	0.377159833908
5	1	0.348029136658
6	1	0.370901107788
6	1	0.457236051559
6	0	0.396797895432
5	1	0.441954135895
5	1	0.539757966995
5	1	0.371175050735
6	1	0.37110710144
6	1	0.370059013367
5	0	0.955317974091
6	1	0.407874822617
6	1	0.410995006561
6	0	0.372875928879
6	1	0.40956401825
6	1	0.434968948364
5	1	0.419538021088
6	1	0.35418510437
5	1	0.853349924088
5	1	0.425786018372
5	1	0.472138881683
5	1	0.418877840042
6	1	0.345100164413
5	1	0.355473041534
6	1	0.379435062408
6	1	0.439908027649
5	1	0.428375959396
6	1	0.378254890442
5	1	0.435369968414
5	1	0.483378887177
6	1	0.376399040222
5	1	0.459598064423
5	1	0.434571027756
5	1	0.420728206635
6	1	0.409838914871
6	1	0.442224979401
5	1	0.459765911102
6	1	0.44251704216
6	1	0.36320400238
6	1	0.395874977112
6	1	0.417953968048
6	1	0.432296037674
5	1	0.523934841156
6	1	0.650084018707
6	1	0.562661170959
5	1	0.907777786255
5	1	0.401458978653
6	1	0.410220146179
5	1	0.585819959641
6	1	0.915768861771
6	1	0.434197187424
6	1	0.394694805145
5	1	0.427872896194
6	1	0.401596069336
5	1	0.458084821701
6	1	0.490180015564
5	1	0.482814073563
6	1	0.395482063293
6	1	0.369887113571
6	1	0.424447059631
5	1	0.437376976013
6	1	0.442903995514
6	1	0.41848897934
6	1	0.408082962036
6	1	0.421183824539
6	1	0.36060500145
5	1	0.378573894501
6	1	0.428537130356
6	1	0.656249046326
6	1	0.570264101028
5	1	0.412436008453
6	1	0.465649843216
6	1	0.395569086075
5	1	0.384919881821
5	1	0.3625228405
5	1	0.403813838959
6	0	0.329900026321
5	1	0.410536050797
6	1	0.360320091248
6	1	0.443079948425
6	1	0.443089962006
5	1	0.340642929077
5	1	0.385014057159
6	1	0.346503019333
5	1	0.371583938599
6	1	0.345783948898
5	1	0.403415203094
5	1	0.411837100983
5	1	0.498413085938
5	1	0.322199106216
5	1	0.355005979538
6	1	0.385571956635
6	1	0.41210103035
6	1	0.391940832138
6	1	0.373084068298
6	1	0.39518404007
6	1	0.377264022827
5	0	0.689167022705
6	1	0.491855144501
6	1	0.474159002304
5	1	0.378792047501
5	1	0.315176010132
5	1	0.435354948044
6	1	0.388251781464
5	1	0.497033834457
6	1	0.37176990509
5	1	0.392337083817
6	1	0.381425857544
6	1	0.393098831177
5	1	0.458302021027
5	1	0.379979848862
6	1	0.330040931702
6	1	0.368959188461
6	1	0.36451292038
5	1	0.354809045792
5	1	0.402657032013
5	1	0.297981023788
5	1	0.35771894455
6	1	0.417953014374
8	1	0.436766862869
8	0	0.352828979492
8	1	0.385607004166
7	1	0.515185117722
8	1	0.457843065262
8	1	0.458558082581
7	1	0.402341127396
8	1	0.362373828888
8	1	0.379846096039
8	1	0.539188861847
8	1	0.481657981873
7	1	0.37225985527
7	1	0.408998012543
7	1	0.339324951172
8	1	0.472476959229
7	1	0.378104925156
7	1	0.321333169937
8	1	0.34765791893
7	1	0.305521965027
8	1	0.332221031189
8	1	0.362419128418
7	1	0.418669939041
7	1	0.400772809982
8	1	0.364555120468
7	1	0.321096897125
7	1	0.33890914917
8	1	0.299702882767
8	1	0.419730901718
8	1	0.336155891418
7	1	0.444730997086
7	1	0.331613063812
8	1	0.466176986694
8	1	0.3614590168
8	1	0.450300931931
8	1	0.377043962479
8	1	0.396393060684
7	1	0.402661085129
7	1	0.386940002441
7	1	0.38486289978
7	1	0.396242856979
8	1	0.394196033478
7	1	0.545495986938
7	1	0.377683877945
7	1	0.307565927505
8	1	0.354400873184
8	1	0.360605955124
7	1	0.402740001678
8	1	0.330765962601
8	1	0.372731924057
8	1	0.361019849777
7	1	0.395461797714
8	1	0.57075881958
7	1	0.36029791832
7	1	0.410557985306
7	1	0.482846975327
8	1	0.557453155518
8	1	0.490962028503
7	1	0.409651041031
8	1	0.385545015335
8	1	0.492166996002
7	1	0.353213071823
7	1	0.348851919174
7	1	0.378192901611
8	1	0.385719060898
7	1	0.410473108292
8	1	0.331689834595
8	1	0.532705068588
7	1	0.496848106384
8	1	0.412432909012
7	1	0.379384994507
8	1	0.395187854767
7	1	0.577091932297
7	1	0.570480823517
7	1	0.418668031693
7	1	0.331611871719
7	1	0.482754945755
8	1	0.426422119141
8	1	0.650327205658
8	1	0.388226032257
7	1	0.426259040833
7	1	0.388381958008
7	1	0.385574102402
8	1	0.435361146927
7	1	0.432960033417
7	1	0.387104034424
8	1	0.408478021622
7	1	0.436873912811
7	1	0.280146121979
8	1	0.353977918625
7	1	0.940513134003
7	1	0.458902835846
7	1	0.497014045715
7	1	0.378545045853
8	1	0.348190069199
7	1	0.410396099091
7	0	0.681955099106
7	1	0.4337849617
8	1	0.452441930771
7	1	0.458153009415
8	1	0.36149096489
8	1	0.370148897171
8	1	0.387979984283
7	1	0.475102186203
7	1	0.458703994751
8	1	0.355632781982
7	1	0.417186021805
8	1	0.354071140289
7	1	0.499199151993
7	1	0.373563051224
7	1	0.360774993896
8	1	0.514961004257
8	1	0.466701984406
7	1	0.362494945526
7	1	0.435597896576
7	1	0.450218915939
8	1	0.396069049835
8	1	0.483382940292
8	1	0.407742023468
7	1	0.979371786118
7	1	0.464110136032
8	1	0.332539081573
7	1	0.378530979156
7	1	0.451039791107
7	1	0.411557197571
8	1	0.410449981689
7	1	0.371460914612
7	1	0.409347057343
8	1	0.41135597229
7	1	0.522939920425
7	1	0.38737487793
7	0	0.451994180679
7	1	0.719748020172
8	1	0.387643814087
7	1	0.450291156769
8	1	0.370222806931
8	1	0.404032945633
7	1	0.345475912094
7	1	0.403142929077
8	1	0.29912519455
8	1	0.339400053024
7	1	0.362255096436
7	1	0.444124937057
8	1	0.402080774307
8	1	0.37680888176
8	1	0.363749980927
7	1	0.35542178154
8	0	0.306384086609
7	1	0.37782907486
7	1	0.458312988281
7	1	0.386178016663
7	1	0.732827186584
8	1	0.337836027145
8	1	0.434596061707
8	1	0.505120038986
8	1	0.436721086502
7	1	0.391891002655
1	1	0.714612960815
1	1	0.37902712822
1	1	0.637046098709
1	1	0.433512926102
1	1	0.476800918579
1	1	0.331576824188
1	1	0.368894100189
1	1	0.37949514389
1	1	0.371252059937
1	1	0.425436019897
1	1	0.394641876221
1	1	0.458325862885
1	1	0.397510051727
1	1	0.376438856125
1	1	0.378890037537
1	1	0.31453204155
1	1	0.436084032059
1	1	0.620500087738
1	1	0.402683019638
1	1	0.335957050323
1	1	0.394387960434
1	1	0.484735965729
1	1	0.391602993011
1	0	0.34600186348
1	1	0.428859949112
1	1	0.443245887756
1	1	0.395476102829
1	1	0.331228971481
1	1	0.31379199028
1	1	0.463464021683
1	1	0.523600101471
1	1	0.499033927917
1	1	0.361620903015
1	1	0.338165044785
1	1	0.469063997269
1	0	0.379721164703
1	1	0.398587942123
1	1	0.363432884216
1	1	0.444422006607
1	1	0.36751294136
1	1	0.33895111084
1	1	0.434273004532
1	1	0.459532976151
1	1	0.425278186798
1	1	0.498175859451
1	1	0.85910987854
1	1	0.362147808075
1	1	0.451564788818
1	1	0.408540964127
1	0	0.388072967529
1	1	0.434917926788
1	0	0.442066907883
1	1	0.434392929077
1	1	0.434748888016
1	1	0.426898956299
1	0	0.443692922592
1	1	0.395660161972
1	1	0.392982006073
1	1	0.50036907196
1	1	0.403506994247
1	1	0.472854852676
1	1	0.403367996216
1	1	0.589328050613
1	1	0.56068110466
1	1	0.411205053329
1	1	0.469126939774
1	1	0.423724889755
1	1	0.482372045517
1	1	0.436216115952
1	1	0.441128015518
1	1	0.418812990189
1	1	0.404509067535
1	1	0.442471981049
1	1	0.41846203804
1	1	0.48877620697
1	1	0.412585020065
1	1	0.40251994133
1	1	0.515653848648
1	1	0.459118843079
1	1	0.418059110641
1	1	0.435893058777
1	1	0.409357070923
1	1	0.4337849617
1	1	0.442312002182
1	1	0.5161921978
1	1	0.57692193985
1	1	0.405136108398
1	1	0.538185834885
1	1	0.35470199585
1	1	0.466071844101
1	1	0.507835865021
1	1	0.425592184067
1	1	0.465852975845
1	1	0.394879102707
1	1	0.484955072403
1	1	0.433461904526
1	1	0.395401000977
1	1	0.425042152405
1	1	0.571296930313
1	1	0.4341340065
1	1	0.388120174408
1	1	0.481869935989
1	1	0.561845064163
1	1	0.467226028442
1	1	0.443581104279
1	1	0.401561975479
1	1	0.401287078857
1	1	0.324744939804
1	1	0.346262931824
1	1	0.31470489502
1	1	0.435820102692
1	1	0.322285175323
1	1	0.331686019897
1	1	0.321269989014
1	0	0.285259008408
1	1	0.394227027893
1	1	0.363832950592
1	1	0.344799995422
1	1	0.337656974792
1	1	0.475156068802
1	1	0.417107105255
1	1	0.37001991272
1	1	0.381493091583
1	0	0.344064950943
1	0	0.460371017456
1	1	0.42726111412
1	1	0.434362888336
1	1	0.441737890244
1	1	0.464825153351
1	1	0.36408495903
1	1	0.497611045837
1	1	0.363384962082
1	1	0.466068029404
1	1	0.458564996719
1	1	0.40379691124
1	1	0.73138999939
1	1	0.411083936691
1	1	0.361649990082
1	1	0.481891155243
1	1	0.508111000061
1	1	0.448444843292
1	1	0.396169185638
1	1	0.362813949585
1	1	0.393129825592
1	1	0.394670009613
1	1	0.410618066788
1	1	0.346256017685
1	1	0.322525024414
1	1	0.377532958984
1	1	0.31572508812
1	1	0.354804992676
1	1	0.496028900146
1	1	0.371849060059
1	1	0.554522037506
1	1	0.489249944687
2	1	0.851007938385
2	1	0.402053833008
2	1	0.458115100861
2	1	0.43456697464
2	0	0.339727163315
2	1	0.449809074402
2	1	0.418511152267
2	1	0.37091588974
2	1	0.450162887573
2	1	0.379184961319
2	0	0.330487966537
2	1	0.443756103516
2	1	0.450047016144
2	1	0.385859012604
2	1	0.570366859436
2	1	0.427726984024
2	1	0.368854045868
2	1	0.393365859985
2	1	0.341051101685
2	1	0.449459075928
2	1	0.348338127136
2	1	0.571667194366
2	1	0.376749992371
2	1	0.361689090729
2	0	0.354584932327
2	1	0.37193107605
2	1	0.393045902252
2	1	0.705923080444
2	1	0.523746013641
2	1	0.402685880661
2	1	0.403637886047
2	1	0.416559934616
2	1	0.458863019943
2	1	0.378700971603
2	1	0.354717969894
2	1	0.373032808304
2	1	0.384397983551
2	1	0.458407878876
2	1	0.339818000793
2	1	0.322398900986
2	1	0.419659852982
2	1	0.595174074173
2	0	0.385374069214
2	1	0.394217014313
2	1	0.411284923553
2	1	0.424138069153
2	1	0.356518030167
2	1	0.380885839462
2	1	0.378340005875
2	1	0.371030092239
2	1	0.417127132416
2	1	0.403279066086
2	1	0.435178995132
2	1	0.738614797592
2	1	0.356667995453
2	1	0.423403978348
2	1	0.466690063477
2	1	0.396352052689
2	1	0.705538034439
2	1	0.30867600441
2	1	0.386335849762
2	1	0.314730882645
2	0	0.329294919968
2	1	0.379271030426
2	1	0.371420145035
2	1	0.386648178101
2	1	0.354335069656
2	1	0.443953990936
2	1	0.385545015335
2	1	0.403879165649
2	1	0.384114980698
2	1	0.396129131317
2	1	0.377151966095
2	1	0.380515098572
2	1	0.387020111084
2	1	0.6561191082
2	1	0.380107879639
2	1	0.442636966705
2	1	0.466743946075
2	1	0.35327911377
2	1	0.418676137924
2	1	0.335808038712
2	1	0.452839851379
2	1	0.401479005814
2	1	0.418996810913
2	1	0.680209875107
2	1	0.436321020126
2	1	0.570349931717
2	1	0.476451873779
2	1	0.35246014595
2	1	0.404329061508
2	1	0.361840963364
2	1	0.362078905106
2	1	0.402028083801
2	1	0.509479045868
2	1	0.351662874222
2	1	0.403721094131
2	1	0.499428987503
2	1	0.377572059631
2	1	0.44934296608
2	1	0.371465921402
2	1	0.44957113266
2	1	0.429642915726
2	1	0.377846002579
2	1	0.612072944641
2	1	0.353384017944
2	1	0.329303026199
2	1	0.338656187057
2	1	0.372674942017
2	1	0.378213882446
2	1	0.602339029312
2	1	0.387080907822
2	1	0.444474935532
2	1	0.308247804642
2	1	0.354403972626
2	1	0.4416680336
2	1	0.44309592247
2	0	0.451784133911
2	1	0.378530979156
2	1	0.359381914139
2	1	0.443670988083
2	1	0.419546127319
2	1	0.441979885101
2	1	0.451095104218
2	0	0.426331996918
2	1	1.23315501213
2	1	0.506208896637
2	1	1.05280399323
2	1	0.593038082123
2	1	0.858688116074
2	1	0.476855993271
2	1	0.490782022476
2	1	0.352952957153
2	1	0.403074979782
2	1	0.410675048828
2	1	0.393443822861
2	1	0.394609928131
2	1	0.453184127808
2	1	0.569537162781
2	1	0.3858730793
2	0	0.644402980804
2	1	0.385488986969
2	1	0.428501844406
2	1	0.408123016357
2	1	0.53874206543
2	1	0.418518066406
2	1	0.339205980301
2	1	0.4328789711
2	1	0.412184000015
2	1	0.404134988785
2	1	0.562732934952
2	1	0.418730974197
2	1	0.418928861618
2	1	0.427454948425
4	1	0.731740951538
4	1	0.522978067398
4	1	0.36105799675
4	1	0.346349954605
4	1	0.29887509346
4	1	0.442451953888
4	1	0.417772054672
4	1	0.395119905472
4	1	0.393499135971
4	1	0.379034042358
4	1	0.459975004196
4	1	0.402348995209
4	1	0.441960096359
4	1	0.419028043747
4	1	0.400582075119
4	1	0.403573036194
4	1	0.380208969116
4	1	0.369385004044
4	1	0.344796895981
4	1	0.404885053635
4	1	0.352532863617
4	1	0.395545005798
4	0	0.459702968597
4	1	0.35374712944
4	1	0.535912036896
4	1	0.3884370327
4	1	0.471601009369
4	1	0.451112031937
4	1	0.325109958649
4	1	0.482414007187
4	1	0.392472982407
4	1	0.412258148193
4	1	0.537006139755
4	1	0.372323989868
4	1	0.393513202667
4	0	0.458966970444
4	1	0.955324888229
4	1	0.410259962082
4	1	0.386659145355
4	1	0.47628903389
4	1	0.545346975327
4	1	0.46026301384
4	1	0.408666133881
4	1	0.394437789917
4	1	0.371544122696
4	0	0.385478973389
4	1	0.602341890335
4	1	0.732892990112
4	1	0.402942895889
4	1	0.401232004166
4	1	0.580774068832
4	1	0.429491043091
4	1	0.451741933823
4	1	0.50733089447
4	1	0.41930603981
4	1	0.442794799805
4	1	0.572151899338
4	1	0.37047791481
4	1	0.371210098267
4	1	0.450636148453
4	1	0.394639015198
4	1	0.528394937515
4	1	0.389026880264
4	1	0.410289049149
4	0	0.634744882584
4	1	0.450458049774
4	1	0.401375055313
4	1	0.39528298378
4	1	0.355075120926
4	1	0.378238916397
4	1	0.41681599617
4	1	0.434956073761
4	1	0.564225912094
4	1	0.978467941284
4	1	0.441384077072
4	1	0.659192085266
4	1	0.714885234833
4	1	1.04927778244
4	1	0.587184906006
4	1	0.50105214119
4	1	1.09027600288
4	1	0.408699035645
4	1	0.595129966736
4	0	0.845010042191
4	1	0.543822050095
4	1	0.515117168427
4	1	0.450908899307
4	1	0.402408123016
4	1	0.442044019699
4	1	0.428521871567
4	1	0.380037784576
4	1	0.418215990067
4	1	0.407716989517
4	1	0.86758184433
4	1	0.498923063278
4	1	0.72833609581
4	1	0.405652046204
4	1	0.403036832809
4	1	0.40928196907
4	1	0.380856990814
4	1	0.567578077316
4	1	0.436756134033
4	1	0.474162101746
4	1	0.569060087204
4	1	0.436715126038
4	1	0.386355876923
4	1	0.442213058472
4	1	0.433193922043
4	1	0.387877941132
4	1	0.385188817978
4	0	0.410699129105
4	1	2.30746889114
4	1	0.39897608757
4	1	0.428187131882
4	1	0.402209997177
4	1	0.419676065445
4	1	0.466294050217
4	1	0.377795934677
4	1	0.347061157227
4	1	0.386895895004
4	1	0.339428901672
4	1	0.488909006119
4	1	0.426002025604
4	1	0.402270078659
4	1	0.404432058334
4	1	0.434043169022
4	1	0.490844964981
4	1	0.35591006279
4	1	0.370985031128
4	1	0.432433128357
4	1	0.372853040695
4	1	0.395208120346
4	1	0.329802036285
4	1	0.401322126389
4	0	0.507685899734
4	1	0.562124967575
4	1	0.394078969955
4	1	0.403183937073
4	1	0.402637004852
4	1	0.452491998672
4	1	0.39948797226
4	1	0.364498853683
4	1	0.475204229355
4	1	0.401587963104
4	1	0.37823009491
4	1	0.435321092606
4	1	0.603160142899
4	1	0.705976963043
4	1	0.395807981491
4	1	0.360987901688
4	1	0.524636983871
6	1	0.585881948471
5	1	0.428124904633
6	1	0.375784158707
5	1	0.354490995407
6	1	0.378644943237
5	1	0.354465961456
5	1	0.387604951859
6	1	0.330664157867
6	1	0.354830980301
5	1	0.441054821014
6	1	0.338311910629
6	1	0.399904966354
5	1	0.35465502739
5	1	0.348533153534
5	1	0.339133024216
5	1	0.401679039001
5	1	0.572317123413
5	1	0.531039953232
6	1	0.682058095932
6	1	0.458628177643
6	1	0.4176030159
5	1	0.377505064011
6	1	0.356122970581
5	1	0.337232112885
6	1	0.442729949951
6	1	0.444044113159
6	1	0.371253967285
6	1	0.385848045349
5	1	0.452530145645
6	1	0.387562036514
6	1	0.722215175629
5	1	0.338106155396
5	1	0.411202907562
5	1	0.395004034042
6	1	0.370680093765
6	0	0.354099988937
5	1	0.378067016602
6	1	0.353760957718
5	1	0.418251991272
6	1	0.337208032608
5	1	0.427184820175
6	1	0.427050828934
5	1	0.425930023193
5	1	0.347467899323
6	1	0.368324995041
5	1	0.460019111633
6	1	0.410519123077
6	0	0.321660041809
5	1	0.460751056671
6	1	0.55281496048
6	1	0.436257839203
6	1	0.425594091415
6	1	0.458839893341
5	1	0.410347938538
5	1	0.426419973373
5	1	0.65239405632
6	1	0.352679014206
5	1	0.498075008392
5	1	0.379320859909
5	1	0.595530033112
5	1	0.434607982635
6	1	0.380469083786
6	1	0.40031504631
6	1	0.45268201828
5	1	0.393792152405
5	1	0.417122840881
5	1	0.428651094437
6	1	0.483079910278
5	1	0.459542989731
5	1	0.399694919586
5	1	0.450932025909
6	1	0.402292966843
5	1	0.379372119904
6	1	0.396826982498
6	1	0.48279094696
6	1	0.424859046936
6	1	0.426467180252
6	1	0.46651506424
6	1	0.42023897171
5	1	0.44077706337
6	1	0.372151136398
6	1	0.376432180405
6	1	0.421517133713
6	1	0.4901471138
6	1	0.394639968872
6	1	0.369864940643
5	1	0.39380812645
6	1	0.34792304039
6	1	0.354345798492
5	0	0.354553937912
6	1	0.395797014236
5	1	0.529847145081
5	1	0.753601074219
6	1	0.403403043747
6	1	0.41964507103
6	1	0.321995973587
5	1	0.525319099426
5	1	0.433485031128
5	1	0.394587993622
5	1	0.42632484436
5	1	0.512157917023
6	1	0.397291183472
5	1	0.403017044067
5	1	0.634600877762
5	1	0.472165107727
6	1	0.435800075531
5	1	0.379945039749
5	1	0.458931922913
6	1	0.385343074799
5	1	0.41855096817
6	1	0.479142904282
5	1	0.38062787056
5	1	0.332529067993
6	1	0.344378948212
5	1	0.395187854767
5	1	0.476114034653
6	1	0.433056116104
6	1	0.387449979782
6	1	0.665285825729
5	1	0.489753961563
5	1	0.411557912827
6	1	0.449291944504
6	1	0.371204137802
5	1	0.467365026474
6	1	0.385687828064
6	1	0.379552841187
6	1	0.450747966766
5	1	0.410607814789
6	1	0.400424003601
6	1	0.451709985733
6	1	0.401398897171
6	1	0.354504823685
5	0	0.411363124847
5	1	0.659889936447
6	1	0.488847970963
5	1	0.410655021667
6	1	0.419373035431
5	1	1.02446818352
6	1	0.396697044373
5	1	0.481890201569
6	1	0.41982293129
6	1	0.442879915237
5	1	0.553050041199
5	1	0.451995849609
5	1	0.418607950211
6	1	0.435846090317
6	1	0.39403796196
5	1	0.723963975906
5	1	0.393332004547
5	1	0.396529197693
6	1	0.39409995079
5	1	0.411561965942
6	1	0.457216024399
5	1	0.443176031113
