5	1	0.498517036438
5	0	0.420031070709
5	1	0.392802000046
6	1	0.594549179077
5	1	0.396052837372
6	1	0.584846019745
5	1	0.52253484726
5	1	0.537873029709
5	1	0.517157077789
6	1	0.479196071625
6	1	0.547202110291
5	1	0.476733922958
5	0	0.712911128998
6	1	0.651431798935
5	1	1.22563695908
5	1	1.28357005119
6	1	0.505628108978
5	0	0.619145154953
5	1	2.18693304062
6	1	0.660264968872
6	1	0.505549907684
6	1	0.802139997482
5	1	0.552822828293
6	1	0.516216993332
6	1	0.442279100418
5	0	0.627954006195
6	1	0.576350212097
6	1	0.571323156357
5	1	0.537848949432
6	1	0.515967130661
5	1	0.650468111038
5	1	0.394006967545
6	1	0.739204883575
5	1	0.530370950699
5	1	0.403445959091
5	1	0.633503198624
6	1	0.49084186554
6	1	0.676343917847
5	0	0.416507959366
6	1	0.451510906219
5	1	0.460700035095
6	0	0.455426931381
5	1	0.660759925842
6	1	2.05032396317
5	1	0.620028018951
5	0	0.672771930695
6	1	0.62762594223
6	1	0.907347917557
5	1	2.02622294426
6	1	0.625957012177
6	1	1.61815500259
6	0	0.514195919037
5	0	0.555323123932
5	0	1.34440398216
5	1	1.73042201996
5	1	0.441259145737
5	0	0.410681962967
5	1	3.02855801582
5	0	1.10389518738
5	0	1.25825691223
5	1	1.46054410934
5	0	1.66559004784
5	1	3.42600297928
6	0	0.62038397789
5	0	6.32016396523
6	1	0.802427053452
5	1	1.08230900764
5	1	0.492619037628
5	1	0.611492156982
6	1	0.472852945328
5	1	0.451217889786
5	1	0.56537604332
5	0	0.466553211212
6	1	0.642600059509
5	1	0.625289916992
6	1	0.498224020004
5	0	0.600967884064
6	1	0.660240888596
6	1	0.546317815781
5	1	0.586543083191
6	1	0.674755811691
5	1	0.78511095047
5	1	0.668172121048
6	1	0.4974629879
5	1	3.07510900497
6	1	0.467053174973
5	1	0.441637039185
5	0	0.586960077286
5	1	1.03494286537
6	1	0.442971944809
6	1	0.553737878799
6	1	0.515805959702
6	1	0.946712017059
6	1	0.489445209503
6	1	0.617620944977
5	1	0.523122787476
5	1	0.554819107056
6	1	0.466818809509
6	0	0.497493982315
5	0	0.474321842194
5	1	0.441834926605
6	1	0.476161956787
6	1	0.492107152939
6	1	0.528239011765
5	0	0.778316020966
5	0	0.474452972412
5	0	0.512938022614
6	1	1.02804899216
5	1	0.483914852142
6	1	0.472614049911
6	1	0.522965908051
6	1	0.449458122253
6	1	0.875699996948
6	1	0.516498804092
5	1	0.705368995667
5	1	0.547996044159
5	1	0.539929866791
6	1	0.474164009094
5	1	0.460030078888
6	1	0.617702960968
5	1	0.595002889633
6	0	0.498655080795
6	1	0.739633083344
6	1	0.431873083115
6	1	0.466117858887
5	1	0.493283033371
6	1	0.67305803299
6	0	0.426119089127
5	1	0.466548919678
6	1	0.545668840408
5	1	0.497725963593
5	1	0.532242059708
6	1	0.508413076401
6	1	0.442224025726
6	1	0.467285871506
6	1	0.35435795784
5	1	0.4265229702
5	1	0.82438993454
6	1	0.409044027328
5	1	0.48492193222
5	1	0.434594869614
6	1	0.491741895676
5	1	0.458568096161
5	1	0.473133087158
5	1	0.612998008728
6	1	0.448284864426
6	1	0.469619989395
5	1	0.441879034042
5	1	0.472153186798
5	1	0.426448822021
5	1	0.427601099014
5	1	0.465896844864
5	1	0.47495007515
6	1	0.593061923981
6	1	0.460796117783
5	1	0.42510008812
5	1	0.395390987396
5	1	0.39346909523
6	1	0.427255868912
5	1	0.404036998749
6	1	0.512907028198
6	1	0.451197862625
6	1	0.426120996475
5	0	0.393884897232
6	1	0.443841934204
5	1	0.418758869171
6	1	0.46871805191
6	1	0.449546813965
6	1	0.442294120789
6	1	0.481785058975
5	1	0.450929880142
6	1	1.21911287308
6	1	0.467580080032
6	1	0.691745996475
6	1	0.519556999207
5	1	0.515201091766
6	1	0.499402046204
5	1	0.499018907547
6	1	0.521259069443
5	1	0.570389986038
5	0	1.09234905243
5	1	1.16218900681
6	1	0.570078134537
5	1	1.93155384064
5	1	0.49050116539
6	1	0.768903970718
5	1	0.748166799545
5	1	0.85530591011
6	1	0.533408880234
5	1	0.562095165253
5	0	0.506119966507
5	1	2.53856682777
5	1	1.19375610352
6	1	0.498955011368
6	1	0.516880989075
5	1	0.680319070816
6	1	0.532376050949
6	0	0.882539987564
6	1	0.683478116989
5	1	0.575376033783
5	1	0.675764083862
6	1	0.70716714859
5	1	0.545460939407
5	1	0.515208959579
6	1	0.584866046906
5	1	0.473908901215
5	1	0.482442140579
6	1	0.612206935883
5	0	0.506681919098
6	1	0.408649206161
5	1	0.516066789627
5	0	0.673655986786
5	1	0.460993051529
6	1	0.515449047089
5	1	0.41934800148
6	1	0.552669048309
6	1	0.634817123413
5	1	0.378639936447
5	1	0.562555789948
6	1	0.499291181564
5	1	0.482505083084
6	1	0.648192882538
6	1	0.676622152328
5	1	0.697697877884
5	1	0.715129852295
5	1	0.531748056412
5	1	0.514127969742
6	1	0.591930866241
6	1	0.547170877457
6	1	0.49768280983
5	1	0.418031930923
6	1	0.41997718811
5	1	0.404289007187
5	1	0.448796987534
6	1	0.640702962875
6	1	0.469310998917
5	1	0.522680997849
5	1	0.548038005829
6	1	0.506204128265
5	1	0.515898942947
5	1	0.537329912186
6	1	0.545779943466
5	1	0.698292970657
6	1	0.658643007278
5	1	0.808994054794
5	1	0.522909879684
5	1	0.61999797821
5	1	0.498631000519
6	1	0.859831809998
6	1	0.754635095596
5	1	0.497610092163
5	1	0.704820156097
6	1	0.404227018356
6	1	0.451564073563
6	0	0.450776100159
6	0	0.387365102768
5	0	0.427268981934
6	1	0.618540048599
6	1	0.378463029861
6	0	0.385859966278
5	1	0.449857950211
6	1	0.476248025894
6	0	0.474614858627
5	1	0.969721078873
6	1	0.435549974442
5	1	0.410457849503
5	1	0.427217960358
6	0	0.43540096283
6	1	0.706583976746
6	1	0.609920978546
5	1	0.459663152695
5	1	0.592867136002
5	1	0.46742105484
6	1	0.397322177887
5	1	0.449849128723
6	1	0.451680898666
6	1	0.443279027939
8	1	1.28193306923
8	1	0.683295965195
7	0	0.732194185257
8	1	0.513278961182
8	1	0.554880857468
7	1	0.483408927917
7	1	0.426998853683
7	1	0.545819044113
7	1	0.578972101212
7	1	0.492733001709
7	1	0.546611070633
8	1	0.449734926224
7	1	0.459817886353
8	0	0.784046173096
7	1	0.555386066437
8	1	0.426012992859
8	1	0.835312128067
8	1	0.795567989349
8	1	0.488862991333
8	1	0.803734064102
8	0	0.818353176117
7	0	0.605082035065
8	1	1.95255708694
8	1	1.67255496979
8	0	0.836061000824
8	0	3.23592114449
8	1	1.28990292549
8	0	1.26595187187
7	0	1.13100004196
7	1	1.71400403976
7	0	1.08403801918
8	1	0.47282409668
7	1	0.46817111969
7	1	0.41969704628
7	1	0.4818379879
7	1	0.441341876984
7	1	0.410825967789
8	1	0.386826038361
8	0	0.625312805176
7	0	0.779501914978
7	1	0.866943836212
8	1	0.738340854645
7	0	1.42699503899
8	1	0.642645835876
8	1	0.504801988602
8	1	0.578077077866
7	1	0.585452795029
8	0	0.579504966736
8	1	0.570188045502
7	1	0.571870088577
8	1	0.546788930893
8	1	0.491842985153
7	1	0.521396875381
8	1	0.437138795853
7	1	0.44126200676
8	1	0.643137931824
8	1	0.547714948654
8	1	0.523283004761
7	1	0.473278999329
7	1	0.547509908676
7	0	0.553771972656
8	1	0.613414049149
8	1	0.536356925964
8	1	1.4020960331
8	1	0.601907968521
8	1	0.93837594986
8	1	0.525552034378
7	1	0.506162881851
7	1	0.49874997139
8	1	0.643509864807
7	1	0.691445827484
7	1	0.585602998734
7	1	0.554019927979
7	1	1.09676098824
8	1	0.523411989212
8	1	0.524019956589
7	1	0.505938053131
8	1	0.413071155548
8	1	0.473081111908
7	1	0.443213939667
7	1	0.59365606308
7	1	0.93927192688
7	1	0.458415985107
7	1	0.499977827072
8	1	0.425679922104
7	1	0.403913021088
8	1	0.547574996948
7	1	0.449949026108
8	1	0.55476808548
8	0	0.737884998322
8	1	0.411859035492
7	1	0.721477031708
8	0	0.699609994888
8	1	0.50628900528
8	1	0.434703111649
8	1	0.524765014648
8	1	0.552195072174
8	1	0.43582701683
7	1	0.491533041
7	1	0.474112033844
7	1	0.675227165222
7	1	0.729328155518
7	1	0.480974912643
7	0	0.860673904419
8	1	1.39374899864
8	1	0.568984031677
7	1	1.72388291359
7	1	0.689568042755
8	0	1.05872011185
7	1	1.03495883942
8	1	0.587498903275
7	1	0.641531944275
8	1	0.62735080719
8	1	0.584896087646
7	1	0.677164793015
8	1	1.20123100281
7	1	0.530827999115
7	1	0.617043972015
8	1	0.69887804985
8	1	0.458548784256
8	1	0.515408992767
8	1	0.520927906036
7	1	0.47441983223
7	1	0.555989980698
7	1	1.00857615471
8	1	0.587964057922
7	1	0.536597013474
8	0	0.841078996658
7	1	0.531825065613
7	1	0.691879034042
7	1	0.538869142532
8	1	1.69918489456
7	1	0.50475692749
8	1	0.468022823334
7	1	0.530918121338
8	1	0.428514003754
3	1	0.666223049164
3	1	0.443350076675
3	1	0.434088945389
3	1	0.585572004318
3	1	0.506141901016
3	1	0.426709890366
3	1	0.425358057022
3	1	0.405523061752
3	1	0.384176969528
3	1	0.388864994049
3	1	0.394706010818
3	1	0.458967924118
3	1	0.546787977219
3	1	0.448871850967
3	1	0.371261119843
3	1	0.41777920723
3	1	0.460439920425
3	1	0.378559827805
3	1	0.433659076691
3	1	0.484300136566
3	1	0.569039106369
3	1	0.355023860931
3	1	0.442354917526
3	1	0.443448066711
3	1	0.56164598465
3	1	0.666589975357
3	1	0.433387041092
3	0	0.338657140732
3	1	0.42952299118
3	1	0.378021001816
3	1	0.426249980927
3	1	0.529428958893
3	1	0.472306966782
3	1	0.563330888748
3	1	0.570680856705
3	1	0.467299938202
3	1	0.507037878036
3	1	0.460013866425
3	1	0.489192962646
3	0	2.17051792145
3	1	0.459099054337
3	1	0.44328212738
3	1	0.48298406601
3	1	0.511996984482
3	0	1.13840007782
3	1	0.685167074203
3	1	0.489505052567
3	1	0.723258018494
3	1	0.714751005173
3	1	0.504954099655
3	1	0.492223024368
3	1	0.474005937576
3	1	0.42760181427
3	1	0.530119895935
3	1	0.530717134476
3	1	0.580393791199
3	1	0.46563911438
3	1	0.627999067307
3	1	0.46390414238
3	0	0.459229946136
3	1	0.724472999573
3	1	1.02636599541
3	1	0.459228038788
3	0	0.498217105865
3	1	0.929030179977
3	1	0.676995038986
3	1	0.489223003387
3	1	0.466340065002
3	1	0.570401191711
3	1	0.708239078522
3	1	0.651582956314
3	1	0.473378896713
3	1	0.610363006592
3	1	0.508000135422
3	1	0.548251867294
3	1	0.489236831665
3	0	0.51592206955
3	1	0.7317237854
3	1	0.456501960754
3	1	0.491101026535
3	1	0.459763050079
3	1	0.498829841614
3	1	0.617015838623
3	1	0.668217897415
3	1	0.504770994186
3	0	1.5639770031
3	1	0.641509056091
3	1	0.402395009995
3	1	0.467949867249
3	1	0.476819992065
3	1	0.505659103394
3	1	0.450891017914
3	1	0.570574045181
3	1	0.498260974884
3	1	0.472310066223
3	1	0.587044000626
3	1	0.401340961456
3	1	0.395111083984
3	1	0.39529299736
3	0	0.403519868851
3	1	0.394016981125
3	1	0.386412143707
3	1	0.460383176804
3	1	0.482123851776
3	1	0.580107927322
3	1	0.46741604805
3	1	0.49147605896
3	0	0.641381025314
3	1	0.586116075516
3	1	0.433995008469
3	1	0.40332698822
3	1	0.55619096756
3	0	1.28920602798
3	1	0.428108215332
3	1	0.402306079865
3	1	0.393401861191
3	1	0.404727935791
3	1	0.418198108673
3	1	0.532758951187
3	1	0.4724650383
3	1	0.508816957474
3	1	0.434672832489
3	1	0.770317792892
3	1	0.897603988647
3	1	0.46506690979
3	1	0.450360059738
3	1	0.465939998627
3	1	0.418119907379
3	1	0.539332151413
3	1	0.449903011322
3	1	0.460539102554
3	1	0.50473690033
3	1	0.500971078873
3	1	0.558968067169
3	1	0.42812204361
3	1	0.496780872345
3	1	0.443779945374
3	1	0.432690143585
3	1	0.387469768524
3	1	0.49264383316
3	1	0.452931165695
3	1	0.661427021027
3	1	0.3948969841
3	0	0.427084922791
3	1	0.491641044617
3	1	1.94460201263
2	1	0.634653091431
2	1	1.14613604546
2	0	0.684304952621
2	1	0.673901081085
2	1	2.35391807556
2	1	0.459973096848
2	1	0.394637107849
2	1	0.386537075043
2	1	0.434844970703
2	0	0.458333015442
2	0	0.672518014908
2	1	0.54731798172
2	0	0.570779085159
2	1	0.53093791008
2	0	0.545279026031
2	0	0.637513875961
2	1	0.577329874039
2	1	0.434546947479
2	0	0.716209173203
2	1	3.90489387512
2	1	0.499324083328
2	0	0.484188079834
2	0	1.5220208168
2	0	1.72936701775
2	1	4.46664714813
2	1	1.30509305
2	1	0.700098991394
2	1	0.640629053116
2	1	0.523430109024
2	1	0.420731067657
2	1	0.450794219971
2	0	0.64079618454
2	1	0.529741048813
2	0	0.507100105286
2	1	1.75543808937
2	1	0.512791156769
2	1	0.393805980682
2	0	0.42809510231
2	1	0.385469913483
2	1	0.400938987732
2	1	0.350487947464
2	0	0.329332113266
2	0	0.425687074661
2	1	0.668968915939
2	1	0.505780935287
2	1	0.458415985107
2	0	0.740305900574
2	1	0.739208936691
2	1	0.56936788559
2	1	0.523347854614
2	1	0.548967123032
2	1	0.479593992233
2	1	0.426320075989
2	1	0.48353600502
2	1	0.419669866562
2	1	0.465389966965
2	1	0.482492923737
2	1	0.408263921738
2	1	0.412786006927
2	1	0.426483869553
2	1	0.418585062027
2	1	0.40944981575
2	1	0.443140983582
2	1	0.387866973877
2	1	0.459466934204
2	1	0.459728956223
2	1	0.530353069305
2	1	0.458935022354
2	1	0.476104021072
2	1	0.434830188751
2	1	0.490013837814
2	0	0.386876106262
2	1	0.55353307724
2	1	1.37133193016
2	1	0.506578922272
2	1	0.568670988083
2	1	0.49205493927
2	1	0.659440040588
2	1	0.544085979462
2	0	0.843549013138
2	1	1.69168186188
2	1	0.696370840073
2	1	0.525474071503
2	1	2.49078798294
2	1	0.632309913635
2	1	0.618857145309
2	0	0.748438835144
2	1	0.770443916321
2	1	1.20177412033
2	1	0.562563896179
2	1	0.530966997147
2	1	0.491154193878
2	1	2.42663478851
2	1	0.665741205215
2	1	1.8604619503
2	1	0.434287071228
2	1	0.465797901154
2	0	0.39773607254
2	0	0.304879903793
2	1	0.338123083115
2	1	0.387704133987
2	1	0.418320178986
2	1	0.48147892952
2	0	0.433352947235
2	1	0.555688142776
2	1	0.411770105362
2	1	0.419614076614
2	1	0.657275915146
2	1	0.473028898239
2	1	0.452471017838
2	1	0.465446949005
2	1	0.452237129211
2	1	0.481708049774
2	1	0.465893030167
2	1	0.540367841721
2	1	0.457124948502
2	1	0.426537036896
2	0	0.418972969055
2	1	0.506433010101
2	1	0.587396860123
2	1	0.579264879227
2	1	0.708472967148
2	1	0.825112819672
2	1	0.842540025711
2	1	0.796340942383
2	1	0.539000034332
2	1	0.442259073257
2	1	0.553508996964
2	1	0.48300909996
2	1	0.46897482872
2	0	0.696928977966
2	1	0.945753097534
2	1	0.564648151398
2	1	0.515254020691
2	1	0.466719865799
2	1	0.561222076416
2	1	0.460923910141
1	1	0.459655046463
1	1	0.371431827545
1	1	0.468519926071
1	1	0.440873861313
1	1	0.389683008194
1	1	0.409729957581
1	1	0.531351089478
1	1	0.419228076935
1	1	0.440433979034
1	1	0.362174034119
1	1	0.372404098511
1	1	0.402139902115
1	1	0.339432954788
1	1	0.367837905884
1	1	0.40989780426
1	1	0.403676986694
1	1	0.457792043686
1	1	0.393790960312
1	1	0.378901004791
1	1	0.525012016296
1	1	0.353651046753
1	1	0.442427873611
1	1	0.434119939804
1	1	0.354856014252
1	1	0.420210123062
1	1	0.359966039658
1	1	0.412662029266
1	1	0.360458135605
1	1	0.371233940125
1	1	0.362954854965
1	1	0.354889154434
1	1	0.409075021744
1	1	0.411810874939
1	1	0.421149969101
1	1	0.376338005066
1	1	0.364253044128
1	1	0.338782787323
1	1	0.355890989304
1	0	0.297770023346
1	1	0.402092933655
1	1	0.339735031128
1	1	0.387233972549
1	1	0.45684504509
1	1	0.388305902481
1	1	0.42659497261
1	1	0.36287689209
1	1	0.394196987152
1	0	0.346503973007
1	1	0.38768696785
1	1	0.441976070404
1	1	0.445141077042
1	0	0.370741844177
1	1	0.578627109528
1	1	0.424299001694
1	1	0.434998035431
1	1	0.421042919159
1	1	0.504890918732
1	1	0.346829891205
1	1	0.522717952728
1	1	0.467705011368
1	1	0.498251914978
1	1	0.395802974701
1	1	0.452045917511
1	1	0.344269037247
1	0	0.324858188629
1	1	0.354337930679
1	1	0.411372900009
1	1	0.399813890457
1	1	0.412940979004
1	1	0.404216051102
1	1	0.408766031265
1	1	0.524972915649
1	1	0.489542007446
1	1	0.403595924377
1	1	0.38595199585
1	1	0.466458082199
1	1	0.429569959641
1	1	0.417769908905
1	1	0.3635430336
1	1	0.441843032837
1	1	0.459103107452
1	1	0.433974981308
1	0	0.466771125793
1	1	0.466193914413
1	1	0.321925878525
1	1	0.403346061707
1	1	0.378249883652
1	1	0.506232023239
1	1	0.385587930679
1	1	0.420277833939
1	1	0.424803972244
1	1	0.346973896027
1	1	0.315417051315
1	1	0.354431152344
1	1	0.380825996399
1	1	0.55443406105
1	1	0.401068925858
1	1	0.412869930267
1	1	0.4244120121
1	1	0.400996923447
1	1	0.340402841568
1	1	0.306307077408
1	0	0.338631153107
1	1	0.36325097084
1	1	0.372018098831
1	1	0.617947101593
1	1	0.416099786758
1	0	0.435141086578
1	1	0.497164011002
1	1	0.394761800766
1	1	0.451237916946
1	1	0.403719902039
1	1	0.419369935989
1	1	0.393676042557
1	1	0.380801916122
1	1	0.392235994339
1	1	0.427527189255
1	1	0.451607942581
1	1	0.402651071548
1	1	0.377336978912
1	1	0.418385982513
1	1	0.560886859894
1	1	0.412086009979
1	1	0.425868988037
1	1	0.419592142105
1	1	0.41179394722
1	1	0.370464086533
1	1	0.459186077118
1	1	0.424947023392
1	1	0.484550952911
1	1	0.480912208557
1	1	0.403723955154
1	1	0.442002058029
1	1	0.419331789017
1	1	0.433761835098
1	1	0.4350669384
1	1	0.417409181595
1	1	0.413289070129
1	1	0.386082172394
1	1	0.459237098694
1	1	0.393360137939
1	1	0.38803601265
1	1	0.346097946167
1	1	0.315953016281
1	1	0.378561973572
1	1	0.473250865936
1	1	0.363837003708
1	0	0.410741090775
1	1	0.379451036453
1	1	0.601725816727
1	1	0.40248298645
1	1	0.40230679512
1	1	0.501708030701
1	1	0.440473079681
1	1	0.469002962112
1	1	0.473686933517
4	1	0.612501144409
4	1	0.41944694519
4	1	0.433208942413
4	1	0.419594049454
4	1	0.345300912857
4	1	0.408937931061
4	1	0.436367988586
4	1	0.515094995499
4	1	0.391778230667
4	1	0.381214857101
4	1	0.434285879135
4	1	0.571112155914
4	1	0.384613990784
4	1	0.418802976608
4	1	0.395158052444
4	1	0.402356863022
4	1	0.587532997131
4	1	0.563369989395
4	1	0.521478891373
4	1	0.473301887512
4	1	0.595561027527
4	1	0.392948865891
4	1	0.482738018036
4	0	0.372404098511
4	1	0.538544893265
4	1	0.515173912048
4	1	0.533046007156
4	1	0.41074514389
4	1	0.816889047623
4	1	0.675837993622
4	1	0.451682090759
4	1	0.377786874771
4	1	0.539880037308
4	1	0.977595806122
4	1	0.436478853226
4	1	0.529618024826
4	1	0.434586048126
4	1	0.493180990219
4	1	0.439914941788
4	1	0.371140003204
4	1	0.601193189621
4	1	0.387299060822
4	1	0.425833940506
4	1	0.356304883957
4	1	0.403082847595
4	1	0.377865076065
4	1	0.395565032959
4	1	0.385971069336
4	0	0.36940908432
4	1	0.444175958633
4	1	0.416494846344
4	1	0.532096147537
4	1	0.634280204773
4	1	0.593631982803
4	0	0.492271900177
4	1	0.432713985443
4	0	0.629033088684
4	1	0.604041814804
4	1	0.394010066986
4	1	0.378077030182
4	1	0.475901126862
4	1	0.370247125626
4	1	0.380023956299
4	1	0.488507032394
4	1	0.434107065201
4	1	0.514684915543
4	1	0.436527967453
4	1	0.401708841324
4	1	0.419762849808
4	1	0.588133096695
4	1	0.59477686882
4	1	0.442033052444
4	1	0.34087395668
4	1	0.512120962143
4	0	0.740288972855
4	0	0.417809009552
4	1	0.426909923553
4	1	0.377943992615
4	1	0.486076831818
4	1	0.392530918121
4	1	0.387734889984
4	1	0.506645917892
4	1	0.416254997253
4	1	0.467818021774
4	1	0.426203966141
4	1	0.444573879242
4	1	0.474922895432
4	1	0.418059110641
4	1	0.484837055206
4	1	0.553282022476
4	1	0.642014980316
4	1	0.42069196701
4	1	0.713158845901
4	1	0.458839893341
4	1	0.441758871078
4	0	0.459179878235
4	1	0.641360998154
4	1	0.433417081833
4	1	0.434952020645
4	1	0.460044145584
4	0	0.617471933365
4	1	0.620157957077
4	1	0.491844892502
4	1	0.424712181091
4	1	0.412631034851
4	1	0.448760032654
4	1	0.523547887802
4	1	0.570075035095
4	0	0.392335891724
4	1	1.53181314468
4	1	0.538905143738
4	1	0.432389974594
4	1	0.52915096283
4	1	0.421670913696
4	0	0.473647117615
4	1	0.707193851471
4	0	0.458082914352
4	1	0.570631980896
4	1	0.50841999054
4	1	0.499058961868
4	0	0.529068946838
4	0	0.715255022049
4	1	0.905086040497
4	1	0.554301977158
4	1	0.483450174332
4	1	0.554877996445
4	1	0.754786968231
4	0	0.698786973953
4	1	0.523662805557
4	1	0.602217197418
4	1	0.426229000092
4	1	0.409295082092
4	0	0.602680921555
4	1	0.714280128479
4	1	0.529937028885
4	1	0.467669963837
4	1	0.453210115433
4	1	0.400192022324
4	1	0.490649938583
4	0	0.371273040771
4	1	0.46524810791
4	1	0.429010868073
4	0	0.458754062653
4	1	0.61882519722
4	1	0.385422945023
4	1	0.55410194397
4	1	0.475656032562
4	1	0.456864118576
4	1	0.420774936676
7	1	0.450527906418
8	1	0.372887849808
8	1	0.463917016983
7	1	0.451687097549
7	1	0.376975059509
8	1	0.412626981735
7	1	0.482149124146
8	1	0.39426612854
8	1	0.42919588089
7	1	0.385445833206
7	1	0.380656003952
8	1	0.434725999832
7	1	0.490144014359
8	0	0.376709938049
7	1	0.386229038239
7	1	0.412967920303
7	1	0.410387992859
7	0	0.704800844193
7	1	0.459254980087
7	1	0.48317694664
8	1	0.449167013168
7	1	0.674427032471
7	1	0.579088926315
7	0	0.451756954193
8	0	0.424731969833
7	1	0.451374053955
7	1	0.467754125595
7	1	0.648185968399
8	1	0.603421926498
7	1	0.443521976471
8	1	0.424322843552
7	1	0.481775999069
7	1	1.29811286926
7	1	0.403141021729
8	1	0.394090890884
8	1	0.404720783234
8	1	0.473644971848
8	1	0.819742918015
7	1	0.456759929657
8	1	0.444113016129
7	1	0.409221887589
8	1	0.418381214142
7	1	0.411828994751
7	1	0.498768806458
8	0	0.449137926102
8	1	0.531188011169
8	1	0.658098936081
7	1	0.675459861755
7	1	0.539371967316
7	1	0.536875963211
7	1	0.402537822723
7	1	0.499216794968
8	1	0.628952026367
7	1	1.03202414513
7	1	0.499960184097
7	1	0.473654985428
7	1	0.443030118942
7	1	0.514235019684
8	1	0.460875034332
8	1	0.631269931793
7	1	0.500436067581
8	1	0.385993003845
7	1	0.450305938721
8	1	0.475308895111
7	1	0.435561180115
7	1	0.370370149612
7	1	0.428735017776
8	1	0.426104068756
8	1	0.474831104279
7	0	0.410127878189
7	0	0.724282026291
8	1	0.505295991898
8	1	0.499196052551
8	1	0.489937067032
7	1	0.44894194603
8	1	0.45984005928
8	1	0.426531076431
8	0	0.394348144531
8	1	0.38636803627
8	1	0.364730119705
7	1	0.441356897354
8	1	0.506427049637
7	1	0.859485149384
8	1	0.386505126953
7	1	0.498421192169
8	1	0.55489897728
7	1	0.47390794754
7	1	0.922300100327
8	1	0.777095079422
7	0	0.946856975555
8	1	0.553891897202
7	1	2.01641511917
8	1	0.500624895096
8	1	0.491243839264
8	1	0.511601924896
8	0	0.708518028259
7	0	0.683974027634
8	1	0.922795057297
8	1	0.512037992477
7	1	0.547963857651
7	1	0.538249969482
8	1	0.721935033798
7	1	0.498976945877
7	1	0.580742120743
7	1	0.505391836166
8	1	0.523824930191
8	1	0.48335814476
7	1	0.553599119186
7	1	0.50022983551
8	1	0.544214963913
8	0	0.538155078888
7	1	0.724874019623
7	1	1.06639695168
7	1	0.919600009918
7	1	0.55709195137
7	1	0.625581979752
8	1	0.65823507309
8	1	0.498515844345
8	0	0.400835990906
8	1	0.749566078186
7	1	0.472712993622
8	1	0.474103927612
7	1	0.466513156891
7	1	0.571191072464
7	1	0.666811943054
8	1	0.594996929169
8	1	0.44352388382
8	1	0.449568986893
7	1	0.555384874344
7	0	0.73814702034
7	1	0.537743091583
7	1	0.474613904953
8	1	0.493011951447
8	1	0.59369301796
7	1	0.556720972061
7	1	0.585400819778
8	1	0.47444486618
8	1	0.554530143738
8	1	0.508030176163
7	0	0.617822885513
7	1	0.522461891174
8	1	0.507234096527
7	1	1.65902090073
8	1	0.666743993759
7	1	0.570158004761
8	1	0.379446029663
7	1	0.866208076477
8	1	0.560022115707
8	1	0.600058078766
7	1	0.506629943848
7	0	0.706346035004
7	1	0.692919015884
7	1	0.932863950729
7	1	0.639932155609
8	1	0.639967918396
8	1	0.572968006134
8	0	1.07952404022
8	1	0.466730833054
7	1	0.679989099503
7	0	0.98620891571
7	0	0.679502010345
8	0	1.49243402481
7	1	0.879558086395
7	1	0.639763116837
8	1	1.29287290573
7	1	0.666525840759
8	0	0.612716197968
8	1	0.852740049362
8	1	1.02596592903
7	1	0.65284204483
8	1	0.89285993576
7	0	0.933025121689
8	0	1.26619911194
7	1	0.733138084412
8	1	0.546235084534
7	0	0.666126966476
8	1	0.58615899086
7	1	0.586155891418
7	1	0.559543132782
7	0	0.746335029602
7	1	0.520051002502
7	1	0.493558883667
8	1	0.560077905655
8	1	0.692931175232
7	1	0.692867040634
8	0	1.14609313011
8	1	1.18616986275
7	1	0.719997882843
7	1	0.732945203781
8	0	1.2528731823
8	1	0.679774045944
8	1	0.77271604538
7	1	0.572752952576
7	0	0.839521169662
8	1	0.746685028076
7	1	0.666105985641
7	1	0.612828969955
7	1	0.612893819809
7	1	0.786194086075
8	1	1.46616196632
8	1	0.626572132111
8	1	0.759664058685
7	0	0.759382009506
7	1	0.612911939621
7	1	0.599506139755
7	1	0.573256969452
7	1	0.799918889999
7	1	0.639663934708
8	1	0.919435977936
7	1	0.653002023697
7	1	0.599993944168
8	0	0.626500844955
7	1	0.639718055725
8	1	0.519654035568
8	0	0.559543848038
7	1	0.746234893799
8	1	0.506217002869
8	0	0.639516830444
7	1	1.67936086655
8	1	0.733211994171
7	1	0.572901964188
7	1	0.439880847931
7	1	0.892889976501
7	0	1.5457508564
7	1	1.05256605148
8	1	0.51963186264
8	1	0.706155061722
8	1	0.50618314743
7	1	0.85282087326
7	1	0.559998989105
7	1	0.506608963013
8	0	0.706717014313
7	0	1.41286611557
7	1	0.586669921875
8	1	0.706022024155
7	1	0.706294059753
8	1	0.852915048599
7	1	0.826256036758
7	0	1.07947683334
7	1	0.653481960297
8	0	1.43955302238
7	0	0.799635887146
8	1	0.82609295845
8	1	1.59898591042
8	0	2.55864810944
8	1	0.50665307045
8	1	0.586636066437
7	1	0.706696033478
8	1	0.759523153305
8	1	0.586157083511
7	0	0.852833986282
7	1	0.919788122177
7	1	1.27952194214
7	1	0.613426923752
8	1	0.586444139481
8	0	0.5461769104
7	0	1.15959596634
7	1	1.09274601936
8	1	0.786089897156
8	1	0.546693086624
8	1	0.799870967865
7	0	0.986337900162
7	1	0.532998085022
8	0	0.653184175491
8	1	0.773377180099
7	1	0.519872903824
8	1	0.732831001282
8	1	0.692850112915
8	1	0.519468069077
7	0	0.706233978271
7	1	0.626668930054
8	1	0.573235034943
8	1	0.520018815994
7	1	0.666238069534
8	1	0.559600114822
7	1	0.532837152481
7	1	0.546232938766
3	1	0.253330230713
3	1	0.453179121017
3	1	0.453118085861
3	1	0.559649944305
3	1	0.493458032608
3	1	0.426545143127
3	1	0.43958902359
3	1	0.412818908691
3	1	0.466258049011
3	1	0.4794049263
3	1	0.57297205925
3	1	0.732854127884
3	1	0.58665394783
3	1	0.53345990181
3	1	0.453357934952
3	1	0.506762981415
3	1	0.439934968948
3	1	0.440003156662
3	1	0.426728963852
3	1	0.639994859695
3	0	0.799848079681
3	1	0.559543848038
3	1	0.812952041626
3	0	0.679590940475
3	1	0.653301954269
3	1	0.573387861252
3	1	0.493371009827
3	1	0.533382177353
3	1	0.479916095734
3	1	0.49324798584
3	1	0.666309833527
3	1	0.453155040741
3	0	0.612855911255
3	1	0.466201066971
3	1	0.479473114014
3	1	0.586225986481
3	1	0.679533004761
3	1	0.506249904633
3	1	0.586122989655
3	0	0.786177158356
3	0	0.852844953537
3	1	0.532876014709
3	0	0.852794885635
3	0	0.986176013947
3	0	0.533004045486
3	1	1.29278802872
3	1	0.772836923599
3	1	0.639559030533
3	1	0.919512033463
3	1	0.999505996704
3	1	0.69277715683
3	1	0.492828130722
3	1	0.466292858124
3	0	0.466092824936
3	1	1.19908595085
3	1	0.492963075638
3	1	0.772906064987
3	0	0.826216936111
3	1	0.506688117981
3	1	0.56015920639
3	1	0.626655817032
3	1	0.679358959198
3	1	0.706243991852
3	1	0.626145124435
3	1	0.679600954056
3	1	1.59944200516
3	1	0.546679973602
3	1	0.519953012466
3	1	0.679909944534
3	1	0.546402931213
3	1	0.786128997803
3	1	0.559569835663
3	1	0.586098194122
3	1	0.479662895203
3	1	0.679530143738
3	1	0.439993858337
3	1	0.49321103096
3	0	0.693308115005
3	1	0.46666097641
3	1	0.586749792099
3	1	0.506592035294
3	1	1.22603297234
3	1	1.23949384689
3	0	0.692723035812
3	1	0.799949884415
3	1	0.999494075775
3	1	0.679432868958
3	1	1.17262792587
3	1	1.51893091202
3	1	0.652804851532
3	1	0.93289399147
3	0	2.67859601974
3	1	0.506208896637
3	1	0.546169042587
3	0	0.612706899643
3	0	0.639532089233
3	1	0.572861909866
3	0	0.839601039886
3	1	1.35944914818
3	1	0.733253002167
3	1	0.612939119339
3	1	0.466372013092
3	1	0.59949016571
3	1	0.666155815125
3	1	0.639453887939
3	1	0.639506101608
3	1	0.853359937668
3	1	0.852849006653
3	1	0.666140079498
3	1	0.7196829319
3	1	1.05284714699
3	1	0.786169052124
3	1	0.65328502655
3	1	0.559926986694
3	1	0.533295869827
3	1	0.506620168686
3	1	0.586701154709
3	1	0.786202907562
3	1	0.82622885704
3	0	1.99903702736
3	1	0.599472045898
3	1	0.479444980621
3	1	0.546247959137
3	1	0.466099023819
3	1	0.452710151672
3	0	0.719509124756
3	1	0.586148023605
3	0	0.932986974716
3	0	0.719479084015
3	1	0.546150922775
3	1	0.559536933899
3	0	0.559505939484
3	0	1.18591690063
3	1	1.69228196144
3	1	0.82613992691
3	1	0.746618032455
2	0	0.81289100647
2	1	0.466096878052
2	1	0.532763004303
2	1	0.519440889359
2	1	0.51953792572
2	1	0.492802143097
2	1	0.53284907341
2	1	0.506201982498
2	1	0.532974004745
2	1	0.599596977234
2	1	0.612842798233
2	1	0.439885139465
2	1	0.54634809494
2	1	0.573194026947
2	1	0.506775856018
2	0	0.680011987686
2	1	0.866245985031
2	1	0.692823886871
2	0	0.452868938446
2	1	0.572961091995
2	1	0.479426860809
2	0	0.506221055984
2	1	0.759451150894
2	1	0.58668088913
2	1	0.493299007416
2	0	1.27952599525
2	1	0.986219882965
2	1	0.719483137131
2	0	0.612750053406
2	1	0.972862958908
2	1	0.493228912354
2	1	0.7594871521
2	1	0.826168060303
2	1	0.519762992859
2	1	0.613246917725
2	1	0.773310184479
2	1	0.519956111908
2	1	0.626229047775
2	1	0.626228809357
2	1	1.29243898392
2	1	0.546048879623
2	1	0.692862987518
2	1	0.572776079178
2	1	0.759578943253
2	1	0.62667798996
2	1	0.679985046387
2	1	0.54648399353
2	0	3.19850897789
2	1	0.852837085724
2	1	0.54613494873
2	1	1.29283022881
2	1	0.493335008621
2	1	0.55980014801
2	0	0.439927816391
2	0	0.506656169891
2	0	0.812765836716
2	1	1.2258541584
2	0	0.919524908066
2	0	0.652724981308
2	0	0.55997800827
2	0	2.57243299484
2	1	0.719962120056
2	0	1.17289209366
2	1	1.77290606499
2	1	0.999494075775
2	1	1.86563014984
2	1	0.892730951309
2	0	0.559541940689
2	0	0.612890005112
2	0	0.546241998672
2	1	0.479426860809
2	1	0.799526929855
2	1	0.50664806366
2	1	3.18519997597
2	1	0.599523067474
2	1	0.573267936707
2	1	0.653330087662
2	0	0.759608030319
2	1	0.47972202301
2	1	0.49302983284
2	1	0.426515102386
2	1	0.692800045013
2	1	0.479567050934
2	1	0.49290895462
2	0	0.452846050262
2	0	0.732797145844
2	1	1.09285902977
2	1	0.53316617012
2	1	0.826158046722
2	1	1.07953214645
2	1	1.97235417366
2	1	0.759508132935
2	1	0.586782217026
2	1	0.719795942307
2	1	0.426733970642
2	0	0.493357896805
2	1	0.599694013596
2	1	0.493004798889
2	1	0.546175003052
2	1	0.586173057556
2	1	0.599563121796
2	0	0.75954914093
2	1	0.77330493927
2	1	0.586807012558
2	1	1.99905610085
2	0	0.586222171783
2	1	0.839888095856
2	1	0.440033912659
2	0	0.693140983582
2	1	0.519737005234
2	1	0.572926998138
2	1	3.61139798164
2	1	0.559501171112
2	1	0.652765989304
2	1	0.46627497673
2	0	1.79901385307
2	0	0.386708974838
2	1	0.653390169144
2	1	1.55953121185
2	1	0.466643095016
2	1	0.58664894104
2	1	0.986090183258
2	1	1.47897195816
2	0	0.972740888596
2	1	0.959524869919
2	0	0.452936172485
2	1	0.812970876694
2	0	0.439991235733
2	1	0.666661024094
2	0	0.972899198532
1	1	0.533282995224
1	1	0.560017108917
1	1	0.600003957748
1	1	0.479984998703
1	1	0.493268013
1	1	0.426717042923
1	1	0.439970970154
1	1	0.453390836716
1	1	0.466578006744
1	1	0.639964103699
1	1	0.439894914627
1	1	0.493427991867
1	0	0.426774978638
1	1	0.573330163956
1	1	0.42658495903
1	1	0.453340053558
1	1	0.720000982285
1	0	0.426637172699
1	1	0.559997081757
1	1	0.546677827835
1	1	0.919566869736
1	1	0.559547901154
1	1	0.479507923126
1	1	0.412892103195
1	1	0.492805957794
1	1	0.47950720787
1	1	0.466073036194
1	1	0.65293097496
1	1	0.679558038712
1	1	0.479880094528
1	1	0.493389844894
1	0	0.839829921722
1	1	0.480017900467
1	1	0.466599941254
1	0	0.466801166534
1	1	0.466708898544
1	1	0.586663961411
1	1	0.453429937363
1	1	0.466682910919
1	1	0.426738977432
1	0	0.70655798912
1	0	0.413277864456
1	1	0.479959964752
1	0	0.93282699585
1	1	0.466044902802
1	1	0.519453048706
1	1	0.439487934113
1	1	0.466241121292
1	1	0.506057024002
1	1	0.572821855545
1	0	0.506224870682
1	0	0.932895183563
1	1	0.733242988586
1	0	0.58611702919
1	1	1.37272119522
1	1	0.506447076797
1	0	0.826319217682
1	0	1.31903004646
1	0	1.10626387596
1	1	1.0528550148
1	1	0.759433031082
1	1	1.35948514938
1	1	4.58429980278
1	1	0.55992102623
1	1	0.653381824493
1	1	0.520054101944
1	1	0.573409795761
1	1	0.480003118515
1	1	0.652881860733
1	0	0.519549846649
1	1	0.493007898331
1	0	0.492871999741
1	0	0.692894935608
1	1	0.426157951355
1	0	0.492789030075
1	0	0.546170949936
1	1	0.466193199158
1	1	0.692802906036
1	0	0.772872209549
1	1	0.70671081543
1	1	0.48003411293
1	1	0.439969062805
1	1	0.732877016068
1	1	0.679502010345
1	1	0.559648036957
1	1	0.65288901329
1	0	0.786321163177
1	1	0.852641105652
1	0	0.626152992249
1	0	0.786214828491
1	1	0.586602926254
1	0	0.680045843124
1	1	0.959519863129
1	1	0.959553956985
1	1	0.999372005463
1	1	1.33238101006
1	1	1.01289200783
1	0	0.573506116867
1	1	0.586620092392
1	0	0.53332901001
1	1	0.852989196777
1	0	0.932902097702
1	1	1.11945509911
1	0	3.33129501343
1	0	1.71904611588
1	0	0.906080961227
1	1	0.586791992188
1	0	0.719496965408
1	1	0.466154813766
1	1	0.559528827667
1	0	0.532798051834
1	1	0.626287937164
1	1	0.87954211235
1	1	0.546576976776
1	1	0.573304176331
1	1	0.599910020828
1	0	0.746192932129
1	1	0.5862159729
1	1	0.519551992416
1	1	0.572918891907
1	0	0.559462070465
1	1	0.519632101059
1	1	0.546402215958
1	1	1.02604007721
1	1	0.413097858429
1	1	0.559627056122
1	1	0.452985048294
1	1	0.852699995041
1	0	0.612815856934
1	1	0.653030157089
1	1	0.706719875336
1	1	0.506732940674
1	0	0.586512088776
1	1	1.71900415421
1	0	1.22617220879
5	1	0.786643028259
6	1	0.480025053024
5	0	0.65296792984
5	1	0.479563951492
5	1	0.479753017426
6	1	0.47976398468
5	1	0.439960002899
5	1	0.533316135406
5	1	0.493259191513
5	1	0.586275100708
5	0	1.0260989666
6	1	0.733273029327
6	1	1.27954101562
6	1	0.760076999664
5	0	0.87948012352
6	1	1.33226299286
5	1	0.572851896286
6	0	0.532850027084
6	1	0.559568881989
5	1	0.54612493515
5	1	0.332851886749
6	0	0.319670915604
6	1	0.586088895798
6	1	0.452805995941
5	1	0.572901964188
6	0	0.506194114685
6	0	0.559459924698
6	0	2.37185096741
5	0	1.865639925
6	0	1.27911615372
5	0	1.09287405014
5	1	0.652951955795
6	1	0.626148939133
5	1	0.75957608223
5	1	0.612900972366
5	0	1.93272900581
6	1	0.493098974228
6	1	1.026252985
6	1	1.14599895477
5	1	2.35856604576
5	0	0.999545097351
6	1	0.840007781982
6	0	0.986166954041
5	1	0.892853975296
6	1	0.693125009537
5	1	0.839597940445
6	1	0.666119098663
5	1	1.42607688904
6	0	0.586237192154
6	1	0.679899930954
6	0	0.733349084854
6	1	1.17282485962
5	1	0.626692056656
6	1	0.772912025452
6	0	1.90567994118
5	1	0.559725999832
5	1	0.733114004135
5	1	3.65180206299
5	1	0.466560840607
5	1	0.586533069611
5	1	3.42518901825
6	1	0.453229188919
5	1	0.49329996109
5	0	0.386618852615
5	0	0.879486083984
5	0	0.639451980591
6	1	0.612927913666
5	0	0.506278991699
5	0	0.612904071808
5	1	0.932975053787
5	1	1.1861371994
5	0	0.706633090973
5	1	1.47957587242
6	1	0.480026960373
6	1	0.48001909256
6	0	0.852843999863
6	0	3.38463711739
5	1	0.559534788132
6	1	0.572808980942
6	1	0.532876968384
5	1	0.559545040131
6	0	0.932835817337
6	1	0.666333913803
5	1	0.8794298172
5	1	0.519556045532
5	0	0.586144924164
5	1	1.51918077469
5	1	0.506530046463
6	0	0.61333990097
5	1	0.57327914238
5	1	0.626465082169
6	1	1.14628601074
5	0	1.18606305122
6	1	2.13231611252
6	0	1.47943401337
6	1	1.02611899376
5	1	0.746119976044
6	0	0.53332901001
5	1	1.03944087029
5	1	0.559487104416
5	1	0.50617313385
6	1	0.732797861099
6	1	0.839846134186
6	1	0.533370018005
6	1	0.479991912842
6	1	0.626251935959
5	0	0.946191072464
5	1	2.63886904716
6	1	0.986048936844
6	0	0.839432954788
5	0	1.99891090393
6	1	0.559516906738
5	0	0.546185016632
6	1	0.5860850811
6	1	0.572737932205
6	0	0.852752923965
5	0	0.653349876404
5	1	0.439968824387
5	1	0.546627044678
6	0	0.892642021179
5	1	1.37233400345
6	0	0.65271282196
5	1	0.626088857651
5	1	0.506184101105
6	1	0.493008852005
4	1	0.439921855927
4	1	0.546581983566
4	1	0.493402957916
4	0	0.480041027069
4	1	0.586656093597
4	1	0.520080089569
4	0	0.413144111633
4	1	0.546610832214
4	1	0.479976892471
4	0	1.10617613792
4	1	0.933089017868
4	1	1.69226098061
4	1	0.519460916519
4	1	0.692800045013
4	0	0.572726964951
4	1	0.732809066772
4	1	0.799598932266
4	1	0.786151170731
4	1	0.972793102264
4	0	0.626668930054
4	1	0.519849061966
4	1	0.706146001816
4	1	0.972831964493
4	0	0.98620891571
4	0	2.54513502121
4	1	1.23950195312
4	1	0.679442882538
4	0	1.02614402771
4	1	0.600015878677
4	1	0.693196058273
4	1	0.612863063812
4	1	0.772840023041
4	0	0.852738857269
4	0	0.61324596405
4	0	0.480112075806
4	1	0.506669998169
4	1	0.506611824036
4	1	0.520006895065
4	0	0.679697990417
4	1	0.626113176346
4	1	0.612781047821
4	1	0.519545078278
4	1	0.786110162735
4	0	0.533256053925
4	0	0.892891168594
4	1	0.906095981598
4	1	0.519637823105
4	1	0.533094882965
4	1	0.506614923477
4	1	0.880053043365
4	1	0.51987195015
4	0	0.732913970947
4	1	1.50563502312
4	0	0.559533119202
4	1	0.55949306488
4	1	0.412785053253
4	0	0.466133832932
4	0	0.692785024643
4	1	0.57288479805
4	0	1.27933812141
4	1	4.07802915573
4	1	0.559798002243
4	1	0.732931137085
4	1	2.41192293167
4	0	2.61198186874
4	0	1.73234200478
4	0	2.45208406448
4	1	0.826246023178
4	1	1.63944816589
4	1	0.49334192276
4	1	0.58628988266
4	0	0.519514799118
4	1	0.719590902328
4	1	0.479542016983
4	0	0.599562168121
4	0	0.506191968918
4	1	0.559705018997
4	1	1.0526740551
4	1	0.652888774872
4	1	0.73289513588
4	1	0.626196861267
4	0	1.47955989838
4	1	2.30563402176
4	0	0.559473991394
4	1	1.02607297897
4	0	0.572787046432
4	1	0.799482107162
4	1	0.532885074615
4	1	0.559538125992
4	1	1.18585109711
4	1	0.532890796661
4	1	0.559527873993
4	1	0.466282129288
4	1	0.466187953949
4	1	0.466251134872
4	0	0.599436044693
4	1	2.21207690239
4	1	1.29276490211
4	1	0.493304014206
4	1	0.653174161911
4	0	0.559705972672
4	1	2.97181200981
4	1	0.69305896759
4	1	0.453305006027
4	0	0.4666659832
4	1	0.493283987045
4	1	0.506627082825
4	1	0.720054149628
4	1	0.240071058273
4	0	0.266762971878
4	1	0.772773981094
4	1	0.466634988785
4	0	0.653337955475
4	0	1.38622093201
4	0	1.14617490768
4	1	0.972784996033
4	1	1.19956111908
4	0	0.733308076859
4	0	1.57284116745
4	0	6.74324607849
4	1	0.626183986664
4	0	0.559486865997
4	1	0.812867879868
4	1	0.680105924606
4	1	0.413301944733
5	1	0.532811880112
5	1	0.479520082474
5	0	0.666121006012
5	0	0.732800006866
5	1	0.773313045502
5	0	0.919482946396
5	1	0.532835960388
5	1	0.692692041397
6	1	0.640053987503
5	1	0.586714982986
5	1	0.479844093323
5	1	0.39996099472
5	1	0.479995965958
6	1	0.413393974304
6	1	0.453348875046
6	0	0.5066010952
6	1	0.586606025696
5	1	0.533352136612
5	1	0.53334903717
6	1	0.559937953949
5	1	0.560019016266
5	1	0.692867040634
5	1	0.61277794838
6	1	0.679465055466
5	1	0.586076021194
5	1	0.599747896194
5	0	0.546652078629
6	1	0.613298177719
6	1	0.573437929153
6	1	0.613090991974
5	1	0.572887897491
5	1	0.612830877304
5	1	0.839536190033
6	1	0.693181991577
6	1	0.586627960205
6	0	0.693049192429
5	1	0.572914123535
5	1	0.559459924698
5	0	0.706035852432
6	0	2.31844997406
6	1	0.986074924469
6	1	0.493402004242
6	1	0.533322095871
6	1	0.573311805725
6	1	0.546730995178
6	1	0.706228017807
6	1	0.879646062851
5	1	1.55924701691
5	0	0.773169994354
5	0	0.65313911438
5	1	7.36988592148
5	0	4.15804004669
6	1	0.586565971375
6	1	5.78422212601
5	0	0.626271009445
5	0	0.666124105453
5	0	0.372833013535
5	1	0.892912864685
6	1	0.626439094543
6	1	0.479933023453
6	1	0.440066099167
6	1	0.51988697052
6	1	0.786737918854
6	0	1.61254310608
5	1	2.02572202682
5	1	2.15887999535
5	0	0.586097002029
6	0	0.492885828018
6	1	0.492882966995
6	1	0.972887992859
5	1	0.493273973465
5	1	0.520036220551
5	0	2.26569700241
6	0	0.453325033188
5	0	0.733177185059
5	1	0.573271036148
6	0	0.506709098816
5	0	1.35956287384
6	1	1.05282306671
5	1	3.78466892242
5	1	0.919667959213
6	1	0.772827148438
6	1	0.519572973251
6	1	1.05278515816
5	0	0.586380958557
5	1	0.63942193985
6	1	0.559421062469
5	0	0.772825956345
6	0	0.719691991806
6	1	0.87948513031
6	1	0.639503955841
5	1	1.25262880325
6	1	0.55958199501
6	1	0.559540987015
5	1	0.866166114807
5	0	0.933031082153
6	1	0.866199970245
5	0	0.812911987305
6	1	0.653352975845
5	1	0.560039997101
6	1	0.61318898201
6	1	0.533055067062
5	1	0.612823963165
5	1	0.732782125473
6	0	0.81289100647
5	1	0.653291940689
6	1	0.546711206436
5	0	0.812876939774
5	0	1.71903705597
5	0	0.692826032639
6	1	0.653439998627
6	1	0.90623998642
6	0	1.11954689026
5	1	3.45191383362
5	0	5.14422512054
6	1	0.732934951782
6	1	0.413311004639
5	1	0.666660785675
5	1	0.439999103546
6	1	0.519942045212
6	1	0.533315181732
6	1	0.746151924133
7	1	0.506717920303
7	1	0.520088911057
8	0	0.506689071655
7	1	0.613412857056
7	1	0.866145133972
7	1	0.719472169876
8	1	0.533107995987
7	1	0.493137121201
7	0	0.599885940552
7	1	0.560026884079
7	0	0.546636104584
7	1	0.586780071259
8	1	0.892925024033
8	1	0.959502220154
7	1	0.519996166229
7	1	0.666686058044
8	0	0.506755828857
7	1	0.599630832672
7	1	0.532829046249
7	0	0.58610701561
7	1	0.532857894897
7	1	0.492850065231
8	1	0.466192960739
7	1	0.506078958511
8	0	0.506197929382
8	1	0.852880001068
7	1	0.68009519577
7	0	0.972801923752
8	0	0.639402151108
8	1	0.559508085251
8	1	0.55953502655
7	1	0.506311893463
8	1	0.9330971241
8	0	0.5596139431
7	1	0.559505224228
8	1	0.986187934875
8	1	0.893033027649
7	0	0.799518108368
8	1	0.706142902374
8	0	0.986182928085
7	1	0.679478883743
8	1	0.572777032852
8	1	0.732708930969
7	1	1.23930501938
7	1	0.639497041702
7	1	0.799471139908
7	0	0.666642904282
8	1	0.986140966415
7	1	0.73282289505
7	1	1.39957809448
8	1	1.06601285934
8	1	2.30559515953
8	1	0.559829950333
8	1	0.59946513176
8	1	0.652750968933
8	1	0.47949886322
8	1	1.1461379528
7	0	0.812876939774
7	1	1.01289200783
8	0	0.666630029678
7	0	0.79953122139
8	1	0.679515838623
7	1	0.546040058136
7	1	0.572890043259
7	0	0.519773960114
8	1	0.453123092651
7	1	0.466357946396
8	1	0.453006982803
7	0	0.519478082657
8	1	0.812868118286
7	1	0.812889814377
7	0	2.14560413361
8	1	0.560019016266
8	1	1.50607013702
8	1	0.546649932861
8	1	0.440029859543
8	1	0.479956865311
7	1	0.466686964035
7	1	0.732875108719
7	1	0.706228971481
8	1	0.546227931976
7	0	0.572825908661
7	1	0.492807149887
7	1	0.746155023575
8	1	0.519925117493
7	0	0.653337001801
8	1	0.639932155609
8	1	0.519809007645
8	0	0.599482059479
8	0	0.719535827637
7	1	0.759485960007
8	1	1.05274581909
7	1	1.21280884743
7	1	1.18615412712
8	1	0.693300962448
8	1	0.639976024628
7	0	0.799452066422
7	0	0.852877140045
7	1	0.773325920105
7	1	0.706129074097
8	1	1.71896719933
7	0	1.38576793671
8	1	0.679430961609
8	1	0.54612493515
7	1	0.412825107574
7	0	0.439530849457
7	1	0.586114883423
8	1	0.546116828918
7	1	0.599597930908
8	1	0.613348007202
8	1	0.479918956757
7	0	0.466592073441
7	1	0.493409156799
7	0	0.54679107666
8	1	0.480009078979
8	0	0.55995798111
7	1	0.533313035965
8	1	0.586585044861
7	1	1.03951311111
7	0	2.30515313148
8	1	2.1857509613
7	0	1.43960213661
7	1	0.653020143509
8	0	0.812834978104
8	0	0.586310863495
7	1	1.62572789192
8	0	3.85178089142
8	1	2.89179897308
7	1	1.46555089951
1	1	0.429275989532
1	1	0.64982008934
1	1	0.404366970062
1	0	0.626361846924
1	1	0.443873882294
1	1	0.363901138306
1	1	0.514706134796
1	1	0.475250959396
1	1	0.553952932358
1	1	0.508450031281
1	1	0.627384901047
1	1	0.489463090897
1	0	1.06187105179
1	0	0.683414936066
1	1	0.496514081955
1	0	0.673837900162
1	1	0.579843044281
1	1	0.651470899582
1	0	0.546391963959
1	0	0.658246994019
1	1	0.540296077728
1	1	0.475612878799
1	1	0.604202032089
1	1	0.529271125793
1	1	0.788537979126
1	1	1.02602481842
1	1	2.76366996765
1	1	0.649210929871
1	1	0.531584024429
1	1	0.49862909317
1	1	0.73174905777
1	1	0.595721960068
1	1	0.586910963058
1	1	0.691891908646
1	1	0.508151054382
1	1	0.627722978592
1	1	0.514266967773
1	1	0.70018696785
1	1	0.722831964493
1	1	0.699934005737
1	1	0.48118686676
1	1	0.555208921432
1	1	0.539849042892
1	1	0.586736917496
1	1	0.53927397728
1	1	0.643890857697
1	1	0.570842027664
1	1	0.547560930252
1	1	0.554119825363
1	1	0.620105981827
1	1	0.867267131805
1	0	0.466274023056
1	1	0.475646018982
1	1	1.290102005
1	1	0.517766952515
1	1	0.488778114319
1	1	0.555938959122
1	1	0.498514175415
1	1	0.490854978561
1	1	0.573820114136
1	1	0.561231136322
1	1	0.572144985199
1	1	0.552497148514
1	1	0.66698718071
1	1	0.476147890091
1	1	0.755303144455
1	0	0.724714994431
1	1	1.58604097366
1	1	0.858237028122
1	1	0.508856058121
1	1	0.497157812119
1	1	0.507081985474
1	1	1.0776219368
1	1	0.514909982681
1	1	0.537407159805
1	0	0.652857065201
1	0	1.7388689518
1	1	0.659080982208
1	1	0.842559099197
1	1	0.716403961182
1	1	0.479902029037
1	1	0.570635080338
1	1	0.597324848175
1	1	0.545424938202
1	1	0.484899044037
1	1	0.499660015106
1	1	0.547367811203
1	1	0.497621059418
1	1	0.62859916687
1	0	0.788056850433
1	0	0.578682899475
1	1	0.532155036926
1	1	0.539973020554
1	1	0.650991201401
1	1	0.41908788681
1	1	0.386519908905
1	1	0.499905109406
1	1	0.441354036331
1	1	0.490172863007
1	1	0.778588056564
1	1	0.473798036575
1	0	0.668213129044
1	1	0.69167304039
1	1	0.442831993103
1	1	0.512591123581
1	1	0.443958997726
1	1	0.348453998566
1	1	0.488955974579
1	1	0.42774105072
1	0	0.355156898499
1	1	0.54597401619
1	0	0.523895025253
1	1	0.892059803009
1	1	0.555743932724
1	1	0.466559886932
1	1	0.491963148117
1	1	0.545734167099
1	1	0.5150578022
1	0	1.24612402916
1	1	0.433746099472
1	1	0.506701946259
1	1	0.441876888275
1	1	0.629487991333
1	1	0.769285917282
1	1	0.554790019989
1	1	0.54632806778
1	1	0.581715106964
1	1	0.529084920883
1	0	0.499311208725
1	1	0.523553133011
1	0	0.684398889542
1	1	0.507136106491
1	1	0.556298017502
1	1	0.448905944824
1	1	0.420291900635
1	1	0.579320907593
1	1	0.460613012314
1	1	1.03251504898
1	1	0.501067876816
1	0	0.3394510746
3	0	0.612642049789
3	1	0.58615899086
3	1	0.885272026062
3	1	0.482772827148
3	1	0.483306884766
3	1	0.396259069443
3	1	0.498907089233
3	1	0.425902843475
3	1	0.452543973923
3	1	0.409603118896
3	0	0.523369073868
3	1	0.441706180573
3	1	0.459233999252
3	1	0.433946847916
3	1	0.699229955673
3	1	0.39352107048
3	0	0.652054071426
3	0	0.386069059372
3	0	0.419533014297
3	0	0.467144012451
3	1	0.388284921646
3	1	0.418427944183
3	1	0.540544986725
3	0	0.449528217316
3	1	0.651614904404
3	1	0.675497055054
3	1	0.899310112
3	1	0.906121015549
3	0	0.468215942383
3	1	0.651500940323
3	1	0.657800197601
3	0	0.99474811554
3	1	0.714735984802
3	0	0.7697930336
3	1	0.900305986404
3	1	0.874435901642
3	0	0.499812841415
3	1	0.522700071335
3	1	0.449928998947
3	1	0.444305896759
3	0	0.690775156021
3	1	0.704916000366
3	1	0.451539993286
3	1	0.581265926361
3	1	0.507485866547
3	1	0.59429693222
3	1	0.488988161087
3	1	0.499656200409
3	1	0.467296123505
3	1	0.531132936478
3	1	0.612715005875
3	1	0.456148147583
3	1	0.498700857162
3	1	0.530593156815
3	0	0.626755952835
3	1	0.483152151108
3	1	0.467876911163
3	1	0.443458795547
3	1	0.474757909775
3	0	0.642790079117
3	1	0.619916915894
3	0	0.586869955063
3	1	0.588152170181
3	1	0.474337100983
3	1	0.609241962433
3	1	0.571670055389
3	1	0.444466114044
3	1	0.762116909027
3	0	0.724522829056
3	1	1.63407588005
3	1	0.515363931656
3	1	0.499290943146
3	1	1.28136992455
3	1	0.826761007309
3	1	0.555269002914
3	0	0.890830039978
3	1	0.76458978653
3	1	0.43706202507
3	0	0.608599185944
3	1	0.643542051315
3	1	0.620220184326
3	1	1.21065402031
3	1	0.6747610569
3	0	0.788628101349
3	1	0.897104978561
3	1	0.531056165695
3	1	0.557296037674
3	0	0.601448059082
3	0	1.71505093575
3	1	1.16230797768
3	0	1.18117713928
3	1	0.785129070282
3	1	1.16308403015
3	0	2.3805680275
3	1	1.14596199989
3	1	1.45730996132
3	1	1.57112908363
3	1	0.890902042389
3	0	1.03728604317
3	1	0.698663949966
3	1	0.609492063522
3	0	1.17211508751
3	1	1.07462501526
3	1	0.946259975433
3	1	0.618368148804
3	1	0.858352899551
3	1	0.482923030853
3	1	0.644490003586
3	1	0.505261898041
3	1	0.650986909866
3	1	0.549152135849
3	1	0.745973110199
3	1	0.490697860718
3	1	0.498867034912
3	1	0.778833150864
3	1	0.674373865128
3	1	0.500504970551
3	1	0.458482027054
3	0	0.748418092728
3	1	0.672810077667
3	1	0.522279977798
3	1	0.907076835632
3	1	0.475629091263
3	1	1.26677489281
3	0	0.897237062454
3	1	5.52987790108
3	1	1.01248812675
3	0	2.00998997688
3	1	1.43485307693
3	1	0.713042020798
3	1	0.619714975357
3	1	0.436664819717
3	1	0.553174972534
2	1	0.388067960739
2	1	0.481942176819
2	1	0.436493873596
2	1	0.425554990768
2	1	0.508400917053
2	1	0.490611076355
2	1	0.465756893158
2	1	0.500201940536
2	1	0.434741020203
2	1	0.460839986801
2	0	0.499202013016
2	1	0.529985904694
2	0	0.644273996353
2	0	0.624490976334
2	1	0.786195039749
2	1	0.555722951889
2	1	0.906888961792
2	0	0.64279794693
2	1	0.636355161667
2	1	0.523128986359
2	1	1.27357602119
2	1	1.07738399506
2	1	1.41079688072
2	1	2.47469687462
2	1	1.32408595085
2	1	0.986716032028
2	0	0.760224819183
2	1	1.20217680931
2	1	0.459161996841
2	1	3.5641040802
2	0	2.21157693863
2	0	3.71445608139
2	1	6.23582220078
2	1	2.75439214706
2	1	3.17835307121
2	1	7.3254430294
2	1	7.87395381927
2	1	0.476444959641
2	0	7.16301608086
2	0	9.88864994049
2	1	0.610368967056
2	1	0.612125873566
2	1	0.836249113083
2	0	5.86734294891
2	0	8.34688901901
2	1	0.497661828995
2	0	4.70051598549
2	1	0.69379901886
2	1	7.52269911766
2	1	0.859075069427
7	0	0.676113843918
7	1	0.483873128891
7	1	0.505940914154
7	1	0.596017837524
7	1	0.541523933411
8	1	0.464621067047
8	1	0.493172168732
7	1	0.504595041275
8	1	0.562072992325
7	1	0.450862884521
7	0	0.491277933121
7	0	0.451499938965
7	0	0.402604818344
8	1	0.546165943146
7	1	0.685282945633
7	1	0.497620820999
7	1	0.460844993591
7	1	0.483295202255
8	0	0.391088008881
7	1	0.419447898865
8	1	0.484005212784
7	1	0.530009031296
7	1	0.476073026657
8	1	0.499181032181
8	1	0.449506044388
8	1	0.389502048492
8	1	0.44044303894
8	1	0.435970067978
7	1	0.62913107872
8	1	0.499032020569
7	1	0.754379034042
8	1	0.514302968979
8	1	0.426732778549
8	1	0.56507396698
7	1	0.512995004654
7	1	0.473875045776
7	1	0.529950141907
7	1	0.523730993271
8	1	0.645024061203
7	1	0.464420080185
8	1	0.541356086731
7	1	0.554012060165
7	1	0.458690881729
7	1	0.4206199646
8	1	0.394966125488
7	1	0.411489009857
7	1	0.402746915817
8	1	0.427031993866
8	1	0.43571305275
8	1	0.555028915405
8	1	0.426568984985
8	1	0.451767921448
8	1	0.471782922745
8	1	0.459995985031
7	1	0.443228006363
7	1	0.37210392952
7	1	0.402163982391
7	1	0.400156021118
8	1	0.451362133026
7	1	0.388066053391
8	1	0.412205934525
8	1	0.626812934875
7	1	0.46617102623
7	1	0.401671171188
7	1	0.469341993332
7	1	0.42623591423
7	1	0.412163972855
7	1	0.777649879456
8	1	0.427366018295
7	1	0.457093954086
8	1	0.428447961807
8	1	0.489310026169
7	1	0.405472040176
7	1	0.466644048691
7	0	0.562668085098
8	1	0.501390218735
8	1	0.441490888596
8	1	0.451743125916
7	0	1.14610791206
8	1	0.44979596138
8	1	0.539364099503
7	0	0.485599994659
8	0	0.969071865082
8	1	0.452940940857
7	1	0.440706968307
7	1	0.410973072052
8	1	0.454607009888
7	1	0.425967931747
8	1	0.320434093475
8	1	0.405301094055
7	1	0.426995038986
7	1	1.01771807671
7	1	0.418333053589
7	1	0.636007070541
8	1	0.554789066315
8	1	0.458919048309
7	1	0.468527078629
7	0	0.411977052689
7	0	0.595890045166
8	1	0.452085018158
7	1	0.402009010315
8	1	0.484560012817
8	1	0.43420290947
7	1	0.466934919357
8	1	0.50049495697
7	1	0.458363056183
7	1	0.410056114197
8	1	0.433721780777
7	1	0.508281946182
7	1	0.459057092667
8	1	0.380940914154
7	0	0.418767929077
7	0	0.387663125992
7	0	0.386455059052
7	1	0.492275953293
7	0	0.460222959518
7	1	0.401032924652
8	1	0.396106958389
7	1	0.442997932434
8	1	0.482774972916
7	1	0.611526966095
8	1	0.475988864899
8	1	0.337797164917
7	1	0.459698200226
8	1	0.537388086319
7	1	0.571895122528
8	1	0.419131040573
7	1	0.468637943268
7	1	0.545569896698
7	1	0.427360057831
8	1	0.486253023148
8	1	0.416813135147
7	0	0.681840896606
8	1	0.437772035599
8	1	0.352885961533
7	1	1.17874193192
7	1	0.539352893829
7	1	1.14638209343
7	1	0.56579709053
7	0	0.521380186081
8	1	0.915952920914
7	1	0.485419034958
8	1	0.483531951904
7	1	0.602718114853
7	1	0.396209955215
7	1	0.481362104416
7	1	0.419500827789
7	1	0.467983007431
7	1	0.404111862183
7	1	0.3796210289
8	0	0.378226995468
7	1	0.443510055542
7	1	0.436494112015
7	1	0.427892923355
8	1	0.376661062241
8	1	0.381224870682
7	1	0.505589008331
7	1	0.408918857574
8	1	0.451930999756
8	1	0.52458691597
7	1	0.731506109238
8	0	0.36918091774
8	1	0.38932299614
8	1	0.450679779053
8	1	0.457025051117
8	0	0.539556026459
7	1	0.410494089127
7	1	0.339208841324
8	1	0.364750862122
8	0	0.538483858109
8	1	1.13846611977
7	1	0.683315992355
7	1	0.579668045044
7	1	0.467157125473
8	1	0.524131059647
8	1	0.777943134308
8	0	1.42718482018
8	1	0.777505874634
7	1	0.91594004631
8	1	0.552925109863
8	1	0.573495864868
7	1	1.21052193642
8	1	0.920895814896
7	0	0.698434114456
7	1	0.508511066437
7	0	0.643088102341
7	1	1.00086712837
8	1	0.829369068146
7	1	0.738729953766
8	1	0.595369100571
7	0	0.89035320282
7	1	0.739140033722
7	0	0.860862970352
8	1	0.442252159119
7	1	0.786664962769
7	1	0.675860881805
7	1	1.00321102142
8	1	0.836251020432
8	1	0.908339977264
8	1	0.642575979233
8	1	1.90589904785
7	1	0.490763902664
8	0	0.643610954285
8	0	1.48461699486
8	1	0.57683801651
7	1	0.498918056488
7	1	0.601999998093
7	1	0.692848205566
8	1	0.467226982117
7	0	0.546205043793
7	0	0.66624712944
8	1	0.611529827118
7	1	0.442862033844
8	1	0.469056129456
8	0	0.650372028351
7	1	0.555554151535
8	1	0.55565404892
8	1	0.553658008575
8	1	0.660718917847
8	1	0.826992988586
7	1	0.649893045425
8	0	0.795648097992
7	1	0.692445993423
8	1	0.794405937195
7	1	1.59641695023
8	0	1.00221991539
7	1	0.468372106552
8	1	0.754547119141
7	1	0.876724004745
8	1	0.802922964096
8	0	0.643970012665
8	1	1.79429602623
7	1	0.464767932892
7	0	0.699686050415
7	1	0.482440948486
8	1	0.451020002365
7	1	0.380032062531
8	1	0.42635178566
8	1	0.413492202759
8	1	0.449737787247
7	1	0.498859882355
8	1	0.556612014771
8	1	0.52928185463
8	1	0.45156788826
8	1	0.485450983047
8	1	0.75482583046
8	0	1.13691401482
8	0	0.548938989639
8	1	0.480772018433
7	1	0.565510034561
7	1	0.672684907913
8	1	0.548901081085
8	1	0.450489997864
7	1	0.43289899826
7	1	0.644448041916
8	1	0.516329050064
7	1	0.418585062027
8	1	0.417580842972
7	1	0.436522006989
8	1	0.336621046066
7	1	0.35422706604
8	1	0.362725973129
7	1	0.372570037842
8	1	0.579425096512
8	1	0.363363027573
8	1	0.403932094574
8	0	0.473847150803
7	1	0.392678976059
7	1	0.435060024261
7	1	0.426342010498
8	1	0.388334989548
8	1	0.306874990463
7	0	0.339938163757
7	1	0.473953962326
7	1	0.394649028778
8	1	0.388607978821
8	1	0.419983863831
8	1	0.434522867203
7	1	0.481813907623
8	1	0.477560043335
8	1	0.417569160461
8	1	0.62033200264
7	1	0.483330965042
7	1	0.385769128799
7	1	0.434601068497
7	1	0.435623884201
7	1	0.649563074112
8	1	0.475173950195
8	1	0.30672287941
8	1	0.442823171616
8	0	0.365082025528
8	0	0.395575046539
4	1	0.433563947678
4	1	0.394885063171
4	1	0.436747074127
4	0	0.507261991501
4	1	0.372862815857
4	1	0.419764041901
4	1	0.475791931152
4	0	0.523474931717
4	1	0.633963108063
4	1	0.748347043991
4	1	0.50469493866
4	1	0.530920028687
4	1	0.501167058945
4	1	0.424908876419
4	1	0.681860923767
4	1	0.498502016068
4	1	0.498563051224
4	1	0.413099050522
4	0	0.786797046661
4	0	0.482544898987
4	1	0.499418973923
4	1	0.640582084656
4	1	0.467661857605
4	1	0.737941026688
4	1	0.444521903992
4	1	0.602613925934
4	1	0.514830112457
4	1	0.941613197327
4	1	0.457260131836
4	1	0.508020877838
4	1	0.914169073105
4	1	0.619265079498
4	1	0.5147960186
4	1	0.476889848709
4	1	0.490880966187
4	0	0.562316179276
4	1	0.681674003601
4	1	0.451271057129
4	1	0.466516017914
4	1	0.507837057114
4	1	0.625854969025
4	1	0.595686912537
4	1	0.692875146866
4	1	0.482484102249
4	1	0.473937988281
4	0	0.978624105453
4	1	0.500452041626
4	1	0.595345973969
4	0	0.648772001266
4	1	1.1316421032
4	1	0.452028989792
4	1	0.490545988083
4	0	0.780103206635
4	1	0.43598985672
4	1	0.570832967758
4	1	0.522540807724
4	1	0.961770057678
4	1	0.475435018539
4	1	0.781275987625
4	0	1.20104193687
4	1	0.939432144165
4	1	0.556442975998
4	1	0.443690061569
4	1	0.442978143692
4	0	0.489398002625
4	1	0.419336080551
4	1	0.580236911774
4	1	0.506445884705
4	1	0.747036933899
4	1	0.467976093292
4	1	1.02561807632
4	1	1.73472619057
4	1	0.363119125366
4	1	0.449950218201
4	1	0.433419942856
4	1	0.509385108948
4	0	0.43313908577
4	1	0.630111932755
4	1	0.504220962524
4	1	0.573562145233
4	1	0.961491107941
4	0	0.666262865067
4	1	0.924909114838
4	1	0.583653926849
4	0	1.16535210609
4	1	0.794914960861
4	1	0.641601085663
4	1	1.23564505577
4	1	0.5932970047
4	1	1.0136179924
4	1	0.586423158646
4	1	0.395846128464
4	1	0.842298984528
4	1	0.459668159485
4	0	0.379709005356
4	0	0.563101053238
4	1	0.475507974625
4	0	0.49150800705
4	1	0.442469120026
4	0	0.475232124329
4	1	0.389055967331
4	1	0.426111936569
4	1	0.388256072998
4	1	0.482717037201
4	1	0.491706848145
4	1	0.434647083282
4	1	0.395233869553
4	1	0.388687133789
4	1	0.490709066391
4	1	0.356029033661
4	1	0.426405906677
4	1	0.394147872925
4	1	0.412911176682
4	0	0.346274137497
4	0	0.306415081024
4	1	0.436309099197
4	1	0.618493080139
4	1	0.571410179138
4	1	0.490059137344
4	1	0.505967140198
4	0	0.411604881287
4	1	0.402856111526
4	0	0.355751037598
4	1	0.443420171738
4	1	0.450699806213
4	1	0.394304990768
4	1	0.46706700325
4	0	0.388642072678
4	0	0.418756008148
4	0	0.497888088226
4	1	0.778923034668
4	1	0.460161209106
4	1	0.498686790466
4	1	0.418930053711
4	1	0.546957969666
4	1	0.469317913055
4	1	0.530648946762
4	1	0.658124923706
4	1	0.58895611763
4	1	1.01232194901
4	1	0.444025039673
4	1	0.546213150024
4	1	0.369914054871
4	1	0.443027019501
4	1	0.417278051376
5	0	0.459394216537
6	1	0.613299846649
5	1	0.459494113922
6	1	0.665745973587
6	0	0.560920953751
5	1	0.533796072006
6	1	0.745783090591
5	1	0.548758029938
6	1	0.547769069672
6	0	0.706306934357
5	1	0.691203117371
6	1	0.786784172058
6	1	0.636496782303
6	0	0.548051834106
5	1	0.426463127136
6	0	0.450232982635
5	1	0.569702148438
6	1	0.532105922699
5	1	0.529826164246
6	1	0.587859869003
5	1	0.48393702507
5	0	0.465177059174
5	0	0.689883947372
5	1	0.529350996017
6	1	0.434460163116
6	0	0.490967035294
5	1	0.476259946823
5	0	0.540565013885
6	1	0.456567049026
5	1	0.514533996582
6	0	0.515357017517
6	1	0.505168199539
5	1	0.51508307457
5	0	0.770718812943
6	1	1.27556610107
6	1	0.410845041275
5	1	0.418404102325
6	1	0.621150016785
5	0	0.640806913376
6	1	0.636754989624
6	1	0.619657039642
6	0	0.755200147629
6	1	0.595445156097
6	1	0.563345909119
5	1	0.44450211525
6	0	0.504393100739
5	1	0.405304908752
5	0	0.514343976974
5	1	0.54175901413
5	0	0.616687059402
6	1	0.594989061356
5	0	0.476227998734
5	1	0.875060081482
6	1	0.986939191818
6	1	0.714230060577
5	1	0.531753063202
6	0	0.420197963715
6	1	0.482369184494
6	1	0.532345056534
5	1	0.568681955338
6	1	0.522974967957
6	0	0.483247995377
6	1	0.67537522316
6	1	0.980845928192
5	1	0.545830011368
6	0	0.795985937119
5	1	0.738718986511
6	1	0.586237192154
6	1	0.483695030212
5	1	1.09249997139
5	1	0.609227895737
6	1	0.537309885025
5	1	0.515397071838
6	1	0.5481300354
5	1	0.644523143768
6	1	0.4657330513
5	1	0.536546945572
6	1	0.493054866791
5	1	0.712581157684
6	1	0.53927397728
5	0	0.675394058228
6	1	0.794421195984
5	1	0.476692199707
6	1	0.466776847839
6	1	0.433484792709
5	0	0.355581998825
5	1	0.500190019608
5	0	0.649843931198
6	0	0.516125917435
5	1	0.55370593071
5	1	0.626397132874
5	1	0.557355165482
5	1	0.545534133911
6	1	0.395364046097
5	0	0.379451036453
5	0	0.604363918304
5	0	0.802279949188
6	1	0.523802995682
5	1	0.58745598793
6	1	0.434479951859
6	0	0.514243841171
5	1	1.33325099945
6	1	0.593643188477
6	1	0.460683107376
5	1	0.724412918091
6	1	0.425229072571
5	1	1.05169987679
6	1	0.490576028824
6	1	0.492480993271
5	1	0.450860023499
6	1	0.466382980347
5	1	0.491545915604
5	1	0.515948057175
6	1	0.475424051285
5	0	1.30751395226
6	1	0.612070083618
5	0	0.640357017517
5	1	0.525118112564
6	1	1.05044078827
6	1	0.91752409935
6	1	0.498508930206
6	1	0.62513589859
5	1	0.515423059464
6	1	0.597477197647
5	1	0.730062961578
5	1	0.60401892662
5	0	1.14508080482
6	1	0.436398029327
6	1	0.544484853745
6	1	0.642931938171
5	1	0.482699155807
5	1	0.474848031998
5	0	0.540241956711
5	1	0.801483869553
5	0	0.522168159485
6	1	0.458850860596
6	1	0.461403131485
6	1	0.401345968246
6	1	0.412204027176
6	1	0.517243862152
6	1	0.442274093628
6	0	0.32183098793
6	1	0.387862205505
6	1	0.515825986862
6	1	0.442842006683
6	0	0.408533096313
6	1	0.458667039871
6	1	0.475021123886
5	1	0.411165952682
5	1	0.410900831223
5	1	0.427156925201
5	1	0.419625997543
6	1	0.394737958908
5	1	0.424349784851
6	1	0.380628824234
6	1	0.466767072678
5	1	0.408802986145
6	1	0.363420009613
5	1	0.363899946213
5	1	0.43617105484
6	1	0.449109077454
5	1	0.475014925003
6	1	0.464938163757
5	1	0.429128170013
5	1	1.4450469017
5	1	0.417222976685
5	1	0.449467897415
5	1	0.534279108047
5	1	0.450305938721
5	1	0.474677085876
5	1	0.460155963898
5	1	0.40079498291
5	1	0.45995593071
6	1	0.484040021896
6	1	0.514919996262
6	1	0.619969129562
6	1	0.490813970566
5	1	0.525266885757
6	1	0.49010682106
5	1	0.593856096268
5	1	0.428544998169
5	1	0.666002035141
5	1	0.548928976059
6	1	0.656997919083
5	1	0.435186862946
6	1	0.418210983276
5	1	0.522264003754
5	1	0.547453165054
5	1	0.466797113419
6	1	0.562301158905
6	1	0.483354091644
6	1	0.409312009811
5	1	0.353754997253
6	0	0.467210054398
6	1	0.626257896423
5	1	0.394973039627
6	1	0.475479125977
5	1	0.39623093605
6	1	0.601696968079
6	0	0.435716152191
5	1	0.459319114685
5	1	0.401080131531
6	1	0.466172933578
6	1	0.498881816864
6	1	0.421444892883
5	1	0.538042068481
6	1	0.450951099396
5	1	0.531371116638
6	1	0.42644906044
6	1	0.595455169678
5	0	0.62531208992
6	1	0.404361009598
6	1	0.442589044571
5	1	0.433688879013
6	1	0.489584207535
5	0	0.468386888504
6	1	0.557415962219
6	1	0.450411081314
5	1	0.43390083313
6	1	0.445138931274
6	1	0.433199167252
5	1	0.516377925873
6	1	0.493556976318
6	0	0.489179849625
6	0	0.65968298912
5	1	0.539607048035
5	1	0.435606956482
5	1	0.435281991959
5	0	0.4591319561
6	1	0.522325992584
6	1	0.442490100861
6	1	0.509829998016
6	1	0.467642068863
6	1	0.449647903442
5	1	1.03690099716
5	1	0.473953008652
5	1	0.388736009598
6	1	0.402286052704
6	0	0.676160097122
6	1	0.451141119003
5	1	0.440654039383
5	1	0.761652946472
5	0	0.467386007309
6	1	0.507339000702
5	1	0.539587974548
6	1	0.484400987625
6	1	0.592772960663
5	1	0.57093501091
6	1	0.690618991852
5	0	0.50089097023
5	1	0.499756097794
6	1	0.506149053574
5	1	0.572890043259
5	1	0.642452001572
5	1	0.579581975937
6	1	0.627690076828
6	1	0.699532032013
5	0	0.770229816437
5	1	0.35631608963
5	1	0.748175144196
6	1	0.681239128113
5	1	0.428296089172
5	1	0.466135978699
6	1	0.476405858994
5	0	0.523335933685
6	1	0.432831048965
5	1	0.410887002945
6	1	0.450711011887
5	1	0.532360076904
6	1	0.449986934662
5	1	0.389608860016
6	1	0.418776988983
6	1	0.427481889725
6	1	0.429357051849
5	1	0.586530923843
5	1	0.491488933563
5	0	0.468340873718
6	1	0.393733024597
6	1	0.476021051407
6	1	0.410914897919
6	1	0.419324159622
5	1	0.442887067795
5	1	0.425989151001
6	1	0.478158950806
5	1	0.440196990967
5	1	0.5173869133
5	1	0.435427904129
6	1	0.428468227386
6	1	0.466591119766
6	1	0.432718992233
6	1	0.433880805969
5	1	0.500971078873
5	1	0.393658876419
