7	1	8.76198410988
8	1	1.70978403091
8	1	0.746631860733
7	1	1.15420985222
8	1	0.964420080185
8	1	1.08320403099
8	1	1.12952613831
8	1	1.22855687141
7	1	8.49023103714
8	1	4.97820591927
7	1	4.57185697556
8	1	1.30583500862
7	1	0.667999982834
8	1	0.700315952301
8	1	1.50629806519
8	1	0.970433950424
8	1	1.70063185692
8	1	1.55455589294
7	1	2.16408991814
8	1	1.0550301075
7	1	2.30700683594
8	1	3.52394914627
8	1	1.27583599091
8	1	2.8504679203
7	1	3.31306195259
8	1	0.988144159317
8	1	0.937561988831
7	1	1.60392212868
7	1	1.33714199066
8	1	0.804484128952
8	1	0.873916864395
8	1	0.682942152023
7	1	1.87555217743
8	1	0.880967855453
8	1	0.667938947678
8	1	0.891201972961
8	1	0.996094942093
7	1	0.960585832596
8	1	0.757907867432
8	1	1.0674059391
7	1	0.634431838989
8	1	0.587649822235
7	1	2.52109289169
7	1	1.02771306038
7	1	3.58695006371
7	1	9.1308529377
8	1	0.901345968246
7	1	0.601296186447
7	1	1.08369398117
7	1	0.563241004944
8	1	0.963536024094
7	1	3.3785431385
8	1	1.39374995232
7	1	3.69741797447
7	1	0.789352893829
7	1	1.81899785995
7	1	1.20915484428
8	1	1.46613717079
7	1	5.19588804245
8	1	4.22662305832
7	1	1.01933288574
8	1	0.714988946915
8	1	0.643054008484
7	1	0.980576992035
8	1	0.625869989395
8	1	1.46070480347
8	1	1.05837321281
8	1	5.21738481522
7	1	0.732757806778
8	1	0.705825805664
8	1	1.09898400307
8	1	3.69089984894
7	1	2.78889083862
8	1	1.05077719688
8	1	4.30085110664
8	1	3.65281200409
7	1	4.27291083336
8	1	1.09060907364
8	1	1.17153906822
7	1	7.26549601555
8	1	0.641148090363
7	1	2.36414480209
8	1	0.706735134125
8	1	0.882565021515
7	1	1.07511615753
8	1	1.16416406631
6	1	2.17743515968
5	1	3.45976614952
6	1	1.65776801109
5	1	1.37979006767
6	1	0.768470048904
6	1	1.50070405006
6	1	0.706594944
6	1	0.644085884094
5	1	0.996062994003
5	1	0.690833091736
5	1	0.569911956787
5	1	0.963934898376
5	1	0.498600006104
5	1	0.611680030823
5	1	0.779190063477
6	1	0.560612916946
6	1	0.555615901947
6	1	0.84435915947
5	1	0.4942278862
6	1	0.688870191574
5	1	0.723648071289
6	1	0.586631059647
6	1	0.777677059174
5	1	0.705582141876
6	1	0.636247873306
6	1	0.604281187057
5	1	0.642530918121
5	1	0.944628000259
6	1	1.51681494713
6	1	0.643760919571
5	1	4.86624598503
6	1	0.651704072952
6	1	1.25966000557
6	1	0.571394920349
5	1	2.57994318008
5	1	0.601536035538
6	1	1.52321505547
5	1	1.36493992805
6	1	0.705126047134
6	1	0.825037956238
5	1	1.10989999771
5	0	4.00007891655
5	1	1.26743912697
6	1	0.699898004532
6	1	4.59243392944
6	1	5.15537786484
5	1	1.9951980114
5	1	1.06787705421
5	1	2.05738186836
5	1	7.46707391739
5	1	4.0828640461
6	1	0.997857093811
6	1	0.64897608757
5	1	3.01967716217
5	1	0.901398897171
6	1	1.09871506691
6	1	5.05149102211
6	1	4.49945902824
5	1	3.2479531765
5	1	7.97258615494
5	1	3.51788711548
6	1	0.986552000046
6	1	0.841297864914
5	1	1.60559511185
6	1	1.68904399872
6	1	1.51598286629
5	1	1.5803630352
5	1	0.785852909088
5	1	8.94761395454
5	1	1.12955617905
6	1	1.04437708855
6	1	0.797129154205
5	1	1.0491437912
6	1	1.10063886642
6	1	2.27371311188
6	1	1.02021193504
6	1	0.841398954391
6	1	0.724329948425
5	1	0.770575046539
6	1	0.973040819168
6	1	0.682090997696
5	1	0.947231769562
5	1	2.02441096306
5	1	0.586531162262
6	1	0.653287887573
5	1	1.01792907715
5	1	0.669951915741
6	1	0.570699930191
6	1	0.645274162292
5	1	1.96031498909
5	1	0.643384933472
6	1	1.26861214638
6	1	2.05988502502
5	1	0.740240097046
5	1	0.529329061508
5	1	0.73929309845
5	1	0.963384866714
4	1	1.04204010963
4	1	0.539696931839
4	1	0.619715929031
4	1	0.473323822021
4	1	0.93820309639
4	1	0.642169952393
4	1	7.1225631237
4	1	0.661296129227
4	1	0.770383834839
4	1	1.45946288109
4	1	0.547553062439
4	1	0.691147089005
4	1	0.689175128937
4	1	0.811601877213
4	1	1.39403891563
4	1	6.3407599926
4	1	3.04397511482
4	1	1.62391114235
4	1	0.89099407196
4	1	5.8613960743
4	1	1.42805194855
4	1	0.831763029099
4	1	0.78927898407
4	1	1.40175008774
4	1	0.786489009857
4	1	0.802860021591
4	1	0.78968000412
4	1	1.62534785271
4	1	0.777468919754
4	1	0.654476165771
4	1	1.34699988365
4	1	1.24215602875
4	1	1.06556987762
4	1	1.97407913208
4	1	0.914047002792
4	1	1.04417610168
4	1	0.611940145493
4	1	0.624442815781
4	1	1.28539586067
4	1	0.907147169113
4	1	0.665955781937
4	1	0.973322868347
4	1	0.563658952713
4	1	0.563853979111
4	1	0.975898981094
4	1	0.548938989639
4	1	0.642920017242
4	1	0.682119131088
4	1	0.546303033829
4	1	1.34835600853
4	1	1.57814097404
4	1	0.531683921814
4	1	0.61260008812
4	1	0.483905076981
4	1	6.12972092628
4	1	4.12495183945
4	0	2.05027198792
4	0	3.77165603638
4	1	4.52240800858
4	1	0.907585144043
4	1	8.12230110168
4	1	6.43748307228
4	1	4.57587885857
4	1	3.75671505928
4	1	1.35485005379
4	1	3.44287800789
4	1	1.27600193024
4	1	1.0426800251
4	1	1.13064813614
4	1	0.874957799911
4	1	5.18621587753
4	1	4.13073301315
4	1	2.02034711838
4	1	7.27535486221
4	1	2.17798399925
4	1	5.40429282188
4	1	4.48908114433
4	1	5.11711788177
4	1	6.04958295822
4	1	1.33905506134
4	1	1.10718894005
4	1	1.63618898392
4	1	4.15570306778
4	1	1.28206801414
2	1	1.39471697807
2	1	4.23550701141
2	1	5.84218597412
2	1	3.30918216705
2	1	0.754722833633
2	1	6.83504390717
2	1	3.21849417686
2	1	1.05279898643
2	1	0.962134122849
2	1	2.17900300026
2	1	0.728673219681
2	1	0.700303077698
2	1	1.10614705086
2	1	1.16661906242
2	1	1.76205992699
2	1	1.1538310051
2	1	1.85131001472
2	1	0.60409784317
2	1	0.834857940674
2	1	0.620249986649
2	1	1.0651819706
2	1	0.69920706749
2	1	1.72586202621
2	1	0.619323015213
2	1	0.985818862915
2	1	0.563153028488
2	1	1.24481916428
2	1	0.489284992218
2	1	0.547267913818
2	1	2.22159290314
2	1	0.553757190704
2	1	0.667537927628
2	1	0.618563890457
2	1	0.564753055573
2	1	0.579910993576
2	1	0.593250989914
2	1	1.45975613594
2	1	0.579483985901
2	1	0.786217927933
2	1	0.740067958832
2	1	5.89153599739
2	1	0.659080982208
2	1	0.554866075516
2	1	0.540113925934
2	1	0.490134000778
2	1	0.564795970917
2	1	0.55439209938
2	1	0.529971837997
2	1	0.754585027695
2	1	0.596549034119
2	1	0.528918981552
2	1	0.523801088333
2	0	5.10837316513
2	1	3.3535399437
2	1	0.955235004425
2	1	0.593230962753
2	1	1.47530889511
2	1	0.56268286705
2	1	1.79727816582
2	1	1.32124996185
2	1	3.26744890213
2	1	0.690320014954
2	1	0.564717054367
2	1	1.31455683708
2	1	5.16341900826
2	0	0.330096006393
2	1	1.18709182739
2	1	0.913823843002
2	1	3.10264897346
2	1	0.721210956573
2	1	0.939319849014
2	1	0.601948022842
2	1	0.650052785873
2	1	2.58751010895
2	1	0.516940832138
2	1	2.82592082024
2	1	1.1869058609
2	1	3.86169195175
2	1	1.73002314568
2	1	0.739264011383
2	1	0.56970000267
2	1	7.46180701256
2	1	0.889498949051
2	1	0.692100048065
2	1	0.978235006332
2	1	2.29956507683
2	1	0.706352949142
2	1	0.94765996933
2	1	3.93133091927
2	1	2.513048172
2	0	1.50967979431
2	1	1.38695120811
2	1	1.31298303604
2	1	0.78640294075
2	1	0.821480035782
2	1	0.553730010986
2	1	1.37825202942
2	1	0.571316003799
2	1	1.58651900291
6	1	0.963560819626
6	1	0.716048002243
5	1	0.859467029572
5	1	0.586499929428
5	1	0.681762933731
6	1	0.538384914398
6	1	0.778944969177
6	1	1.54857420921
5	1	0.979413986206
5	1	0.609276771545
6	1	0.804693937302
6	1	0.572556972504
6	1	0.816047906876
5	1	1.484842062
6	1	0.578549861908
6	1	0.498145103455
5	1	0.549108982086
6	1	0.594875097275
5	1	1.00185585022
6	1	0.677533864975
5	1	0.722047805786
5	1	1.34628605843
6	1	0.509413957596
5	1	6.73060107231
5	1	0.562390089035
6	1	0.619831085205
5	1	0.544125080109
5	1	0.579588890076
5	1	1.02806591988
6	1	0.947587966919
5	1	0.489473819733
5	1	0.601217031479
5	1	0.508463859558
6	1	1.21205186844
6	1	0.714744091034
5	1	0.561675071716
5	1	0.802655935287
6	1	1.38781309128
6	1	0.636492967606
5	1	1.66702103615
5	1	0.516097068787
6	1	2.55782294273
5	1	0.729645013809
6	1	0.65919303894
5	1	1.54571485519
6	1	0.555639982224
5	1	0.497956037521
5	1	0.651240110397
5	1	0.532320976257
5	1	1.05966091156
6	1	1.81937384605
5	1	1.03544306755
5	1	0.496673107147
5	1	0.93140411377
6	1	0.498562097549
5	1	0.641360998154
6	1	0.451006174088
6	1	0.724804878235
6	1	0.609102010727
6	1	0.571300983429
5	1	0.79456782341
6	1	0.39549279213
5	1	0.74832701683
6	1	0.536853075027
5	1	0.489620923996
5	1	0.610643148422
5	1	0.788383960724
5	1	2.3212749958
5	1	7.4600250721
5	1	2.60443687439
5	1	1.65984892845
5	1	0.72442984581
6	0	1.18508195877
6	1	1.1869430542
5	1	0.813030004501
5	1	6.20266389847
6	1	0.596279859543
5	1	0.6019718647
5	1	0.963505029678
5	1	0.642394065857
5	1	6.33623600006
5	1	3.25902414322
5	1	1.17090702057
5	1	1.17226600647
5	1	0.977046012878
6	1	0.596965789795
6	1	1.08342003822
6	1	0.939945220947
6	1	0.722656011581
5	1	0.891072034836
6	1	2.15852594376
5	1	1.32044291496
5	1	5.51633405685
6	1	0.602094888687
5	1	2.89891195297
6	1	1.79482197762
6	1	0.794903039932
6	1	1.16465592384
6	1	1.09158682823
6	1	0.768763065338
5	1	0.907053947449
6	1	0.620532035828
5	1	0.639766931534
6	1	1.50917887688
5	1	0.602280855179
6	1	0.650780916214
5	1	0.596565008163
6	1	0.980345010757
5	1	3.5870320797
6	1	0.497667074203
6	1	0.604691982269
3	1	0.684673070908
3	1	0.529603004456
3	1	0.530343055725
3	1	0.803703069687
3	1	0.50226187706
3	1	0.818576097488
3	1	0.852035999298
3	1	0.442361116409
3	1	0.515316963196
3	1	0.586730957031
3	1	0.547813177109
3	1	0.731503009796
3	1	0.419100046158
3	1	0.53996014595
3	1	0.883150100708
3	1	0.531293869019
3	1	0.993871927261
3	0	0.525264024734
3	1	0.9295129776
3	1	0.547047138214
3	1	0.595746040344
3	1	0.538069963455
3	1	0.532853126526
3	1	0.512989997864
3	1	0.379626989365
3	1	0.628177881241
3	1	0.505734920502
3	1	0.611485958099
3	1	0.55735707283
3	1	0.466229915619
3	1	0.939191102982
3	1	2.02837204933
3	1	0.706902980804
3	1	0.529309988022
3	1	0.492799043655
3	1	2.68149495125
3	1	0.554463863373
3	1	0.651741027832
3	1	0.595454931259
3	1	0.523718118668
3	1	1.29920387268
3	1	1.42878103256
3	1	0.524441957474
3	1	0.505237102509
3	1	0.556854009628
3	1	2.26469993591
3	1	2.43529295921
3	1	0.557096004486
3	1	0.480713844299
3	1	1.13858795166
3	1	0.570353031158
3	1	1.20510601997
3	1	0.528739929199
3	1	1.69012999535
3	1	0.499191999435
3	1	1.23665308952
3	1	0.560837984085
3	1	0.850415945053
3	1	0.493682861328
3	1	0.499310016632
3	1	0.523599147797
3	1	0.531763076782
3	1	0.449602127075
3	1	0.548557043076
3	1	0.475230932236
3	1	1.38049888611
3	1	3.8116300106
3	1	0.689553976059
3	1	0.908933877945
3	1	0.657382011414
3	1	0.611488819122
3	1	0.649631977081
3	1	0.499951839447
3	1	1.51390194893
3	1	0.5313539505
3	1	0.611248970032
3	1	1.69916796684
3	1	0.627151966095
3	1	0.965214014053
3	1	0.913521051407
3	1	0.925298929214
3	1	0.986521959305
3	1	0.537610054016
3	1	0.634368896484
3	1	0.533844947815
3	1	0.42656493187
3	1	0.627693891525
3	1	0.954488039017
3	1	0.507137060165
3	1	2.25114703178
3	1	0.49888086319
3	1	0.637475967407
3	1	0.553928136826
3	1	3.72408294678
3	1	0.683481216431
3	1	2.56112599373
3	1	1.69243216515
3	1	0.539931058884
3	1	0.555981874466
3	1	0.587341785431
3	1	0.530109167099
3	1	0.79593205452
3	1	0.506099939346
3	1	0.516379117966
3	1	1.10431694984
3	1	0.692986011505
3	1	2.01861906052
3	1	0.571457147598
3	1	1.30509614944
3	1	0.668992996216
3	1	0.506546974182
3	1	7.28978681564
3	1	1.72233700752
3	1	0.587962865829
3	1	1.12993979454
3	1	0.819868803024
3	1	1.02025914192
3	1	0.624689102173
3	1	0.591375112534
3	1	0.578145027161
3	1	0.583859920502
3	1	0.547633886337
3	1	0.529923915863
3	1	0.964078187943
7	1	0.858977079391
8	1	0.860462188721
8	1	0.482017040253
7	1	1.04324913025
7	1	0.663839101791
8	1	0.651746988297
7	1	0.707490921021
8	1	0.841798067093
8	1	0.563264131546
7	1	0.626743078232
7	1	0.531779050827
7	1	1.01182723045
7	1	0.634173870087
8	1	0.866013050079
7	1	1.22881984711
8	1	0.499925851822
8	1	0.554435968399
7	1	0.795770168304
7	1	0.507401943207
8	1	0.905852079391
8	1	0.715184926987
8	1	0.628649950027
8	1	0.577341079712
7	1	0.597067117691
7	1	0.628484010696
7	1	0.713698863983
8	1	0.476197957993
8	1	0.777116775513
7	1	0.418966054916
8	1	0.466610908508
8	1	4.32321596146
8	1	1.94024300575
8	1	0.595854043961
7	1	0.740010976791
8	1	0.553454875946
7	1	0.620052099228
7	1	3.66572189331
7	1	0.846261024475
7	1	0.600388050079
7	1	0.437391042709
8	1	0.649907112122
8	1	0.898632049561
8	1	4.3095099926
7	1	1.54617190361
7	1	2.31467199326
7	1	0.953753948212
8	1	1.16235685349
8	1	0.514117002487
8	1	0.659954071045
8	1	0.500082969666
8	1	0.466859102249
7	1	0.513731956482
7	1	0.524644851685
8	1	0.67618393898
8	1	0.459130048752
7	1	0.570842027664
7	1	0.554301977158
8	1	0.451714038849
7	1	0.625868082047
7	1	0.451894044876
7	1	1.7380900383
8	1	0.620608091354
7	1	0.545944929123
8	1	0.48433804512
7	1	0.760843992233
8	1	1.76370310783
8	1	0.690566062927
7	1	0.545495986938
7	1	1.45322179794
8	1	0.527202129364
7	1	0.578867197037
7	1	0.63614487648
7	1	0.49750494957
8	1	0.458435058594
7	1	1.31831693649
7	1	1.00297498703
7	1	0.67428612709
7	1	0.489809989929
7	1	2.24203205109
8	1	0.828458070755
7	1	0.577924013138
8	1	0.547647953033
8	1	2.23534297943
7	1	2.25922203064
7	1	0.770416021347
8	1	0.443786859512
7	1	0.826246976852
8	1	0.461160182953
8	1	3.86685204506
7	1	3.87445998192
7	1	3.42053604126
7	1	4.26567721367
7	1	0.746310949326
7	1	0.683007001877
8	1	0.926082134247
8	1	0.513320922852
8	1	0.449541091919
7	1	1.16597294807
7	1	0.673270940781
8	1	0.867495059967
8	1	0.714467048645
7	1	0.739776849747
8	1	1.66855096817
7	1	0.810703039169
8	1	1.1692109108
8	1	0.443835020065
8	1	0.530997991562
7	1	0.490520000458
8	1	2.76336288452
7	1	0.613424062729
8	1	1.41829895973
7	1	1.80967783928
8	1	1.29386901855
7	1	1.61078691483
8	1	1.66707897186
7	1	1.56304311752
7	1	1.57749390602
1	1	0.554831981659
1	1	0.443839073181
1	1	0.489686012268
1	1	0.532382965088
1	1	0.490211009979
1	1	0.563699960709
1	1	0.418221950531
1	1	1.08169698715
1	1	0.540107011795
1	1	0.434000968933
1	1	0.498332977295
1	1	0.49209189415
1	1	0.551795005798
1	1	0.580751180649
1	1	0.44339799881
1	1	0.411843061447
1	1	0.393702983856
1	1	0.51518201828
1	1	0.474313020706
1	1	0.748222112656
1	1	0.490123033524
1	1	0.5231590271
1	1	0.484471082687
1	1	0.545665979385
1	1	0.428462982178
1	1	0.499032020569
1	1	0.481978178024
1	1	0.49995803833
1	1	0.50759601593
1	1	0.563699007034
1	1	0.50812292099
1	1	0.537426948547
1	1	0.444244146347
1	1	0.618371009827
1	1	0.641545057297
1	1	0.787119865417
1	1	0.469225168228
1	1	0.627768039703
1	1	0.627205848694
1	1	0.449236869812
1	1	0.676826000214
1	1	0.545892000198
1	1	0.522793054581
1	1	0.931521892548
1	1	1.11600494385
1	1	0.675584077835
1	1	1.24987101555
1	1	2.98635315895
1	1	1.38899612427
1	1	0.552330970764
1	1	0.596843957901
1	1	0.562680959702
1	1	1.56235098839
1	1	0.653207063675
1	1	1.06689500809
1	1	0.617865085602
1	1	0.474651813507
1	1	2.3088760376
1	1	0.843425035477
1	1	0.689476013184
1	1	0.572922945023
1	1	0.530517816544
1	1	0.492630958557
1	1	0.473722934723
1	1	0.443979024887
1	1	0.47589302063
1	1	0.587357997894
1	1	0.893149137497
1	1	1.01828217506
1	1	0.609152078629
1	1	1.76330304146
1	1	1.29185700417
1	1	0.546415805817
1	1	0.467242956161
1	1	3.97144412994
1	1	0.642941951752
1	1	0.644397974014
1	1	1.3372399807
1	1	0.643971920013
1	1	0.780251026154
1	1	0.545305967331
1	1	0.563513040543
1	1	1.28098607063
1	1	0.500843048096
1	1	0.488854885101
1	1	0.787171125412
1	1	0.737372159958
1	1	0.532091140747
1	1	0.596367835999
1	1	0.474626064301
1	1	0.514919042587
1	0	1.24336600304
1	1	3.84456205368
1	1	3.95471096039
1	1	0.57191491127
1	1	0.708024024963
1	1	0.584053993225
1	1	0.499133110046
1	1	0.507313013077
1	1	0.531496047974
1	1	1.13014316559
1	1	1.29171609879
1	1	1.01031017303
1	1	0.530824184418
1	1	0.698858976364
1	1	0.508012056351
1	1	0.603413105011
1	1	1.09848594666
1	1	0.561779975891
1	1	0.49242401123
1	1	0.875921010971
1	1	0.496410131454
1	1	0.461002826691
1	1	0.673482894897
1	1	1.29166007042
1	1	1.04619622231
1	1	0.625766038895
1	1	0.467941999435
1	1	0.394612073898
1	1	0.690769910812
1	1	0.492661952972
1	1	0.553766965866
1	1	0.421779155731
1	1	0.489666938782
1	1	0.427499055862
1	1	0.466580867767
1	1	0.419770002365
1	1	0.778509140015
1	1	0.994993925095
1	1	0.432857036591
1	1	1.33207082748
1	1	0.837634801865
4	1	0.962635040283
4	1	0.490329027176
4	1	0.497946023941
4	1	0.516485929489
4	1	0.392846107483
4	1	0.451787948608
4	1	0.560278892517
4	1	0.398191213608
4	1	0.855288982391
4	1	0.474997997284
4	0	0.908123970032
4	1	0.488207101822
4	1	0.428766965866
4	1	0.634878158569
4	1	1.28287601471
4	1	0.643557071686
4	1	1.18477988243
4	1	0.450166940689
4	1	0.379807949066
4	1	0.865846157074
4	1	0.415951013565
4	1	0.446228981018
4	1	0.474131822586
4	1	0.969794034958
4	1	0.643127918243
4	1	0.555446863174
4	1	0.451370954514
4	1	0.803490877151
4	1	0.471449136734
4	1	0.778064966202
4	1	0.580471992493
4	1	0.993475914001
4	1	0.642254829407
4	1	0.640243053436
4	1	0.468201875687
4	1	0.465937852859
4	1	0.452018022537
4	1	0.473744869232
4	1	0.507850885391
4	1	0.84158205986
4	1	1.99926710129
4	1	0.56326508522
4	1	0.963557958603
4	1	1.07268095016
4	1	0.61007809639
4	1	0.836674928665
4	1	1.02339410782
4	1	0.892027854919
4	1	0.52192401886
4	1	0.539467811584
4	1	0.410549163818
4	1	0.746033906937
4	1	0.684808969498
4	1	0.553875207901
4	1	0.562816858292
4	1	0.457569122314
4	1	0.442197084427
4	1	0.603516101837
4	1	0.42525601387
4	1	0.4271671772
4	1	0.60432600975
4	1	0.731310844421
4	1	0.5210750103
4	1	0.482911109924
4	1	0.594444990158
4	1	0.506953001022
4	1	0.874253034592
4	1	0.5320789814
4	1	0.780589103699
4	1	0.864950895309
4	1	0.826793909073
4	1	0.506242036819
4	1	0.512747049332
4	1	0.48294711113
4	1	0.513703107834
4	1	0.523823976517
4	1	0.418235063553
4	1	0.600919008255
4	1	0.579652070999
4	1	0.386440992355
4	1	1.54672503471
4	1	0.484450817108
4	1	0.522291898727
4	0	0.458770036697
4	1	0.649965047836
4	1	0.530826091766
4	1	0.435176849365
4	1	0.569847106934
4	1	0.500486135483
4	1	0.442409038544
4	1	0.402637958527
4	1	0.699708938599
4	1	0.618005990982
4	1	0.507147073746
4	1	0.506814956665
4	1	0.69876408577
4	1	0.746501922607
4	1	2.96943116188
4	1	0.554260015488
4	1	0.865893125534
4	1	0.50501203537
4	1	0.481700181961
4	1	1.35667109489
4	1	0.6959400177
4	1	0.717509031296
4	1	0.611143112183
4	1	0.569905996323
4	1	0.913615942001
4	1	0.534564971924
4	1	0.437599897385
4	1	0.824895143509
4	1	0.489168167114
4	1	0.556033849716
4	1	0.704012870789
4	1	0.467481136322
4	1	0.426639080048
4	1	0.464430093765
4	1	0.347056865692
4	1	0.338396072388
4	1	0.443419933319
4	1	0.615658998489
4	1	0.524747848511
4	0	0.400036096573
4	1	0.428611040115
4	1	0.6820499897
4	1	0.404170036316
4	1	0.473135948181
4	1	0.427158117294
4	1	0.442831039429
4	1	0.48147892952
4	1	0.634630918503
4	1	0.405563116074
4	1	0.520982027054
4	1	0.444860219955
4	1	0.353423118591
4	1	0.394134998322
4	1	0.658150911331
4	1	0.802703857422
4	1	0.468589067459
4	1	0.567523002625
7	1	0.651968955994
7	1	0.386834859848
7	1	0.457036018372
8	1	0.650665998459
8	1	0.467823028564
8	1	0.473293066025
8	1	0.426090955734
8	1	1.12791991234
8	1	0.452731132507
8	1	0.458323955536
8	1	0.426565170288
7	1	0.480791091919
7	1	0.387403964996
8	1	0.418797969818
7	1	0.530460834503
8	1	0.44441485405
8	1	0.474849939346
7	1	0.441092967987
7	1	0.468252897263
8	1	0.387048006058
7	1	0.508115053177
8	1	0.425714015961
8	1	0.363348960876
8	1	0.45809006691
7	1	0.385234117508
8	1	0.349650859833
8	1	0.681433916092
8	1	0.394665956497
7	1	0.489530801773
7	1	0.437662124634
7	1	0.489768028259
8	1	0.38094496727
7	1	0.583421945572
8	1	0.547957181931
7	1	0.473318099976
8	1	0.401443004608
8	1	0.514913082123
7	1	0.401389122009
8	1	0.337113142014
7	1	0.52236700058
8	1	0.453529119492
8	1	0.562321901321
8	1	0.337260961533
8	1	0.403192043304
8	1	0.392978906631
7	1	0.322079896927
7	1	0.435996055603
8	1	0.44988322258
8	1	0.379225969315
7	1	0.569792985916
8	1	0.393647909164
7	1	0.369940042496
8	1	0.619787931442
8	1	0.450824975967
7	1	0.386502981186
7	1	0.435081958771
8	1	0.394307136536
8	1	0.547626018524
8	1	0.434056043625
8	1	0.447861909866
7	0	0.752156972885
7	1	0.460761070251
7	1	0.338846206665
7	1	0.577547073364
7	1	0.37747502327
7	1	0.474159002304
8	1	0.444748878479
8	1	0.489982128143
8	1	0.433604955673
7	1	0.35519695282
7	1	0.531459093094
7	1	0.395703077316
7	1	1.03949093819
8	1	0.363778829575
7	1	0.44344496727
7	1	0.58616900444
8	1	0.394175052643
8	1	0.49840092659
7	1	0.514209985733
8	1	0.403031110764
7	1	0.408643007278
8	1	0.738844871521
8	1	0.403060913086
7	1	0.739940881729
7	1	0.394019126892
8	1	0.400188207626
7	1	0.379511117935
8	1	0.42555308342
8	1	0.497422933578
7	1	0.722949981689
7	1	0.579209804535
8	1	0.419670820236
7	1	0.376938819885
8	1	0.411695957184
8	1	0.450607061386
7	1	0.482017040253
8	1	0.426862955093
8	1	0.403158903122
7	1	0.369251966476
7	1	0.579349994659
8	1	0.362112998962
8	1	0.474536895752
8	1	0.39408493042
8	1	0.420667171478
7	1	0.433474063873
7	1	0.476025104523
8	1	0.337597846985
7	1	0.29945898056
8	1	0.354601860046
8	1	0.377228021622
8	1	0.420111894608
7	1	0.401073932648
7	1	0.353308200836
8	1	0.435118913651
7	0	0.420469999313
8	1	0.449450969696
8	1	0.378247022629
8	1	0.313462018967
7	1	0.39487695694
8	1	0.46010184288
7	1	0.48105597496
7	1	0.739217996597
7	1	0.452316045761
7	1	0.536911964417
8	1	0.611581087112
8	1	0.529188156128
7	1	0.442836999893
7	1	0.403224945068
8	1	0.547457933426
8	1	0.424932956696
8	1	0.45948600769
8	1	0.417238950729
7	1	0.420828104019
7	1	1.07968091965
8	1	0.42659497261
8	1	0.458039999008
8	1	0.393599033356
8	1	0.395634889603
8	1	0.42418718338
8	1	1.99503397942
8	1	0.474285125732
7	1	0.496610164642
8	1	0.442977905273
7	1	0.403481960297
7	1	0.480988025665
7	1	0.692543029785
8	1	0.368371009827
7	1	0.579972982407
8	1	0.53035402298
7	1	0.466099977493
7	1	0.420031070709
1	1	0.461363077164
1	1	0.44313621521
1	1	0.455161809921
1	1	0.419205904007
1	1	0.387537956238
1	1	0.393696069717
1	1	0.418241977692
1	1	0.378935098648
1	1	0.332122802734
1	0	0.322458028793
1	1	0.666355133057
1	1	0.416741132736
1	1	0.396428108215
1	1	0.354115962982
1	1	0.36033821106
1	1	0.4110891819
1	1	0.315814971924
1	1	0.427123069763
1	0	0.505124807358
1	1	0.477020978928
1	1	0.376846075058
1	1	0.416911125183
1	1	0.355755090714
1	1	0.386464118958
1	1	0.378942966461
1	1	0.405007123947
1	1	0.545825958252
1	1	0.38579916954
1	1	0.395009040833
1	1	0.969543933868
1	1	0.42946600914
1	1	0.418202161789
1	1	0.393224000931
1	1	0.404489040375
1	1	0.400779008865
1	1	0.386110067368
1	1	0.364983797073
1	1	0.515023946762
1	1	0.449689149857
1	1	0.544979095459
1	1	0.42678809166
1	0	0.433794975281
1	1	0.442678928375
1	1	0.483528137207
1	1	0.401061058044
1	1	0.363569974899
1	1	0.370605945587
1	1	0.419821023941
1	1	0.418642044067
1	1	0.441040039062
1	1	0.436357975006
1	1	0.30410194397
1	1	0.331187009811
1	1	0.434026002884
1	1	0.395303964615
1	1	0.307730197906
1	1	0.496452093124
1	1	0.467709779739
1	1	0.371265888214
1	1	0.499250888824
1	1	0.536296129227
1	1	0.515929937363
1	1	0.666267871857
1	1	0.368381023407
1	1	0.410118818283
1	1	0.411821126938
1	1	0.458757162094
1	1	0.450102090836
1	1	0.441249132156
1	1	0.620747804642
1	1	0.417763948441
1	1	0.425531148911
1	1	0.443249940872
1	1	0.362867116928
1	1	0.521938085556
1	1	0.443311929703
1	1	0.379191160202
1	1	0.434303045273
1	1	0.532400846481
1	1	0.38521695137
1	1	0.363168954849
1	1	0.386195898056
1	1	0.343481063843
1	1	0.444242954254
1	0	0.354181051254
1	1	0.481920957565
1	1	0.504179000854
1	1	0.42822599411
1	1	0.426109075546
1	1	0.379285812378
1	1	0.434679985046
1	1	0.529353141785
1	1	0.468529939651
1	1	0.369833946228
1	1	0.505292892456
1	1	1.8757019043
1	1	0.498850822449
1	1	0.386234998703
1	1	0.4354159832
1	1	0.43386387825
1	1	0.459213972092
1	1	0.320168018341
1	1	0.402724027634
1	1	0.514004945755
1	1	0.515389919281
1	1	0.354331016541
1	1	0.369872093201
1	1	0.419851064682
1	1	0.364305973053
1	1	0.714276075363
1	1	0.505593061447
1	1	0.324740886688
1	1	0.433155059814
1	1	0.419507026672
1	1	0.353666067123
1	1	0.530956983566
1	1	0.451776027679
1	1	0.377116203308
1	1	0.371315002441
1	1	0.506484985352
1	1	0.425567150116
1	1	0.441314935684
1	1	0.540452957153
1	1	0.362577915192
1	1	0.451133012772
1	1	0.385236978531
1	1	0.425740003586
1	1	0.373386859894
1	1	0.441205024719
1	1	0.355848073959
1	1	0.449225187302
1	1	0.379013061523
1	1	0.442733049393
1	0	1.59296798706
1	1	0.474869012833
1	1	0.467913150787
1	1	0.385757923126
1	1	0.377585887909
1	1	0.402055025101
1	1	0.490715026855
1	1	0.491086006165
1	1	0.424582004547
1	1	0.411327838898
1	1	0.569476127625
1	1	0.385786056519
1	1	0.372024774551
1	1	0.528397083282
1	1	0.546223163605
1	1	0.47555398941
1	1	0.522228002548
1	1	0.47392988205
1	1	1.27391505241
1	1	0.444381952286
2	1	0.426615953445
2	1	0.363723039627
2	1	0.497877120972
2	1	0.474308013916
2	1	0.44509601593
2	1	0.370388031006
2	1	0.401784896851
2	0	0.392097949982
2	1	0.466953992844
2	1	0.545068025589
2	1	0.403252124786
2	1	1.632365942
2	1	1.89135980606
2	1	1.82726502419
2	1	0.410493135452
2	1	0.459550142288
2	1	0.455453872681
2	1	0.595738172531
2	1	0.529322147369
2	1	0.397028923035
2	1	0.417072057724
2	1	0.588256120682
2	1	0.953907012939
2	1	0.385385036469
2	0	0.563681125641
2	1	0.395247936249
2	1	0.609420061111
2	1	0.569734096527
2	1	0.49836397171
2	1	1.37005591393
2	1	0.618811845779
2	0	0.809349775314
2	1	0.684523105621
2	1	1.2019329071
2	1	0.474003076553
2	1	0.506509065628
2	1	0.594429016113
2	1	0.376736879349
2	1	0.625910043716
2	1	0.474449157715
2	1	0.337450027466
2	1	0.483813047409
2	1	0.570483207703
2	1	0.418930053711
2	1	0.626022100449
2	1	0.450602054596
2	1	0.481740951538
2	1	0.601716995239
2	1	0.369736909866
2	1	0.481862068176
2	1	0.395178079605
2	1	0.660243988037
2	1	0.544325113297
2	1	0.794871807098
2	1	0.564883947372
2	1	0.529520988464
2	1	0.523561000824
2	1	0.425121068954
2	1	0.530155181885
2	0	0.505764007568
2	1	0.780137062073
2	1	0.492435932159
2	1	0.440541028976
2	1	0.993942022324
2	1	1.29856204987
2	0	2.31974601746
2	1	0.451945066452
2	1	0.393186092377
2	1	0.41043806076
2	1	0.668125867844
2	1	0.536750793457
2	1	0.794670820236
2	1	0.412245035172
2	1	0.491473913193
2	1	0.447952985764
2	0	0.843352079391
2	1	0.417232036591
2	1	0.786606788635
2	1	1.77035498619
2	1	0.45857000351
2	1	1.11487603188
2	1	0.53625702858
2	1	0.481729984283
2	1	0.45799279213
2	1	0.930901050568
2	1	0.641858100891
2	1	0.443974971771
2	1	0.523997068405
2	1	0.498360872269
2	1	0.473882913589
2	0	0.562026977539
2	1	0.835886001587
2	1	0.712648153305
2	1	0.947895050049
2	1	0.546095132828
2	1	0.497677087784
2	1	0.66876912117
2	1	0.459924936295
2	1	0.395126104355
2	1	0.450047016144
2	1	0.459273099899
2	1	0.440873146057
2	1	0.458476066589
2	1	0.937523841858
2	1	0.883135080338
2	1	1.50546002388
2	1	0.514976024628
2	1	0.610574007034
2	1	0.643064022064
2	1	0.681649923325
2	1	0.497406959534
2	1	0.491769075394
2	1	0.602916002274
2	1	0.458224058151
2	1	0.759799003601
2	1	0.508195877075
2	1	0.435310125351
2	0	0.986211061478
2	1	0.514191150665
2	1	0.379708051682
2	1	0.370255947113
2	1	0.489789009094
2	1	0.385473966599
2	1	0.395478963852
2	1	0.437129020691
2	1	0.578351020813
2	1	0.448340892792
2	1	0.339450120926
2	1	0.539350032806
2	1	0.536628961563
2	1	1.26044607162
2	1	0.411091089249
2	1	0.442198038101
2	1	0.642774105072
2	1	0.562754154205
2	0	0.402765989304
2	1	0.612609148026
2	1	0.481062173843
2	1	0.451955080032
2	1	0.810972929001
2	1	0.599237918854
5	0	2.08213996887
5	1	0.755954027176
6	1	0.499063014984
5	1	0.562610149384
6	1	0.457011938095
5	0	1.77027893066
6	0	0.98791217804
5	1	0.871647119522
5	1	0.555599927902
5	1	0.547996997833
5	1	2.26343894005
5	1	0.469166994095
5	1	0.434129953384
5	1	0.600769042969
6	1	0.426853895187
6	1	0.492622852325
5	1	0.85632610321
5	1	0.42822098732
5	1	0.641295909882
6	1	0.475155830383
6	1	0.448508024216
5	1	0.411597967148
6	1	0.498894929886
5	1	0.475404024124
6	1	0.482218980789
5	1	0.434206008911
5	1	1.09028291702
6	1	2.2583091259
5	1	0.619254112244
6	1	0.45711016655
6	1	0.461376190186
6	1	0.328752040863
5	1	1.26024007797
5	1	1.67529296875
6	1	0.392747879028
6	1	0.537853002548
6	1	0.539927005768
6	1	0.450075864792
5	1	0.843122005463
5	1	0.953266143799
5	1	0.602857112885
5	1	0.635655879974
6	1	1.20223593712
6	1	0.925065994263
6	1	0.479895114899
6	1	0.723852872849
5	1	0.512294054031
5	1	0.548650979996
6	1	0.658528089523
5	1	0.698601961136
5	1	0.520160913467
5	1	0.836266040802
5	1	0.578455924988
6	1	0.491495132446
5	1	0.465526819229
6	1	0.475286960602
5	1	1.44762706757
6	1	0.716403007507
6	1	0.577752113342
6	1	0.435272932053
6	1	0.433096885681
5	0	0.396749973297
6	1	0.970968008041
5	1	0.434956073761
6	1	0.424209833145
6	1	0.508898973465
5	1	0.488654851913
6	1	0.507050037384
5	1	0.672877073288
6	1	0.434388875961
5	1	1.72175002098
5	1	0.436224937439
5	1	0.44168305397
6	1	0.522671937943
6	1	0.434939861298
5	1	0.435204982758
6	1	0.411092996597
5	1	0.433631896973
6	1	0.636789083481
6	1	0.424319982529
6	1	0.5810110569
5	1	0.433275938034
5	1	0.826992988586
5	1	0.450516939163
5	1	1.21043992043
5	1	0.699581861496
5	1	0.448528051376
5	1	0.412252902985
5	1	0.632805109024
5	1	0.516560077667
6	1	0.458520889282
6	1	0.927904844284
6	1	0.41276884079
6	0	1.16944003105
5	1	2.04119586945
6	1	2.28201293945
5	1	0.492079019547
6	1	0.506608009338
6	1	1.42476010323
6	1	0.468768119812
6	1	1.0673058033
5	1	0.49644780159
5	1	1.1383869648
6	1	0.426774024963
5	1	0.536140918732
6	1	0.651438951492
6	1	0.674008846283
5	1	0.53918504715
6	1	0.474744796753
6	1	0.435022115707
5	1	0.764196157455
5	1	0.68162894249
5	1	0.617316961288
6	1	0.546376943588
5	1	0.55663394928
5	1	1.6577129364
6	1	0.480628967285
6	1	0.485057115555
6	1	0.777359962463
5	1	0.450123071671
5	1	0.603167057037
6	1	0.571813106537
6	1	0.673689842224
6	1	0.499820947647
5	1	0.624176979065
5	1	0.444905042648
5	1	0.705642938614
6	1	0.617787837982
5	0	0.579240083694
5	1	0.73802280426
5	1	0.480662822723
5	1	0.476593017578
5	1	0.457171916962
5	1	0.549098968506
5	1	0.498952865601
6	1	0.450299024582
5	1	0.562373161316
5	1	0.523185968399
5	1	0.475539922714
5	1	0.755074977875
5	1	1.044039011
6	1	0.560710191727
6	1	0.5135679245
6	1	0.435421943665
5	1	0.797649860382
5	1	0.441410064697
5	1	0.607959032059
6	1	0.521927118301
6	1	0.466595888138
6	1	0.403422832489
6	1	0.37057185173
6	1	0.563576936722
5	1	0.426481962204
5	1	0.41631102562
5	1	0.441291809082
6	1	0.444624900818
5	1	0.433534145355
6	1	0.457140922546
5	1	0.436855077744
5	1	0.594964027405
5	1	0.426684141159
6	1	0.537117004395
5	1	0.746243953705
6	1	0.81743311882
6	1	1.0434191227
5	1	0.489795923233
5	1	0.73851108551
5	1	0.466247081757
6	1	0.449721097946
5	0	0.484866142273
6	1	0.59982585907
6	1	0.994135141373
5	1	0.698925018311
5	1	0.39449596405
5	1	0.451644897461
5	1	0.465886116028
6	1	0.411679029465
5	1	0.722184896469
6	1	0.499225139618
5	1	0.411514043808
6	1	0.40980887413
5	1	0.58571100235
5	0	0.433453083038
5	1	0.458911895752
5	1	0.416929960251
5	0	0.841898202896
5	1	1.61860609055
6	1	2.57283496857
6	1	0.554610013962
5	1	0.521709918976
6	1	0.595066070557
5	1	0.559880018234
6	1	0.473881006241
5	0	1.23571491241
5	1	1.64757514
6	1	0.506588935852
5	1	0.48198390007
5	1	0.482038974762
6	1	0.506417036057
5	1	0.707823038101
6	1	0.401418924332
6	1	0.428301095963
6	1	0.362468957901
6	1	0.458905220032
5	0	1.17798995972
6	0	1.36430907249
6	1	0.536666154861
5	1	0.849897861481
6	1	0.426723003387
6	1	0.54706287384
6	1	0.529030799866
5	1	0.994502067566
6	1	0.514842033386
5	1	0.427152872086
6	0	0.538738965988
6	1	1.77785205841
5	1	0.881466150284
5	0	1.39476299286
5	1	0.865783929825
5	1	0.777825832367
5	1	0.827224969864
5	0	0.706208944321
6	1	0.515016078949
5	1	0.522038936615
5	1	0.466553926468
5	1	0.537385940552
6	1	0.810373067856
6	1	1.3724219799
6	1	0.489006996155
6	1	1.83481311798
6	1	0.475001096725
5	1	0.459395170212
5	1	0.411749124527
5	1	0.647728919983
5	1	0.617861032486
6	1	0.555653810501
6	1	0.937270879745
6	1	0.741214990616
5	1	0.96125793457
6	1	0.426410913467
6	1	0.514204025269
5	1	0.826865196228
5	1	0.42523598671
5	1	0.585770130157
5	1	0.453098058701
6	1	0.490098953247
6	1	0.384603977203
5	1	0.674586057663
6	0	1.07574796677
6	1	0.530988931656
6	1	0.441308021545
6	1	0.427348136902
5	1	0.570661067963
6	1	0.516219854355
6	1	0.466913938522
6	1	0.92989397049
5	1	0.538846969604
5	1	0.548074960709
5	1	1.00361990929
5	1	0.433730840683
5	1	0.524283885956
6	1	0.513700008392
6	1	0.624506950378
5	1	0.458677053452
6	0	1.14567995071
5	1	2.35269594193
6	1	0.532639980316
6	1	0.498939037323
6	1	0.697583913803
6	1	0.475646018982
6	1	0.554620981216
6	1	0.633623123169
5	0	1.51559400558
6	1	0.480641126633
3	0	1.01660513878
3	1	0.754902124405
3	1	0.499198913574
3	1	0.469297885895
3	1	0.433721065521
3	1	0.425261974335
3	1	0.457190036774
3	1	0.449867963791
3	1	0.347362041473
3	1	0.458003997803
3	1	0.595131874084
3	1	0.730592012405
3	1	0.394777059555
3	1	0.580763816833
3	1	0.570676088333
3	1	0.4364361763
3	1	0.450222015381
3	1	0.465648174286
3	1	0.58780503273
3	1	0.407730102539
3	1	0.403326034546
3	1	0.506328105927
3	1	0.361087083817
3	1	0.322714805603
3	1	0.492506027222
3	1	0.626966953278
3	1	0.458081007004
3	1	0.354314088821
3	1	0.404502868652
3	1	0.434200048447
3	1	0.473066806793
3	1	0.427417993546
3	1	0.498131990433
3	1	0.611281871796
3	1	0.459101200104
3	1	0.59413599968
3	1	0.412395954132
3	1	0.442548036575
3	1	0.491041898727
3	1	1.24091601372
3	1	0.539921998978
3	1	0.659393072128
3	1	0.489203929901
3	1	0.545826911926
3	1	0.545293092728
3	1	0.522603988647
3	1	1.00976490974
3	1	0.587372779846
3	1	0.449553012848
3	1	0.554994106293
3	1	0.592642784119
3	1	0.42042016983
3	1	0.658520936966
3	1	0.626168966293
3	1	0.49921298027
3	0	0.441948890686
3	1	0.60430598259
3	1	0.433680057526
3	1	0.385501861572
3	1	0.379710912704
3	1	0.338613986969
3	1	0.547078847885
3	1	0.483459949493
3	1	0.426719903946
3	1	0.505812883377
3	1	0.409996032715
3	1	0.386152029037
3	1	0.466236114502
3	1	0.354365110397
3	1	0.396171092987
3	1	0.417653083801
3	1	0.419209957123
3	1	0.58051609993
3	1	0.36062502861
3	1	0.348628044128
3	1	0.355795860291
3	1	0.458769083023
3	1	1.04033398628
3	1	1.1482489109
3	1	0.536746025085
3	1	0.474566936493
3	1	0.409015893936
3	1	0.80494093895
3	1	0.49792098999
3	1	1.51458477974
3	1	0.378054141998
3	1	0.41048002243
3	1	0.609835863113
3	1	0.435111999512
3	1	0.426432847977
3	1	0.405808925629
3	1	0.483573198318
3	1	0.632983922958
3	1	0.43422293663
3	1	0.54146194458
3	1	0.431912899017
3	1	0.532351016998
3	1	0.711876869202
3	1	0.435762882233
3	1	0.498028039932
3	1	0.490839004517
3	1	0.465234994888
3	1	0.437504053116
3	1	0.392686128616
3	1	0.697910070419
3	1	0.33998799324
3	1	0.340528011322
3	1	0.345954179764
3	1	0.458829164505
3	1	0.384248971939
3	0	0.665284872055
3	1	1.17147302628
3	1	0.624486923218
3	1	0.394745826721
3	1	0.387330055237
3	1	0.39945101738
3	1	0.413949966431
3	1	0.387146949768
3	1	0.362313985825
3	1	0.427612066269
3	1	0.336849927902
3	1	0.491157054901
3	1	0.484097003937
3	1	0.361084938049
3	1	0.386070013046
3	1	0.318090200424
3	0	0.424463033676
3	1	0.436201095581
3	1	0.497462034225
3	1	0.412317991257
3	1	0.345472097397
3	1	0.6033680439
3	1	0.386281013489
3	1	0.492678165436
3	1	0.419330120087
3	1	0.490044116974
3	1	0.400796175003
3	1	0.516546010971
3	1	0.552961826324
3	1	0.468847036362
3	1	0.456269979477
3	1	0.683846950531
3	0	0.537659168243
3	1	0.457324981689
3	1	0.428823947906
3	1	0.417062044144
3	1	0.379343986511
3	1	0.339425086975
3	1	0.465026140213
8	1	0.385004997253
7	1	0.610687017441
8	1	0.505800008774
7	1	0.404537916183
8	1	0.368423223495
7	1	0.387565851212
8	1	0.37076997757
7	1	0.627384901047
7	1	0.536575078964
8	1	0.425143957138
8	1	0.379518985748
7	1	0.380388021469
8	1	0.432678937912
7	1	0.387444972992
7	1	0.418807983398
8	1	0.460048913956
8	1	0.506420850754
7	1	0.577129125595
7	1	0.400575876236
7	1	0.372364044189
8	1	0.516006946564
8	1	0.399329900742
8	1	0.395476818085
8	1	0.394877910614
7	1	0.388613939285
7	1	0.497951030731
8	1	0.714298963547
7	1	0.394898891449
7	1	0.481781959534
8	1	0.428028106689
8	1	0.401962041855
7	1	0.563216924667
7	1	0.436939954758
7	1	0.591820001602
7	1	0.442947864532
7	1	0.516162872314
7	1	0.482265949249
8	1	0.499159097672
7	1	0.459660053253
7	1	0.392457008362
8	1	0.426680088043
8	1	0.507844924927
7	1	0.452512025833
7	0	0.650708198547
7	1	0.768007993698
7	0	0.689977884293
8	1	0.491227865219
7	1	1.95586895943
7	1	0.522489786148
8	1	0.449048042297
7	1	0.418298006058
8	1	0.420141935349
8	1	0.611044168472
7	1	0.779705047607
7	1	0.985839128494
7	1	0.612646102905
7	1	0.47438788414
7	1	0.722424983978
8	1	0.402489900589
8	1	0.378489017487
7	1	0.523686170578
7	1	0.378122091293
7	1	0.465348005295
8	1	0.433167934418
7	1	0.531877040863
8	1	0.49122595787
7	1	0.58570098877
8	1	0.472259998322
8	1	0.500958919525
7	1	0.409565925598
8	1	0.429150104523
7	1	0.465755939484
7	1	0.465112924576
7	1	0.482040166855
7	1	0.476431131363
8	1	0.425907850266
8	1	0.562623977661
7	1	0.545980930328
7	1	0.474058866501
7	1	0.57159781456
8	1	0.45053601265
8	1	0.425185918808
7	1	0.506505012512
8	1	0.444056987762
7	1	0.434690952301
8	1	0.440156936646
7	1	0.522963047028
8	1	0.50801897049
8	1	0.488085031509
8	1	0.580805063248
8	1	0.362129926682
8	1	0.433515071869
8	1	0.481106996536
8	1	2.5299270153
7	1	0.634863853455
7	1	0.514699935913
8	1	0.491096019745
8	1	0.432971000671
7	1	0.380196809769
8	1	0.484254837036
8	1	0.363192081451
7	1	0.311187982559
7	1	0.370676040649
7	1	0.404115915298
8	1	0.372807025909
7	1	0.361790895462
7	1	0.458151102066
7	1	0.442926168442
8	0	0.457247018814
8	1	1.30729389191
8	1	0.458136081696
7	1	0.461462020874
8	1	0.464370965958
8	1	1.29064583778
7	1	0.516999959946
8	1	0.447438001633
7	1	0.716944932938
8	1	0.393439054489
7	1	0.386640071869
7	1	0.530356884003
7	1	0.473825216293
8	1	0.453955173492
7	1	0.449820041656
8	1	0.409457921982
7	1	0.408712148666
8	1	0.397658109665
8	1	0.842978954315
7	1	0.342338085175
8	1	0.468551874161
8	1	0.417981147766
7	1	0.497977972031
8	1	0.335019111633
8	1	0.340773105621
7	1	0.37801194191
8	1	0.445527076721
8	1	0.409362077713
7	1	0.411347866058
8	1	0.498553037643
8	1	0.484429836273
7	0	0.408409833908
8	1	0.561432123184
7	1	1.67585515976
8	1	0.394129991531
8	1	0.347903013229
8	1	0.513700962067
8	1	0.497894048691
7	1	1.32255291939
8	1	0.500399827957
1	1	0.589865207672
1	1	0.368803977966
1	1	0.379889011383
1	1	0.323651075363
1	1	0.417039871216
1	1	0.372393131256
1	1	0.506026983261
1	1	0.457221984863
1	1	0.409679889679
1	1	0.388829946518
1	1	0.377915143967
1	1	0.423923015594
1	1	0.435948133469
1	1	0.377315044403
1	1	0.544823169708
1	1	0.443034887314
1	1	0.378514051437
1	1	0.57196187973
1	1	0.432900905609
1	1	0.690058946609
1	1	0.402715206146
1	1	0.468803882599
1	1	0.411076068878
1	1	0.377960920334
1	1	0.56104683876
1	1	0.379216909409
1	1	0.459521055222
1	1	0.466841936111
1	1	0.442925214767
1	1	0.500380039215
1	1	0.394649982452
1	1	0.425322055817
1	1	0.475662946701
1	1	0.425749063492
1	1	0.57756114006
1	1	0.444370985031
1	1	0.417211771011
1	1	0.387326002121
1	1	0.33272600174
1	1	0.337134122849
1	1	0.530951976776
1	1	0.436695098877
1	1	0.365823030472
1	1	0.434388875961
1	1	0.340049982071
1	1	0.35585808754
1	1	0.544733047485
1	1	0.409852027893
1	1	0.385403871536
1	1	0.411617994308
1	1	0.370723962784
1	1	0.329030990601
1	1	0.514143943787
1	1	0.39532494545
1	1	0.372620105743
1	0	0.327605009079
1	1	1.00999307632
1	1	0.401360034943
1	1	0.346560001373
1	1	0.31543803215
1	1	0.337332010269
1	1	0.386402130127
1	1	0.347666025162
1	1	0.332437992096
1	1	0.432791948318
1	1	0.385396957397
1	1	0.394538164139
1	1	0.379205226898
1	1	0.464797973633
1	1	0.403551101685
1	1	0.377121925354
1	1	0.356463909149
1	1	0.54553103447
1	1	0.418578147888
1	1	0.403506040573
1	1	0.513918161392
1	1	0.443471193314
1	1	0.448945045471
1	1	0.333070993423
1	1	0.633852005005
1	1	0.506000041962
1	1	0.421083927155
1	1	0.362712860107
1	1	0.352833032608
1	1	0.353868961334
1	1	0.451743125916
1	1	0.465929031372
1	1	0.391470193863
1	1	0.348654985428
1	1	0.418972015381
1	1	0.355045080185
1	1	0.383985996246
1	1	0.395240068436
1	1	0.37012219429
1	1	0.35337305069
1	1	0.380044937134
1	1	0.63298201561
1	1	0.497848033905
1	1	0.41873717308
1	1	0.410848855972
1	1	0.402671098709
1	1	0.425014972687
1	1	0.380311012268
1	1	0.426662921906
1	1	0.491509914398
1	1	0.378329992294
1	1	0.41565489769
1	1	0.386232852936
1	1	0.421912908554
1	1	0.407874107361
1	1	0.402400016785
1	1	0.360691070557
1	1	0.394828081131
1	1	0.381436109543
1	1	0.376411914825
1	1	0.434329986572
1	1	0.387506961823
1	1	0.370820999146
1	1	0.472382068634
1	1	0.505304098129
1	1	0.516371011734
1	1	0.768261909485
1	1	0.427578926086
1	1	0.442394971848
1	1	0.435889005661
1	1	0.38401889801
1	1	0.381336927414
1	1	0.472974061966
1	1	0.402032136917
1	1	0.362197875977
1	1	0.394329071045
1	1	0.346930980682
1	1	0.362323999405
1	1	0.317836046219
1	1	0.334677934647
1	1	0.363186120987
1	1	0.411812067032
1	1	0.50380897522
1	1	0.369776964188
1	1	0.517213106155
1	1	0.370006084442
1	1	0.388005971909
1	1	0.458983898163
1	1	0.339663982391
1	1	0.456102132797
1	1	0.369647026062
1	1	0.402287006378
1	1	0.477478027344
1	1	0.416406154633
1	1	0.353386163712
1	1	0.410353899002
1	1	0.354956865311
1	1	0.385446071625
1	1	0.38118314743
1	1	0.408684968948
6	1	0.724636077881
5	1	0.473716974258
6	1	0.480661869049
6	1	0.404232025146
6	1	0.385403871536
6	1	0.485571146011
6	1	0.450236797333
5	1	0.467136859894
6	1	0.371040821075
5	1	0.411013841629
6	0	0.312264919281
5	1	0.825307130814
6	1	0.4265229702
5	1	0.426372051239
6	1	0.877212047577
6	1	0.545391798019
5	1	0.419725894928
5	1	0.83275604248
5	1	0.371194124222
6	0	0.897564888
5	1	0.579053163528
6	1	0.916580915451
6	1	0.560719013214
6	1	0.500676870346
6	1	0.41899394989
5	1	0.535194158554
5	1	0.651141166687
5	1	0.450484037399
5	1	0.425492048264
6	1	0.39658498764
5	1	0.695611953735
5	1	0.764238119125
5	1	0.483846902847
6	1	0.386435985565
6	1	0.417726993561
5	1	0.41973400116
6	1	0.378239870071
6	1	0.475199222565
5	1	0.496422052383
5	1	0.404974937439
6	1	0.384927988052
5	1	0.657697200775
6	1	0.365248918533
6	1	0.394253015518
5	1	0.395586013794
5	1	0.914757966995
5	1	0.39977312088
6	1	0.532060861588
6	1	0.324193954468
6	1	0.377695083618
6	1	0.435717105865
6	1	0.369929790497
5	1	0.387592077255
5	0	0.435792922974
5	1	1.56218600273
5	1	0.499828100204
5	1	0.361722946167
5	1	0.43319106102
5	1	0.456785917282
5	1	0.515896081924
6	1	0.354135990143
6	1	0.497313976288
5	1	0.381364107132
6	1	0.417181015015
6	1	0.474920034409
6	1	0.474702119827
5	1	0.441455125809
5	1	0.451808929443
5	1	0.370929002762
5	1	1.14465308189
6	1	0.450299978256
6	1	1.85905599594
5	1	0.379142045975
5	1	1.07403516769
5	1	0.740036964417
6	1	0.355736017227
6	1	0.377904891968
5	1	0.394860982895
5	1	0.489974021912
6	1	0.489969015121
6	1	0.500911951065
6	1	0.554477930069
6	1	0.328431844711
5	1	0.623224973679
6	1	0.413383960724
6	1	0.361993074417
6	1	0.377099990845
6	1	0.469360113144
6	1	0.418066978455
5	1	0.442193984985
5	1	0.488964080811
5	1	0.418611049652
5	1	0.490792989731
5	1	0.779052019119
5	1	0.419265031815
5	1	0.34608912468
6	1	0.924810886383
6	1	0.425304174423
5	1	0.776391983032
6	1	0.547480106354
6	1	0.499073028564
5	1	0.579571962357
5	1	0.414613962173
6	1	0.459184885025
5	1	0.48047208786
6	1	0.701117992401
5	1	0.466052055359
5	1	0.37907910347
5	1	0.372179985046
6	1	0.400506973267
5	1	0.832567930222
6	1	0.355152130127
6	1	0.408317089081
5	1	0.380654096603
6	1	0.36260008812
6	1	0.3795170784
6	1	0.423840045929
5	1	0.395524978638
6	1	0.442597150803
6	1	0.483397006989
6	1	0.443730115891
5	1	0.721794128418
6	1	0.45889210701
5	1	0.361735105515
6	1	0.435724020004
6	1	0.345519065857
6	1	0.411288976669
5	1	0.425786972046
6	1	0.452867031097
6	1	0.439341068268
5	1	0.410547018051
6	1	0.298152923584
5	0	0.460438966751
5	1	0.544991016388
6	1	0.482047080994
5	1	1.24230694771
5	1	0.509130954742
5	1	0.392892122269
6	1	0.492188215256
5	1	0.407377958298
6	1	0.579998970032
5	1	0.386650800705
5	1	0.377855062485
5	1	0.418396949768
5	1	0.458898067474
5	1	0.530466079712
5	0	0.45992398262
5	1	0.442362070084
6	1	0.361336946487
3	1	0.800675153732
3	1	0.368782997131
3	1	0.373272180557
3	1	0.376853942871
3	1	0.442041158676
3	1	0.378201961517
3	1	0.460292100906
3	1	0.399824142456
3	1	0.373072862625
3	1	0.323394060135
3	1	0.354104042053
3	1	0.465913772583
3	1	0.379416942596
3	1	0.379998922348
3	1	0.400267124176
3	1	0.515690803528
3	1	0.456640958786
3	1	0.427771806717
3	1	0.412389993668
3	1	0.361160039902
3	1	0.367377996445
3	1	0.365030050278
3	1	0.443458795547
3	1	0.526666164398
3	1	0.403949975967
3	1	0.376471042633
3	1	0.378660202026
3	1	0.364099979401
3	0	0.300385951996
3	0	0.448240995407
3	1	0.426210165024
3	1	0.386770963669
3	1	0.405158042908
3	1	0.401746034622
3	1	0.427524089813
3	1	0.424369812012
3	1	0.562909126282
3	1	0.419345855713
3	1	0.48290681839
3	1	0.379064083099
3	1	0.434669017792
3	1	0.611384868622
3	1	0.44984292984
3	1	0.349027872086
3	1	0.520614147186
3	1	0.397104978561
3	1	0.344076871872
3	1	0.468634128571
3	1	0.506597042084
3	1	0.441266059875
3	1	0.514945983887
3	1	0.44056391716
3	1	0.540360927582
3	1	0.394101142883
3	1	0.338280200958
3	1	0.409774065018
3	1	0.535347938538
3	1	0.340002059937
3	1	0.434941053391
3	1	0.418442964554
3	1	0.347614049911
3	1	0.529134988785
3	1	0.363177061081
3	1	0.395889997482
3	1	0.385823965073
3	1	0.419497966766
3	1	0.379557132721
3	1	0.33863401413
3	1	0.401453018188
3	1	0.457365036011
3	1	0.428624868393
3	1	0.37803196907
3	1	0.538313865662
3	1	0.336579084396
3	1	0.410069942474
3	1	0.356602907181
3	0	0.402766942978
3	1	0.457479953766
3	1	0.412765026093
3	1	0.37744808197
3	1	0.332052230835
3	1	0.371409893036
3	0	0.32123208046
3	1	0.424680948257
3	1	0.386525154114
3	1	0.370989084244
3	1	0.403560161591
3	1	0.401360034943
3	1	0.380180835724
3	1	0.472599029541
3	1	0.411488056183
3	1	0.389163970947
3	1	0.402521133423
3	0	0.376101016998
3	1	0.572111129761
3	1	0.49196600914
3	1	0.430657863617
3	1	0.510390043259
3	1	0.391837120056
3	1	0.466334819794
3	1	0.547951221466
3	1	0.435259819031
3	1	0.368915081024
3	1	0.387042045593
3	1	0.369641065598
3	1	0.362227916718
3	1	0.346127986908
3	1	0.642818927765
3	1	0.515457868576
3	1	0.361463069916
3	1	0.417676210403
3	1	0.427718877792
3	1	0.519968986511
3	1	0.387431144714
3	1	0.377892971039
3	1	0.371164083481
3	1	0.319677114487
3	1	0.586182832718
3	1	0.477998971939
3	1	0.459888935089
3	1	0.426690101624
3	1	0.401519060135
3	1	0.403298854828
3	1	0.424036026001
3	1	0.38729095459
3	1	0.387709856033
3	1	0.61075592041
3	1	0.49920797348
3	1	0.39442896843
3	1	0.874548912048
3	1	0.378312110901
3	1	0.443777084351
3	1	0.449419975281
3	1	0.403167963028
3	1	0.353090047836
3	1	0.660150051117
3	1	0.433589935303
3	1	0.400781869888
3	1	0.45082616806
3	1	0.433850049973
3	0	0.452476024628
3	1	0.3955950737
3	1	0.435694932938
3	1	0.417997121811
3	1	0.419357061386
3	1	0.410388946533
3	1	0.39666891098
3	1	0.402534008026
3	1	0.57839012146
3	1	0.506338119507
3	1	0.529414892197
3	1	0.428185939789
3	1	0.395510911942
3	1	0.346487998962
3	1	0.498871088028
8	1	0.463937997818
7	1	0.41814994812
7	1	0.412399053574
7	0	0.882920026779
8	1	0.48135304451
8	1	0.395096063614
8	1	0.392766952515
8	1	0.432590007782
7	1	0.499710083008
8	1	0.456624984741
8	1	0.404958963394
8	1	0.448004961014
7	1	0.386134147644
8	1	0.441864013672
7	1	0.450508832932
7	1	0.539546966553
7	1	0.443270921707
8	1	0.587023973465
8	1	0.343706130981
8	1	0.462390184402
8	1	0.81854891777
8	1	2.3453271389
8	1	0.530749082565
7	1	0.40318107605
7	1	0.353937149048
8	1	0.419054985046
8	1	0.433569192886
8	1	0.404138088226
8	1	0.458210945129
8	1	0.72328209877
7	1	0.499279975891
8	1	0.42688202858
8	1	0.483860969543
7	1	0.609330177307
8	1	0.425149917603
7	0	1.10666489601
8	1	0.453274965286
8	1	0.393212080002
8	1	0.387450933456
8	1	0.417572021484
8	1	0.393402099609
7	1	0.772167921066
8	1	0.450007915497
7	1	0.489134073257
8	1	0.378846883774
8	1	0.435236930847
8	1	0.44984793663
7	1	0.683022022247
7	1	0.435817956924
8	1	0.481438875198
8	1	0.435512065887
7	1	0.625268936157
7	1	0.46574306488
8	1	0.490731954575
7	1	0.458554983139
8	1	0.962552070618
8	1	0.380594968796
8	1	0.369720935822
7	1	0.385349988937
7	1	0.404590129852
7	1	0.601850986481
8	0	0.448465108871
8	1	0.460452079773
8	1	0.434711933136
7	1	0.592336177826
7	1	0.445262908936
8	1	0.448872804642
8	1	0.492269039154
7	1	0.450294017792
7	1	0.369601964951
8	1	0.419618844986
8	1	0.38719201088
8	1	0.401017904282
7	1	0.402626037598
8	1	0.418668031693
7	1	0.356374979019
7	1	0.401421070099
8	1	0.507749080658
8	1	0.443269014359
8	1	0.441172838211
8	1	0.45845413208
8	1	0.492918014526
8	1	0.425941944122
8	1	0.376718044281
8	1	0.555405139923
7	1	0.380562067032
7	1	0.45032119751
8	1	0.468457937241
8	1	0.361717939377
7	1	0.507375001907
7	1	0.387516021729
8	1	0.354226112366
7	1	0.642586946487
8	1	0.427088975906
7	1	0.498654127121
7	1	0.425999879837
8	1	0.529602050781
7	1	0.408560037613
8	1	0.555605888367
8	1	0.449429035187
7	1	0.491192102432
8	1	0.538506984711
7	1	0.425539970398
8	1	0.410684108734
7	1	1.10602211952
7	1	0.37396979332
7	1	0.473082065582
8	1	0.427373886108
8	1	0.46624994278
7	1	0.331385135651
7	1	0.41135597229
7	1	0.521915912628
7	1	0.414645195007
7	1	0.401658058167
7	1	0.635308027267
7	1	0.532345056534
8	1	0.382239103317
8	1	0.387101888657
8	1	0.45228600502
8	1	0.410388946533
7	1	0.420918941498
7	1	0.613394975662
7	1	0.476248979568
7	1	0.416737794876
7	1	0.457809925079
8	1	0.427120923996
7	1	0.521948099136
7	1	0.410732984543
7	1	0.41198015213
8	1	0.452284097672
7	1	0.409936904907
7	1	0.546459913254
7	1	0.387174844742
7	1	0.487291097641
8	1	0.362300872803
8	1	0.522778987885
8	1	0.37987112999
8	1	0.4413189888
8	1	0.563683986664
7	1	0.433063030243
7	1	0.530106067657
8	1	0.62633895874
8	1	0.436434030533
8	1	0.41589307785
8	1	0.458724975586
8	1	0.369290113449
8	1	0.483364105225
8	1	0.409905910492
8	1	0.338917970657
8	1	0.345580816269
8	0	0.37239408493
4	0	2.30757498741
4	1	0.418356895447
4	1	0.3833360672
4	1	0.388342857361
4	1	0.411090135574
4	1	0.384499073029
4	1	0.786843061447
4	1	0.458549976349
4	1	0.410084962845
4	1	0.387281894684
4	1	0.37837600708
4	1	0.818582057953
4	1	1.04299998283
4	1	1.26682806015
4	1	0.441877126694
4	1	0.52393913269
4	0	0.512700080872
4	1	1.23388290405
4	1	0.491091012955
4	1	0.467408895493
4	1	0.426512956619
4	1	0.441926002502
4	1	0.418487071991
4	1	0.484977006912
4	1	0.399686098099
4	1	0.416871070862
4	1	0.397814035416
4	1	0.385737895966
4	1	0.450198173523
4	1	0.79342508316
4	1	0.713957071304
4	1	0.408593893051
4	1	0.642838001251
4	1	1.00340294838
4	1	0.460153102875
4	1	0.552784204483
4	1	0.40346288681
4	1	0.442461967468
4	1	0.354490995407
4	1	0.393840074539
4	1	0.473817110062
4	1	0.394901037216
4	1	0.616946935654
4	1	0.385849952698
4	1	0.394516944885
4	1	0.577579021454
4	1	0.444818019867
4	1	0.385356903076
4	1	0.986143112183
4	1	0.579468011856
4	1	0.490243911743
4	1	0.482616901398
4	1	0.441721916199
4	1	0.72983789444
4	1	1.36503195763
4	1	1.15354394913
4	1	0.698029994965
4	1	1.67411088943
4	1	1.27600812912
4	1	0.345752954483
4	1	0.554561853409
4	1	1.49098110199
4	1	0.391788959503
4	1	0.529260873795
4	1	0.346601963043
4	1	0.522018909454
4	0	0.451431035995
4	1	0.762978792191
4	1	0.688166856766
4	1	1.02579903603
4	1	0.43360209465
4	1	0.465745925903
4	1	0.420530080795
4	1	0.432869195938
4	1	0.515678882599
4	1	0.692198038101
4	1	0.386214971542
4	1	0.371691942215
4	1	1.32287788391
4	1	0.427853107452
4	1	0.496325016022
4	1	0.417443037033
4	0	0.913837909698
4	1	0.493016004562
4	1	0.41542506218
4	1	0.445379018784
4	1	0.466948986053
4	1	0.544308900833
4	1	0.38650393486
4	0	0.449635982513
4	1	0.426051139832
4	1	0.405198812485
4	1	0.569779157639
4	1	0.394142866135
4	1	0.458094835281
4	1	0.441765069962
4	1	0.60070514679
4	1	0.47442984581
4	1	0.483899116516
4	1	0.469937086105
4	1	0.650170087814
4	1	0.42738199234
4	1	0.553469181061
4	1	0.443134784698
4	1	0.424335956573
4	1	0.653856992722
4	1	0.725736856461
4	1	0.364114999771
4	1	0.489683151245
4	1	0.492409944534
4	1	0.418225049973
4	1	0.53000998497
4	1	0.585073947906
4	1	0.555110216141
4	1	0.483306884766
4	1	0.458010911942
4	1	0.466482877731
4	1	0.459499120712
4	1	0.440471887589
4	1	0.61957192421
4	1	0.480885982513
4	1	0.506325006485
4	1	0.483970880508
4	1	0.504359006882
4	1	0.458117961884
4	1	0.460201025009
4	1	0.361078023911
4	1	0.433010101318
4	1	0.541155099869
4	1	2.12957191467
4	1	0.448611974716
4	1	0.411524057388
4	1	0.34587597847
4	1	0.522068023682
4	1	0.346383810043
4	1	0.397379875183
4	1	0.370631933212
4	1	0.504047870636
4	1	0.571944952011
4	1	0.459259033203
4	1	0.474735021591
4	1	0.41717505455
4	1	0.361926078796
4	1	0.488738059998
2	0	2.28622508049
2	1	0.442653894424
2	1	0.433441162109
2	1	0.361351966858
2	1	0.379376888275
2	1	0.450616836548
2	1	0.570587158203
2	1	0.556484937668
2	1	0.439262151718
2	1	0.41882610321
2	1	0.40836596489
2	1	0.38692688942
2	1	0.602555036545
2	1	0.357580900192
2	1	0.616093873978
2	1	0.393270969391
2	1	0.444555997849
2	1	0.498475790024
2	1	0.658890962601
2	1	0.561021089554
2	1	0.642657995224
2	0	0.571758985519
2	1	0.602741003036
2	1	0.482167959213
2	1	0.500338792801
2	1	0.458557844162
2	1	0.43350315094
2	1	0.435224056244
2	1	0.816494941711
2	1	0.402949094772
2	1	0.379176139832
2	1	0.506874084473
2	1	0.600902795792
2	1	0.435508012772
2	1	0.425820112228
2	1	0.409228086472
2	1	1.46766591072
2	1	0.45960521698
2	1	0.552247047424
2	1	0.925446987152
2	1	0.46523308754
2	1	0.437387943268
2	1	0.411715984344
2	1	0.368874073029
2	1	0.339277982712
2	1	0.361416101456
2	1	0.569725036621
2	1	0.354100942612
2	1	0.436790943146
2	0	0.419898986816
2	1	0.520349979401
2	1	0.402097940445
2	1	0.468430995941
2	1	0.472212076187
2	1	0.416810035706
2	1	0.505752801895
2	1	0.555471897125
2	1	0.450995922089
2	1	0.489444971085
2	1	0.524512052536
2	1	0.402336120605
2	1	0.389811038971
2	1	0.404135942459
2	1	0.467378854752
2	1	0.783316850662
2	1	0.545339822769
2	1	0.531589984894
2	1	0.359157085419
2	1	0.684340953827
2	1	0.443480968475
2	1	0.4646961689
2	1	0.475050210953
2	1	0.395113945007
2	1	0.408783912659
2	1	0.667057037354
2	1	0.345990896225
2	1	0.386193037033
2	1	0.392855167389
2	1	0.436273097992
2	1	0.490434885025
2	1	0.48269200325
2	1	0.585662126541
2	1	0.891297101974
2	1	0.472267866135
2	1	0.490771055222
2	1	0.363923072815
2	1	0.345854997635
2	1	0.434481143951
2	1	0.403867959976
2	1	0.361645936966
2	1	0.401347160339
2	1	0.410813093185
2	1	0.356286048889
2	1	0.384168148041
2	1	0.522729873657
2	1	0.412152051926
2	1	0.345866918564
2	1	0.423748970032
2	1	0.372570037842
2	1	0.441320896149
2	1	0.540381193161
2	1	0.427237987518
2	1	0.52180314064
2	1	0.498070955276
2	1	0.456991910934
2	1	0.450278043747
2	1	0.402233123779
2	1	0.369856834412
2	1	0.379576921463
2	1	0.353178977966
2	1	0.49196600914
2	1	0.426661968231
2	1	0.409968137741
2	1	0.355711936951
2	1	0.346254825592
2	1	0.37117600441
2	1	0.362530946732
2	1	0.496602058411
2	1	0.387630939484
2	1	0.432909011841
2	1	0.356564044952
2	1	0.400349140167
2	0	0.403211116791
2	1	0.770410060883
2	1	0.393827915192
2	1	0.412197828293
2	1	0.336385965347
2	1	0.426363945007
2	1	0.371042966843
2	1	0.353179931641
2	0	0.372378826141
2	0	1.210242033
2	1	0.506529092789
2	1	0.441305875778
2	0	0.369601964951
2	1	0.714069128036
2	1	0.636083841324
2	1	0.530886888504
2	1	0.46581697464
2	1	0.51398897171
2	1	0.771054983139
2	1	0.424726009369
2	1	0.419104099274
2	1	0.394385814667
2	1	0.451190948486
2	1	0.415563106537
2	1	0.498458862305
2	1	0.35550403595
2	1	0.56370306015
2	1	0.49741601944
6	1	0.49401307106
5	1	0.464426040649
6	1	0.466560125351
6	1	0.801911115646
5	1	0.562198877335
5	1	1.32959103584
6	1	0.45872592926
5	1	0.348375797272
5	1	0.424582958221
6	1	0.458940982819
5	1	0.448837041855
5	1	0.427300930023
5	1	0.427474021912
5	1	0.436071872711
6	1	0.418050050735
6	1	0.442979097366
6	1	0.483173847198
5	1	0.434902906418
6	1	0.417762994766
6	1	0.650726079941
5	1	0.436086177826
5	1	0.577108860016
5	1	0.378422021866
5	1	0.467997074127
6	1	0.449615001678
6	1	0.386101007462
6	1	0.379164934158
5	0	0.39325594902
6	1	0.508100032806
5	1	0.587825059891
6	1	0.682073116302
6	1	0.548195123672
5	1	0.496692895889
5	1	0.554141998291
5	1	0.516080141068
5	1	0.412495851517
6	1	0.552498102188
5	1	0.434373855591
6	1	0.420763969421
6	1	0.43501496315
6	1	0.503695964813
6	1	0.373080015182
5	1	0.409147024155
6	1	0.416723012924
5	1	0.394558906555
5	1	0.484416007996
6	1	0.465937852859
5	1	0.380444049835
6	1	0.354629993439
5	1	0.455828905106
5	1	0.418133974075
6	1	0.43532204628
6	1	0.38015294075
6	1	0.521864891052
5	1	0.474864959717
5	0	1.31567215919
6	1	0.510742902756
5	1	0.380084037781
6	1	1.17722606659
6	0	0.355881929398
6	1	0.464745044708
5	1	0.930796146393
6	1	0.427675008774
5	1	0.419305086136
5	1	0.746309041977
6	1	0.978434085846
6	1	0.537633895874
5	1	0.559905052185
5	1	0.435023069382
5	1	0.570749044418
5	1	0.452203035355
5	1	0.738234996796
6	1	0.435117006302
5	1	0.408227920532
5	1	1.17084598541
5	1	0.467011213303
6	1	0.465090036392
5	1	0.395865917206
5	1	0.448424100876
6	1	0.428923130035
5	1	0.384892940521
6	1	0.484035968781
5	1	0.40912604332
5	1	0.755610942841
5	1	0.769884109497
5	1	0.45059800148
6	1	0.466990947723
6	1	0.46878194809
5	1	0.393352985382
6	1	0.409946918488
6	1	0.488838195801
6	1	0.409496068954
6	1	0.481591939926
6	1	0.477229118347
6	1	0.4971139431
6	1	0.393676996231
6	1	0.490746974945
6	1	0.537477016449
6	1	0.449337005615
5	1	0.51358795166
5	1	0.506650209427
6	1	0.402996778488
5	1	0.474177837372
6	1	0.835576057434
6	1	0.457849979401
5	1	0.56519985199
6	1	0.495312929153
6	1	0.452147006989
6	1	0.457085847855
5	1	1.52148199081
6	1	0.435286045074
5	1	0.476736068726
5	1	0.418429136276
5	1	0.679787874222
5	1	0.411733150482
6	1	0.464771986008
5	1	0.580381155014
6	1	0.363340854645
6	1	0.489861011505
5	1	0.456506967545
6	1	0.659583091736
5	1	0.5369348526
6	1	0.427281141281
6	1	0.463718891144
5	1	0.545086860657
5	1	0.524117946625
6	1	0.483669042587
5	1	0.49696803093
5	1	0.498907804489
6	1	0.475821018219
5	1	0.642707109451
6	1	0.530302047729
6	1	0.457401990891
6	1	0.441657066345
6	1	0.474453926086
5	1	0.579253911972
5	1	0.412656068802
6	1	0.407660007477
5	1	0.436964035034
5	1	0.38019490242
5	1	0.416062831879
5	1	0.404978990555
5	0	0.480296134949
6	1	0.473179101944
6	1	0.441040039062
5	1	0.787734985352
6	1	0.435324907303
5	1	0.480234861374
7	1	0.45920586586
8	1	0.434228181839
7	1	0.456197023392
7	1	0.387459993362
7	1	0.722804784775
7	1	0.459805011749
8	1	0.353259086609
8	1	0.584053039551
7	1	0.371901035309
8	1	0.441343069077
7	1	0.40093588829
7	1	0.435106992722
8	1	0.369922161102
7	1	0.448793888092
7	1	0.361883163452
8	1	0.395831823349
8	1	0.45813703537
7	1	0.395483016968
7	1	0.450152158737
7	0	0.395509004593
7	1	1.12110185623
8	1	0.467641115189
8	0	0.5379550457
8	1	0.841989040375
7	1	1.0647919178
8	1	0.483130931854
7	1	1.46164488792
7	1	0.451454162598
8	1	0.353251934052
7	1	0.474453210831
7	1	0.48099899292
7	1	0.507050991058
8	1	0.426068067551
8	1	0.425785064697
8	1	0.432507038116
8	1	0.771027088165
8	1	0.465635061264
7	1	0.405246019363
7	1	0.384714126587
8	1	0.417450904846
8	1	0.476125001907
7	1	0.372781991959
8	1	0.378143072128
8	1	0.46525812149
8	1	0.393517971039
7	1	0.467438936234
8	1	0.537949085236
8	1	0.355581045151
7	1	0.635940074921
8	1	0.441493988037
7	1	0.395589113235
7	1	0.370786905289
7	1	0.539205789566
7	1	0.507066011429
7	1	0.441797018051
7	1	0.521483182907
8	1	0.403717041016
8	1	0.378166913986
8	1	0.432412147522
8	1	0.420497894287
7	1	0.450757026672
8	1	0.483090877533
7	1	0.441941976547
7	1	0.724097967148
8	1	0.713646888733
7	1	0.567993879318
8	1	0.444365024567
8	1	0.378772974014
8	1	0.420861005783
8	0	0.39342713356
7	1	0.480950117111
7	0	1.14006495476
8	1	0.617609024048
7	1	0.434386968613
7	1	0.345991134644
8	1	0.515008926392
7	1	0.412029981613
8	1	0.522005796432
8	1	0.370593070984
8	1	0.449949979782
7	1	0.826967000961
8	1	0.425696849823
7	1	0.41015791893
7	1	0.468152046204
7	1	0.476057052612
8	1	0.841788053513
7	1	0.505754947662
8	1	0.427477121353
8	1	0.424085855484
8	1	0.350188970566
8	1	0.322530031204
8	1	0.555399894714
7	1	0.4485039711
8	1	0.420246124268
8	1	0.433849096298
8	1	0.459738016129
8	1	0.467783927917
8	1	0.410148143768
7	1	0.530629873276
8	1	0.440087080002
8	1	0.492969989777
8	1	0.448759078979
7	1	0.440630912781
7	1	0.627200841904
8	1	0.420653104782
7	1	0.818187952042
7	1	0.431495904922
7	1	0.482374191284
8	1	0.337538957596
8	0	0.410095930099
7	1	0.394948959351
8	1	0.363298892975
8	0	0.323161125183
8	1	0.504884958267
8	1	0.697965145111
7	1	0.826943159103
7	1	0.361773967743
7	1	0.52118396759
8	1	0.586515903473
8	1	0.515855073929
7	1	0.617681026459
8	1	0.427692890167
8	1	0.881203174591
8	1	0.667465209961
7	1	0.788696050644
7	1	0.554787874222
8	1	0.586409091949
8	1	0.658679008484
7	1	0.553335905075
7	1	0.437330961227
8	1	0.491191148758
8	1	0.570048093796
7	1	0.419098854065
8	1	0.514726161957
7	1	0.402653932571
8	1	0.570683956146
8	1	0.6912150383
8	1	0.368802785873
7	1	0.52251791954
7	1	0.481729984283
7	1	0.553297996521
7	1	0.483299970627
8	1	0.441322803497
7	1	0.385817050934
7	1	0.443985939026
8	1	0.435200929642
8	1	0.473678827286
7	1	0.428625822067
7	1	0.450721979141
