4	1	1.57784080505
4	1	0.787822008133
4	0	0.755338907242
4	1	0.95499587059
4	1	1.92196106911
4	1	1.06104016304
4	1	1.28447794914
4	1	3.28965711594
4	0	3.38625001907
4	1	1.07791996002
4	0	3.72099804878
4	1	0.971498012543
4	1	1.0126979351
4	1	2.32177305222
4	1	1.04479694366
4	1	0.968501091003
4	1	0.930371046066
4	1	0.851595878601
4	1	0.892096996307
4	1	2.82682800293
4	1	0.996744155884
4	1	0.745496988297
4	1	4.00511479378
4	1	0.850471019745
4	1	1.0338010788
4	1	0.794639825821
4	1	1.49105501175
4	1	1.40443587303
4	1	3.67307901382
4	1	0.989424943924
4	1	0.947288990021
4	1	0.89856004715
4	1	1.1889090538
4	1	2.06587314606
4	1	2.38076114655
4	1	0.986849069595
4	1	1.37811279297
4	1	1.74166297913
4	1	1.25916695595
4	1	2.05269002914
4	1	0.898879051208
4	1	1.49070811272
4	1	2.40231013298
4	1	3.08164310455
4	1	3.01060700417
4	0	2.9315059185
4	1	1.86174201965
4	1	2.28996014595
4	0	1.99195408821
4	1	1.88447380066
4	1	1.60506010056
4	1	1.73689603806
4	1	1.07697892189
4	0	3.79351186752
4	1	1.09578299522
4	1	0.733659029007
4	1	1.58081316948
4	1	1.07685399055
4	1	0.907011985779
4	1	0.899626016617
4	1	1.04834413528
4	1	1.25327396393
4	1	1.40154194832
4	1	1.25122213364
4	1	1.27349710464
4	1	0.88337802887
4	1	2.40325379372
4	0	1.3937330246
4	1	4.19264507294
4	1	1.61760306358
4	1	1.4433760643
4	1	1.01851606369
4	1	1.22466802597
4	1	2.21998500824
4	1	2.34715604782
4	1	1.53373599052
4	1	1.02415919304
4	1	1.08264899254
4	1	0.803354024887
4	1	1.17256808281
4	1	0.963791131973
4	1	1.44069695473
4	1	1.06867098808
4	1	0.952998161316
4	1	2.2198779583
4	1	1.29130291939
4	1	0.954400777817
4	1	0.813718795776
4	1	0.800000905991
4	1	1.15784692764
4	1	0.768751144409
4	1	0.794975042343
4	1	1.09957194328
4	1	0.852445840836
4	1	0.82519698143
4	1	0.864085912704
4	1	0.931248903275
4	1	0.706732988358
4	1	0.835781097412
1	1	1.00504016876
1	1	2.26711702347
1	1	0.857501029968
1	1	1.69046592712
1	1	1.73079395294
1	1	0.956196784973
1	1	0.732083082199
1	1	1.63441705704
1	1	0.769332885742
1	1	1.42012810707
1	1	1.62731003761
1	1	1.53105306625
1	1	2.37277007103
1	1	0.979327917099
1	1	1.21725893021
1	1	0.908236026764
1	1	0.77818107605
1	1	1.00454306602
1	1	0.663478851318
1	1	0.651832103729
1	1	0.633796930313
1	1	0.622304201126
1	1	0.665904045105
1	1	0.554342985153
1	1	0.548362970352
1	1	0.515914916992
1	1	0.691221952438
1	1	0.530788898468
1	1	0.779711961746
1	1	0.626626968384
1	1	0.636171102524
1	0	0.586706876755
1	1	0.771486997604
1	1	1.92296409607
1	1	0.850632190704
1	1	1.49167013168
1	1	0.619534015656
1	1	0.681072950363
1	1	1.04968595505
1	1	0.690086841583
1	1	0.676520109177
1	1	0.619497060776
1	1	0.561792135239
1	1	0.642874002457
1	1	0.653127908707
1	1	0.642199993134
1	1	0.643275976181
1	1	0.602831840515
1	0	0.913372993469
1	1	0.843249797821
1	1	0.643051147461
1	0	2.89185714722
1	1	2.96401596069
1	1	0.970137119293
1	1	3.74640583992
1	1	2.77898097038
1	1	2.42531919479
1	0	1.05997896194
1	0	1.2516849041
1	1	0.898988008499
1	0	3.72184896469
1	1	1.21340107918
1	1	1.18455791473
1	1	1.29118299484
1	1	2.13106298447
1	1	1.68950414658
1	1	1.44035506248
1	1	2.65118408203
1	1	2.08977293968
1	1	1.12276220322
1	1	1.60341715813
1	1	1.23634886742
1	1	0.915965080261
1	1	1.04016900063
1	1	2.55651593208
1	1	2.88976097107
1	1	1.34052205086
1	1	0.787326812744
1	1	1.15523600578
1	1	1.59346795082
1	1	0.892728090286
1	1	2.01673698425
1	1	0.923738002777
1	1	1.37829303741
1	1	1.97110915184
1	1	1.36407709122
1	1	1.49814796448
1	1	1.64391684532
1	1	1.45827317238
1	1	1.41155385971
1	1	1.22851991653
1	1	2.42713713646
1	1	0.972985982895
1	1	0.995932817459
1	1	1.20259189606
1	1	2.01083397865
1	1	1.32421588898
1	1	1.03357481956
1	1	0.924705028534
1	1	1.30769395828
1	1	2.49265909195
1	1	0.826335906982
1	1	1.05914711952
1	1	0.907078027725
1	1	1.05009698868
1	1	0.729295969009
1	1	1.78004097939
3	1	0.890588998795
3	0	1.45243000984
3	1	0.762153148651
3	1	0.811393976212
3	1	0.700082063675
3	1	0.801748991013
3	1	0.578465938568
3	1	0.77115893364
3	1	0.594298839569
3	1	0.851916074753
3	1	0.58139705658
3	1	0.584972858429
3	1	0.811657905579
3	1	0.907727003098
3	1	0.947071075439
3	1	0.603693008423
3	1	0.744526147842
3	1	0.610908031464
3	1	0.675109148026
3	1	0.596105098724
3	1	0.818526029587
3	1	1.3707690239
3	1	2.77268910408
3	1	2.34710907936
3	0	1.70668101311
3	1	1.08364892006
3	1	1.08096694946
3	0	2.71346306801
3	1	1.01047182083
3	1	0.874058008194
3	1	1.54216098785
3	1	1.6584379673
3	1	2.05922484398
3	1	0.897075891495
3	0	1.66718792915
3	1	0.9894490242
3	1	2.44322896004
3	1	1.84304594994
3	1	1.62006092072
3	1	1.17970585823
3	1	0.873039960861
3	1	1.13270497322
3	1	0.745577096939
3	1	0.890873908997
3	1	0.803057909012
3	1	2.28385090828
3	1	0.939475059509
3	1	0.875710964203
3	1	0.930249929428
3	1	1.00349998474
3	1	1.37803697586
3	1	2.05240082741
3	1	2.57620811462
3	1	0.86780500412
3	0	1.17297101021
3	1	1.07573699951
3	1	0.930721998215
3	1	1.04213190079
3	1	0.915729999542
3	0	0.850256919861
3	1	1.46931004524
3	0	1.28906702995
3	1	0.770948886871
3	1	1.71605396271
3	1	1.55349898338
3	1	2.15635180473
3	1	3.05186414719
3	1	1.00171804428
3	0	1.6185669899
3	1	1.3717019558
3	1	0.914482831955
3	1	0.737782001495
3	1	0.853785037994
3	1	1.19454717636
3	1	0.642905235291
3	1	1.0345621109
3	1	0.836473941803
3	1	1.66646981239
3	1	0.673094034195
3	1	1.37793111801
3	0	1.37245678902
3	1	1.06466984749
3	1	2.14889717102
3	0	0.986364126205
3	1	0.720650196075
3	1	0.820194959641
3	1	1.82018589973
3	1	0.752110004425
3	1	0.930650949478
3	1	0.802940130234
3	1	1.50761294365
3	1	1.67617797852
3	1	0.778257846832
3	1	1.89801597595
3	1	1.17969202995
3	1	2.43512892723
3	1	1.64332985878
3	1	1.58715796471
3	1	1.65838599205
3	1	1.70970582962
3	1	0.79437494278
3	1	1.88323497772
3	1	2.00443005562
3	1	1.56140398979
3	1	1.94869089127
3	1	1.27390217781
3	1	1.22829413414
3	0	2.40224099159
8	1	0.78723192215
8	1	1.35236501694
7	1	3.1715118885
8	1	0.883308887482
7	1	2.00238800049
8	1	0.938719987869
7	1	0.755159139633
8	1	0.649991035461
7	1	0.963706016541
7	0	1.25913000107
7	1	1.23406505585
7	1	2.82695102692
7	1	0.66556096077
8	1	0.762989044189
8	1	0.721935987473
7	1	1.61125183105
7	1	0.876219034195
7	1	1.33932995796
7	1	2.59322810173
7	1	3.23027205467
7	1	1.16054081917
8	1	0.924815177917
7	1	2.07998800278
7	1	1.34947800636
7	1	1.0111451149
8	1	1.33040714264
7	1	1.89983105659
8	1	0.890647888184
8	1	1.50012993813
8	1	0.963361978531
8	1	1.6433839798
8	1	1.75497198105
7	1	1.89084100723
7	1	1.37022209167
7	1	0.787124156952
7	1	0.811334848404
8	1	1.50668001175
7	1	1.17971515656
8	0	3.02079105377
7	1	4.57880711555
7	1	0.897573947906
8	1	1.16235303879
8	1	2.41284704208
8	1	3.13914489746
8	1	3.47425699234
8	0	1.38835096359
7	1	3.01615786552
7	1	1.95025396347
8	1	1.8641910553
8	0	2.78110980988
7	1	1.85804200172
7	0	1.78681707382
8	1	1.0751850605
7	0	3.17901515961
8	0	4.03453087807
7	1	1.1708419323
8	1	1.31569504738
7	1	0.826905012131
7	1	0.787161111832
7	1	3.21025180817
7	0	1.17046308517
8	1	3.20388197899
7	1	3.40269684792
7	0	1.50814008713
8	1	0.91382598877
7	0	0.70906496048
7	1	0.978157997131
7	1	0.739796161652
7	1	0.71734380722
7	0	0.968626976013
8	0	0.747300863266
7	1	1.21249103546
7	1	1.45477509499
8	1	3.94782710075
8	1	2.16461396217
7	1	2.17634391785
8	1	1.73381710052
8	1	1.09019398689
8	1	1.89985203743
7	1	1.90439081192
7	1	3.82883000374
8	1	2.20836591721
8	1	1.13323116302
8	1	1.33186292648
7	1	0.944144010544
8	1	4.44410610199
7	1	0.74107003212
8	1	0.609447956085
8	1	1.64288115501
7	1	1.40520501137
8	1	1.42792701721
7	1	0.770994901657
7	1	1.09033417702
7	1	0.89056801796
2	1	1.18692302704
2	1	0.746956110001
2	1	0.618699073792
2	1	0.970846891403
2	1	0.618654966354
2	1	0.611515045166
2	0	0.609382867813
2	1	0.761395931244
2	1	1.64315700531
2	1	0.673148155212
2	1	0.938528060913
2	1	1.52306509018
2	1	1.4107811451
2	1	1.42591881752
2	1	0.620579004288
2	1	0.706612110138
2	0	1.45886516571
2	1	0.64534497261
2	1	0.673078775406
2	1	0.950206041336
2	1	1.184882164
2	1	0.707471847534
2	1	0.922291040421
2	1	0.746325016022
2	0	0.757535934448
2	1	1.76316785812
2	1	0.78663611412
2	1	1.41231489182
2	1	3.21766400337
2	1	0.997628927231
2	1	0.794173002243
2	1	1.85944700241
2	1	0.802217006683
2	1	1.73225712776
2	1	1.4350271225
2	1	0.730844974518
2	1	0.72346997261
2	1	1.24814891815
2	1	0.651591062546
2	0	0.739726066589
2	1	0.812011957169
2	1	2.40238189697
2	0	0.764252185822
2	1	0.627208948135
2	1	0.873713970184
2	1	0.987329959869
2	1	0.747260093689
2	1	0.685307025909
2	1	0.953973054886
2	1	0.643983125687
2	1	0.745976924896
2	1	1.58771896362
2	1	0.865833044052
2	1	1.33083105087
2	1	0.876303911209
2	0	1.31154203415
2	1	0.731299877167
2	1	1.16368913651
2	1	0.874073028564
2	1	1.01905012131
2	1	2.97092294693
2	1	3.13117003441
2	1	1.15682601929
2	1	0.852147817612
2	1	1.13767910004
2	1	0.804347038269
2	1	0.579316854477
2	1	0.915246963501
2	0	1.43485498428
2	1	0.875034093857
2	1	0.610510110855
2	1	1.56508207321
2	0	0.977660894394
2	1	0.690639972687
2	1	0.675936937332
2	1	1.42132997513
2	1	0.657702922821
2	1	1.18899297714
2	1	0.651427984238
2	1	1.75560212135
2	1	1.32104516029
2	1	0.661200046539
2	1	1.72928190231
2	1	0.676813840866
2	1	0.842489004135
2	1	0.87414598465
2	1	2.06793689728
2	1	0.649698972702
2	1	0.970062017441
2	1	0.843937158585
2	1	0.881217002869
2	1	1.1325571537
2	1	0.779196977615
2	1	0.977215051651
2	1	0.76523399353
2	1	0.595741033554
2	1	0.690090179443
2	1	0.731475114822
2	1	0.761477947235
2	0	0.626803874969
2	1	0.859914064407
2	1	0.642996072769
2	1	0.661334991455
2	1	0.576822042465
2	1	0.595538139343
2	1	0.802842140198
2	1	0.572238922119
2	1	0.819431781769
2	1	1.70584988594
2	1	1.20446586609
2	1	0.723474979401
2	1	0.824520111084
2	1	0.698537826538
2	1	0.820047140121
2	1	0.629226922989
2	0	0.579777956009
2	1	0.63396191597
2	1	0.963454961777
2	1	0.961694955826
5	0	1.6505651474
5	1	0.733577013016
5	1	1.06523799896
5	1	0.606020927429
5	1	0.795675039291
5	1	0.835608959198
5	1	0.632015943527
5	1	1.45292901993
5	1	0.593295097351
6	0	0.933104991913
5	1	0.684633016586
5	1	0.680248975754
5	1	1.27542281151
6	1	0.852077960968
5	1	0.777321815491
6	1	0.643278121948
6	1	0.732860803604
5	1	0.786513090134
5	1	0.93106508255
5	0	0.740404129028
6	1	0.793546915054
6	1	0.69095993042
5	1	0.843904018402
6	1	0.930932998657
6	1	1.15388798714
6	1	0.699254989624
5	1	0.978040933609
5	1	0.755375862122
6	1	1.04417204857
6	1	1.59589791298
5	1	0.880791902542
5	1	0.804790973663
5	1	1.72316288948
5	1	2.06540989876
6	1	0.746734142303
5	1	0.788094997406
6	1	0.682497024536
5	1	0.988609790802
5	1	0.809741973877
6	0	1.73829507828
5	1	2.1901910305
5	1	1.02533793449
6	1	0.897773981094
6	1	0.62801194191
5	1	0.738859176636
5	1	0.691453933716
5	1	0.584742069244
5	1	0.724817991257
6	1	0.64208817482
5	1	0.669064044952
5	1	0.512237071991
6	0	0.866708040237
6	1	0.580420970917
6	1	0.592833042145
6	1	1.01887607574
5	1	0.524687051773
5	1	3.2292509079
5	0	1.03319406509
6	1	0.660881996155
5	1	0.899908065796
5	1	0.994417905807
5	0	0.61116194725
5	0	2.08135509491
6	1	0.747617006302
5	1	1.72385787964
5	1	0.810972929001
5	1	2.05929398537
6	1	0.779171943665
5	1	1.96365904808
6	1	3.77877998352
6	1	0.834757089615
5	1	0.682760000229
5	1	1.00348091125
6	1	1.30865597725
5	1	0.787384033203
5	1	1.15266394615
6	1	0.734012842178
6	1	0.753175020218
6	1	0.901031970978
5	1	1.132833004
6	1	0.888451099396
6	0	2.44553112984
6	1	1.97718405724
5	1	1.57151794434
6	1	1.09836697578
5	0	0.780843019485
5	1	1.25886702538
6	1	0.706758022308
6	1	0.625108957291
6	1	1.49300503731
6	0	0.994033098221
6	1	0.988821983337
5	1	0.904479980469
5	1	0.947819948196
5	1	1.00160598755
6	1	0.803730010986
5	1	1.19473290443
5	1	0.636426925659
5	1	0.948857069016
5	1	0.987205982208
6	1	0.984982013702
6	0	1.09138679504
6	1	0.809753894806
6	1	0.979825019836
5	1	0.706945896149
6	1	1.96463704109
5	1	1.41220712662
5	1	0.730452775955
6	1	0.804823160172
5	1	0.664756059647
5	1	0.899486064911
6	1	0.875581026077
5	1	0.761431932449
5	1	1.0895550251
6	1	1.04510188103
6	1	0.851306915283
6	0	4.03310012817
7	0	1.30891394615
8	0	0.762651205063
8	1	1.24417805672
8	1	0.890296936035
7	1	0.770320892334
7	1	0.681785821915
8	1	0.794721126556
7	1	1.26153898239
8	1	0.555954933167
8	1	0.60369515419
8	1	0.529074192047
7	1	1.32340979576
8	0	0.955490112305
7	1	0.97087097168
8	0	2.38610601425
8	1	1.47834515572
7	1	1.7561070919
8	1	0.728879928589
8	1	0.900156974792
8	1	0.651952028275
8	1	0.634393215179
8	1	0.675584077835
7	0	1.42801308632
8	1	0.928972959518
8	0	0.868537187576
7	1	0.668391942978
7	1	1.17614793777
7	1	0.708410978317
7	1	1.60354590416
8	0	3.01711416245
7	1	0.588874101639
8	1	1.28396701813
8	0	0.745853900909
8	1	0.596396923065
7	1	0.961649894714
8	0	0.792881965637
7	1	0.675143003464
7	1	0.682814121246
8	1	0.692063808441
7	1	0.634353160858
7	0	1.16426301003
8	0	0.610357999802
7	0	0.986768960953
7	0	0.522767066956
8	1	0.74666595459
8	1	0.683237791061
7	1	0.8748960495
7	1	1.43475699425
8	1	0.866370916367
8	0	0.67560005188
7	1	1.1500878334
7	1	0.737153053284
7	1	1.16321992874
7	1	0.963746070862
7	0	2.75534796715
7	1	1.31566596031
8	1	0.898566007614
7	1	1.07463693619
8	1	0.868609905243
7	1	2.76321101189
7	1	0.668533086777
7	1	1.75538611412
8	1	1.0503180027
7	1	0.602789878845
8	1	0.892590045929
8	1	0.833516120911
7	1	1.41722297668
7	1	0.661437034607
8	1	1.8501458168
8	1	1.53226780891
7	1	0.763756990433
7	1	0.907816171646
8	1	0.76954293251
7	1	1.25225305557
7	1	0.705410003662
8	1	0.611749887466
8	1	1.01256203651
8	1	0.538173913956
7	1	0.602051973343
8	1	1.15621900558
8	1	0.755009889603
8	1	0.939926147461
7	0	0.900109052658
8	1	0.996136903763
8	1	0.745319128036
8	1	1.90950798988
7	1	1.25066113472
8	1	0.722511053085
8	1	0.689538955688
7	1	0.683007955551
7	1	0.779922008514
8	1	0.723124980927
7	1	0.720499038696
8	1	0.724410057068
8	1	1.58699584007
8	1	0.746915102005
7	1	0.747163057327
7	1	2.76390194893
7	1	1.03297019005
8	1	0.789071083069
7	1	0.625972986221
7	1	0.940943002701
8	1	0.641888856888
7	0	2.37212514877
7	1	1.18658399582
8	1	2.96632099152
8	1	0.815713882446
8	1	1.76324892044
7	1	0.95060801506
7	1	1.33704686165
7	1	0.875417947769
8	1	0.824740171432
8	0	2.36429595947
8	1	0.707466125488
8	1	1.9237639904
8	1	0.691097974777
7	1	0.792645931244
6	1	0.874784946442
6	1	0.548047065735
6	1	0.778342008591
5	1	0.466824054718
5	0	0.563514947891
6	1	0.548475027084
5	1	0.561268806458
5	1	1.65906620026
5	1	0.921872138977
5	1	1.35654902458
6	1	0.657002925873
5	1	0.684403181076
5	0	1.15628910065
6	1	0.681909799576
5	1	0.91558098793
6	1	0.722764968872
6	1	0.794531106949
6	1	0.595674991608
5	1	3.47430801392
6	1	1.06821990013
5	1	1.29962491989
6	1	0.780171871185
5	1	0.765582799911
6	1	1.1685321331
6	1	0.899879217148
5	1	0.867358922958
6	1	0.668108940125
5	1	0.880782842636
6	1	2.96365213394
5	1	0.925415992737
5	1	1.08959913254
6	1	2.011895895
6	1	0.825057029724
6	1	0.885301113129
6	1	0.729163885117
5	1	0.691548109055
6	1	0.68199801445
6	1	0.643333911896
5	1	1.03767490387
6	1	1.22681498528
6	1	1.54675483704
5	0	1.80413079262
5	1	0.616885900497
6	1	0.68340086937
6	1	0.611929893494
6	1	0.557153940201
5	1	1.10484004021
5	1	0.739167928696
5	1	0.642240047455
6	1	0.603965997696
6	1	0.554871082306
5	1	0.725501060486
5	1	0.664627075195
6	1	0.845879077911
6	1	0.554648160934
5	1	1.13849902153
5	0	0.643982887268
6	1	0.585863113403
5	0	1.61864614487
6	1	0.715972900391
6	1	0.64339184761
6	1	0.612624168396
6	1	0.589255094528
5	1	1.20257496834
6	1	0.688736200333
6	1	0.627143859863
5	1	0.572237968445
6	1	0.684226989746
6	0	1.83417987823
6	0	1.82701802254
5	1	2.61288309097
5	0	0.952615022659
5	1	2.12578487396
6	1	1.49635791779
5	1	1.36540102959
5	1	1.21657705307
5	1	1.19520306587
5	0	3.13029098511
6	1	1.93060112
5	1	0.805061101913
5	0	4.9220290184
5	0	3.45063400269
6	1	1.25158596039
6	1	0.859153985977
6	1	1.21203494072
5	1	0.826333999634
6	1	0.883606910706
5	1	0.608170986176
5	1	0.540177106857
5	1	1.2923719883
5	1	0.808109045029
5	1	0.707720994949
6	1	0.862109899521
5	1	1.1061398983
6	1	0.628747940063
5	0	1.69787096977
6	1	0.689949035645
5	0	1.78879094124
5	1	1.07562708855
5	1	0.763463020325
6	1	0.714292049408
5	1	1.18682122231
6	1	0.95596408844
6	1	0.774024009705
6	1	0.921962976456
6	1	0.528469085693
5	0	1.08243203163
5	1	0.58810710907
5	0	0.681876182556
6	1	0.811824083328
6	1	2.34755682945
6	0	1.94610190392
5	1	0.955487966537
5	1	1.34700417519
5	1	0.786370038986
6	1	0.770983219147
7	1	1.75654578209
7	1	0.786635875702
8	1	0.904824018478
8	0	1.69142413139
7	1	1.02660012245
8	1	1.06554484367
8	1	0.764983177185
7	1	0.866582870483
8	1	1.41894388199
8	1	0.601819038391
7	1	2.09943819046
7	1	0.681869983673
8	1	0.738701105118
8	1	2.18722701073
7	1	0.600147008896
8	1	0.627099990845
8	0	0.802011966705
8	1	1.61282205582
7	1	1.05809903145
8	1	1.28890705109
7	1	2.60273504257
7	1	1.84242892265
7	1	1.14689707756
7	1	1.37783908844
8	1	0.896441936493
7	1	0.532075166702
8	0	1.03375101089
8	1	0.667415857315
7	1	0.700565099716
7	1	0.578346014023
7	1	0.968168020248
7	1	1.85067081451
8	1	0.848959922791
8	1	0.833375930786
8	1	1.42825818062
8	1	2.25019097328
7	1	0.584904909134
8	1	1.74760317802
7	1	0.849354982376
8	1	1.16958999634
8	0	0.699579000473
7	1	0.704685926437
7	1	1.30158400536
8	1	0.754562139511
7	1	1.73668694496
7	0	1.07573413849
7	1	0.618214130402
7	1	0.66601896286
8	1	2.16884112358
7	1	1.50016903877
8	1	1.27407097816
8	1	0.826562166214
8	0	0.698051929474
7	1	1.92331004143
8	1	0.65989279747
7	1	0.86511516571
7	0	1.41912484169
8	1	0.642580986023
7	1	0.904044866562
8	1	0.754140138626
7	1	0.707348823547
7	1	1.69008302689
8	1	0.827144861221
8	1	0.515534162521
7	1	0.496236801147
7	1	1.07420110703
7	1	0.708631038666
8	1	0.52109003067
8	1	0.595911026001
8	1	0.857354879379
8	1	1.8922560215
7	0	1.08386182785
8	0	0.688377141953
7	1	1.01857805252
7	0	0.79412817955
7	1	0.947615861893
8	1	0.905089855194
8	1	3.3305850029
7	1	0.81712603569
7	1	0.80252790451
7	1	2.12140607834
8	1	3.45877790451
7	1	0.818733930588
7	1	0.73730802536
7	1	0.99471116066
8	1	0.585133075714
7	1	0.715438127518
8	1	0.593229055405
8	1	0.922334909439
8	1	0.658778190613
8	1	0.572632074356
7	1	0.602042198181
7	0	0.617101192474
8	1	0.968609809875
7	1	1.08177900314
7	1	3.25317502022
8	1	0.777260065079
8	1	0.898657083511
7	1	0.889477014542
7	1	0.683736085892
8	1	0.704982042313
7	1	1.07755899429
7	1	1.67167496681
8	1	0.930801153183
8	1	0.755518198013
8	1	0.553065061569
7	1	0.738072872162
7	1	0.653265953064
7	1	1.07401895523
8	1	1.03912496567
7	1	1.36413192749
7	1	0.531956911087
7	1	1.27245807648
7	1	1.1690530777
8	1	0.644600868225
8	1	0.673919916153
6	1	0.680567026138
6	1	0.668686151505
6	1	0.696748971939
6	1	0.621304988861
6	0	1.00142812729
5	1	0.761038064957
6	1	0.83503818512
6	1	0.699546813965
6	1	0.602240085602
6	1	1.84148001671
6	1	1.2748529911
5	1	0.61768078804
5	1	0.705237150192
5	1	0.618915081024
5	1	0.641440153122
6	1	1.23593497276
6	1	0.721735954285
6	1	0.570109844208
6	1	0.713011980057
6	1	0.555845022202
6	1	0.810662984848
5	1	1.10574412346
5	1	0.569469928741
6	1	0.587906837463
6	1	0.529942035675
5	1	0.585639953613
6	1	0.586310148239
6	1	0.79336309433
5	1	1.49791502953
6	1	0.721158027649
6	1	0.572705030441
6	1	0.7154109478
5	1	0.705691099167
5	1	0.827033042908
6	1	1.13966012001
6	1	0.729022979736
5	1	1.32220387459
5	1	0.835344076157
6	1	0.626405000687
5	1	0.611371994019
5	1	1.03307390213
6	1	0.617378950119
6	1	0.585463047028
6	1	0.620605945587
6	1	0.626691102982
5	1	0.970640897751
6	0	0.769237995148
5	1	0.608981132507
6	1	0.924180984497
5	1	0.57771897316
6	1	0.690855026245
6	1	0.63480591774
6	1	0.62842297554
5	1	0.608566045761
6	1	0.593770980835
6	1	0.802567958832
6	1	0.540071964264
6	1	0.504214048386
5	1	1.06029701233
5	0	0.848139047623
5	1	0.618627071381
5	1	0.516283988953
6	0	0.602900028229
5	1	0.768697977066
6	1	0.811655044556
5	1	2.32091116905
6	1	1.08382105827
5	1	1.01622605324
6	1	0.778690099716
6	1	1.46646785736
5	1	1.53181695938
5	1	0.6897149086
6	1	0.641505002975
5	1	0.572268009186
5	1	0.994653940201
5	1	0.552654027939
5	1	0.675050973892
6	0	0.739300012589
6	1	1.17005300522
5	1	0.620107889175
5	1	1.307284832
5	1	0.67312002182
6	1	1.49125099182
6	1	0.511258125305
5	1	0.691705942154
5	1	0.617605924606
6	1	0.960527896881
5	1	0.779942035675
5	1	0.652055978775
6	1	1.12116909027
6	1	0.603329181671
5	1	1.40073013306
5	1	0.540106058121
6	1	1.09052395821
6	1	0.601197004318
6	1	0.642330884933
5	1	0.603163957596
5	1	0.841757059097
6	1	0.9157371521
6	0	0.609601974487
6	0	0.61146402359
5	1	0.706028938293
6	1	1.21002817154
6	1	0.59584903717
6	1	0.658757925034
5	1	1.41680407524
6	1	0.69250202179
5	1	1.39506387711
6	1	0.671522855759
6	1	2.12357401848
5	1	0.754978895187
6	1	0.720499992371
5	1	1.74508786201
5	1	0.834212064743
6	0	0.955783843994
6	1	1.95501089096
6	1	0.872854948044
5	1	1.74656605721
6	1	0.754366159439
5	0	1.06657505035
5	1	0.691587924957
5	1	1.8975379467
5	1	0.697180986404
5	1	0.820788145065
6	1	2.68801116943
6	1	0.764627933502
2	1	2.22659683228
2	1	0.996124982834
2	1	0.689229011536
2	1	0.62704205513
2	0	0.930329799652
2	1	0.597183942795
2	1	0.974824905396
2	1	0.829149961472
2	1	0.930119991302
2	1	0.680731058121
2	1	0.954787015915
2	0	0.873407125473
2	1	0.595593929291
2	1	0.512771129608
2	1	0.691308021545
2	1	0.778982877731
2	1	0.753337860107
2	1	0.84996008873
2	1	0.675046205521
2	1	0.628873109818
2	0	0.537841081619
2	1	0.91384100914
2	1	1.62006092072
2	1	0.745002985001
2	1	0.739768028259
2	1	0.753226995468
2	1	0.913758993149
2	0	0.765249967575
2	1	0.584071874619
2	1	1.69269800186
2	1	0.775632858276
2	0	0.659780025482
2	1	0.713050842285
2	1	1.05044388771
2	1	0.874958992004
2	1	0.587650060654
2	1	0.554793834686
2	1	0.545413017273
2	1	0.852845907211
2	1	0.761068105698
2	1	0.524358987808
2	1	0.983906030655
2	0	0.531718969345
2	1	0.723597049713
2	1	0.697965860367
2	1	0.707581996918
2	1	0.570306062698
2	1	0.633177995682
2	1	0.618963003159
2	1	0.633824110031
2	1	0.6750228405
2	1	0.737675905228
2	1	0.856920957565
2	1	0.716836929321
2	1	0.568471193314
2	1	1.1418530941
2	1	0.579140901566
2	1	0.785593986511
2	1	0.620352983475
2	1	0.578494787216
2	1	1.15314292908
2	1	1.00134110451
2	1	1.01280784607
2	1	0.569926977158
2	1	0.65110707283
2	1	0.586003065109
2	1	0.553416967392
2	1	0.65110707283
2	0	0.601320981979
2	1	0.60208106041
2	1	1.8427491188
2	1	0.810204982758
2	1	7.41705489159
2	1	0.723121881485
2	1	2.15220594406
2	1	0.93127989769
2	1	0.858726024628
2	1	4.6886048317
2	1	0.867537975311
2	0	0.681576013565
2	0	0.677083969116
2	0	4.38477611542
2	1	3.11537599564
2	1	0.944828987122
2	1	1.45083904266
2	1	1.85098290443
2	1	1.34676003456
2	1	0.569556951523
2	1	1.78627300262
2	1	0.755040168762
2	1	1.04815292358
2	1	0.538952112198
2	1	0.817901134491
2	0	0.52241396904
2	1	0.670907020569
2	1	0.723944187164
2	1	0.52926492691
2	1	0.547755002975
2	1	0.890017986298
2	1	0.55751991272
2	1	0.53941988945
2	0	0.682103872299
2	1	0.570943832397
2	1	0.548462867737
2	1	0.537972927094
2	1	0.561396121979
2	0	0.546777009964
2	1	1.09061002731
2	1	1.52330088615
2	1	1.96957397461
2	1	0.809767007828
2	1	0.79395699501
2	1	0.643332004547
2	1	1.35220980644
2	1	2.97185587883
2	1	1.17002511024
2	1	1.56337308884
2	1	0.988060951233
2	1	0.944083929062
2	1	0.609558820724
1	0	1.68312501907
1	1	1.95178890228
1	1	0.813280105591
1	1	0.75942492485
1	1	0.956815004349
1	1	0.801658153534
1	0	0.850035905838
1	1	0.635457038879
1	1	0.867415904999
1	1	1.74528622627
1	0	1.23513698578
1	1	0.73179101944
1	1	0.682607889175
1	1	1.00081682205
1	1	3.32531905174
1	1	0.690848827362
1	1	1.01110601425
1	1	1.0154030323
1	1	0.717314004898
1	1	1.91248703003
1	0	1.14825606346
1	1	1.64157581329
1	0	2.49016499519
1	1	1.65736103058
1	1	0.724988937378
1	1	1.09807896614
1	1	0.809651851654
1	1	1.01588106155
1	0	1.36314487457
1	1	0.946233987808
1	1	0.834062099457
1	1	1.10012817383
1	1	2.53955793381
1	1	6.34356117249
1	1	0.890902996063
1	1	0.731668949127
1	1	0.732448816299
1	1	0.658042192459
1	1	1.76358389854
1	0	4.40056085587
1	1	0.690116882324
1	1	0.56249499321
1	1	0.804454088211
1	1	0.569500207901
1	1	1.9852809906
1	1	1.07522296906
1	1	0.625151157379
1	1	1.402354002
1	1	1.45157694817
1	1	1.84217500687
1	1	2.20129799843
1	1	0.80232000351
1	1	2.61096310616
1	1	0.696521997452
1	1	0.628602981567
1	1	0.636270999908
1	1	1.01665306091
1	1	1.11534380913
1	1	0.881266117096
1	1	0.778868198395
1	1	0.768880844116
1	1	0.795685052872
1	1	0.882179021835
1	1	0.778589010239
1	1	1.16161608696
1	0	1.4319601059
1	1	0.619104146957
1	1	0.594825029373
1	1	0.80039691925
1	1	0.842607975006
1	1	0.666496038437
1	1	0.844537973404
1	1	0.576623916626
1	1	0.915095090866
1	1	0.562631845474
1	1	1.56343817711
1	1	1.07174015045
1	1	0.557225942612
1	1	1.13053417206
1	1	0.777304887772
1	0	0.746256828308
1	1	0.650284051895
1	1	0.723549127579
1	1	1.03293991089
1	1	0.69042301178
1	1	0.627471208572
1	1	0.601969957352
1	1	0.628561019897
1	1	0.736819982529
1	0	0.698746919632
1	1	1.64079713821
1	1	0.781929969788
1	1	1.29856300354
1	1	1.10476112366
1	1	0.63396191597
1	1	0.620512008667
1	1	0.580754995346
1	1	0.6255838871
1	1	0.690742969513
1	1	0.817944049835
1	1	0.666120052338
1	1	0.642776012421
1	1	0.578876018524
1	1	0.689649820328
1	1	0.652191162109
1	1	0.595155954361
1	1	0.568812131882
1	1	1.21781516075
1	1	0.61963391304
1	1	0.714736938477
1	1	0.650864839554
1	1	0.513783931732
1	1	0.513626098633
1	1	0.585886955261
1	1	0.810348033905
1	1	0.500943899155
1	1	0.432682037354
6	1	0.698320865631
6	1	0.52264380455
6	1	0.722679138184
5	0	1.08877396584
6	1	0.635005950928
6	0	0.626720905304
5	1	0.71435713768
6	1	1.57892584801
6	1	0.722997903824
6	1	0.666343927383
6	1	0.580704927444
6	1	0.656753063202
5	0	0.62877202034
5	1	0.633082151413
6	1	0.658878087997
5	1	3.01120996475
5	0	2.36207985878
5	1	0.987275123596
6	1	1.07467603683
6	1	0.690387964249
6	1	0.890147209167
5	1	1.75440406799
5	1	0.889127016068
5	1	0.995469808578
5	0	1.0638988018
5	1	1.28460693359
6	1	1.23336410522
6	1	0.8907289505
6	1	0.679565906525
6	1	0.932290792465
5	1	2.48167395592
6	1	0.936105012894
5	1	0.803255081177
5	1	0.728979110718
6	1	0.906534910202
6	1	0.732693195343
6	1	0.624795198441
6	1	0.669417858124
6	1	0.543828010559
6	1	0.741696834564
5	1	0.78503203392
5	0	0.648061990738
6	1	0.594826936722
6	1	1.22695302963
6	1	0.636668920517
6	0	1.09773802757
5	1	0.928072929382
5	1	0.644828081131
6	1	0.730033159256
5	1	1.24388313293
6	1	1.03529500961
5	1	0.799567937851
5	0	0.682400941849
6	1	1.44854402542
6	1	2.00227284431
6	1	0.804976224899
6	1	1.39990997314
6	1	1.09206199646
6	0	0.762059926987
5	1	0.939363956451
5	1	1.11590695381
5	1	0.7473320961
5	1	1.53756999969
6	1	1.21934890747
5	1	0.707809925079
6	1	0.801139831543
5	1	0.547205209732
6	1	0.752462148666
5	1	0.796368837357
6	1	0.770471096039
6	1	1.01023697853
5	1	0.833899974823
5	0	2.04273295403
5	1	1.72247409821
5	1	0.827010154724
6	1	0.698755025864
5	1	0.787243843079
5	1	0.755248069763
6	1	0.778272867203
5	0	2.072701931
6	1	1.20310497284
5	1	0.888090848923
5	1	3.43686079979
5	1	2.00070905685
6	1	1.81069207191
6	1	1.28981590271
5	1	1.15651011467
5	1	0.91420006752
6	0	0.889954090118
6	1	0.759813785553
5	1	1.35460686684
5	1	1.01981186867
6	1	1.02628898621
5	1	1.06565308571
6	1	0.914047956467
6	0	0.715147018433
6	1	0.800321102142
6	1	1.15401291847
6	1	1.32384800911
6	1	0.688811063766
5	0	0.892012119293
5	1	1.24145507812
6	0	1.04221796989
6	1	0.888727903366
6	0	1.07437181473
6	1	0.733026027679
5	1	0.729943037033
5	1	0.859431028366
5	1	1.81820082664
5	1	1.81692290306
6	1	0.692281007767
6	1	0.834828138351
5	0	0.62730717659
6	1	0.561344146729
5	1	5.08961510658
5	1	0.860152006149
5	1	0.775819063187
7	1	0.73398399353
7	1	0.855918884277
7	1	1.44314098358
7	1	1.27532410622
8	1	1.05066490173
8	1	1.37880706787
8	1	1.06780195236
7	1	0.952227115631
7	1	0.828058004379
7	1	1.37963700294
8	1	3.04818797112
7	0	2.49612808228
7	1	0.772086143494
8	1	0.698760986328
8	1	0.633051872253
7	1	0.668812990189
8	1	0.92116189003
7	1	1.48372912407
7	1	0.923450946808
7	1	0.730841159821
8	1	0.649160861969
8	1	0.922883033752
7	1	0.669199943542
7	1	0.978749990463
8	1	0.688209056854
7	1	0.939634084702
7	1	0.747382879257
8	0	2.02439212799
7	1	1.17024207115
7	1	0.761844873428
8	1	0.779121875763
8	1	0.675443887711
8	1	0.787045001984
8	1	1.23361992836
8	1	1.16368794441
7	0	1.81793808937
8	1	0.81960105896
8	0	1.20127606392
8	0	0.617058992386
8	1	0.561248064041
8	1	0.82914686203
8	1	1.14480996132
7	1	1.61865401268
8	1	2.02033114433
8	1	1.33675003052
8	1	0.691522121429
8	0	1.3448908329
7	1	0.594558000565
7	1	2.49713397026
7	0	0.764705181122
8	1	0.640991926193
8	1	1.18693804741
7	0	3.27294683456
8	1	1.0892970562
8	0	0.819128990173
7	1	0.763274908066
7	1	0.778650999069
8	1	1.47339200974
7	1	0.715411186218
8	1	0.609444856644
7	1	2.81875109673
8	1	0.83576798439
7	1	1.12160491943
7	1	0.603889942169
7	1	0.890920877457
7	1	0.675119876862
8	0	1.04838490486
8	0	0.884011983871
8	0	0.681324958801
7	0	0.907153129578
8	1	0.72142791748
8	1	1.361068964
8	1	0.970496892929
8	1	1.8585062027
8	1	0.618738889694
8	1	0.499120950699
7	1	0.770622014999
8	1	0.795196056366
8	1	0.579407930374
7	1	0.520807981491
8	1	0.524063110352
8	0	0.591190099716
7	1	0.538525104523
8	1	0.539025068283
7	0	0.69060587883
8	1	0.602732896805
8	1	0.970066070557
8	1	0.548820972443
7	1	1.11409687996
8	1	0.490849018097
7	1	0.575214147568
8	1	0.683900117874
8	1	0.899625062943
8	1	0.752477884293
8	0	0.466782093048
7	1	0.811595201492
8	1	0.659921169281
8	1	0.808367967606
8	1	0.755127906799
7	1	0.643244028091
7	1	1.02436900139
8	1	0.723854064941
7	0	0.633095979691
7	1	0.571090936661
7	1	0.539674043655
7	1	0.569150924683
7	1	1.02549695969
8	1	0.77862906456
8	0	0.547311067581
7	1	0.716912031174
7	1	0.634830951691
7	1	0.769987821579
8	0	0.75407910347
7	1	0.755243778229
8	1	0.620321989059
8	1	0.562551021576
7	1	0.705871105194
7	1	0.784862995148
8	1	0.565475940704
8	1	0.569977045059
7	1	0.739787817001
8	1	0.778481006622
3	0	1.01985788345
3	1	0.604215145111
3	1	0.689939975739
3	0	0.459762096405
3	0	0.32137298584
3	1	0.217597007751
3	1	0.596462011337
3	1	0.577759027481
3	0	0.459265232086
3	1	0.633342027664
3	1	0.643554210663
3	1	0.466552972794
3	1	0.556296110153
3	1	0.634028911591
3	1	0.456467151642
3	1	0.549850940704
3	1	0.488532066345
3	1	0.644963979721
3	1	0.487554073334
3	1	1.96133208275
3	1	0.835646867752
3	1	0.628924846649
3	1	0.745342969894
3	1	1.07372403145
3	1	0.650150060654
3	1	0.859040021896
3	1	1.14669895172
3	1	0.64312505722
3	1	0.625267028809
3	1	0.784749031067
3	1	0.517402887344
3	1	0.617117881775
3	1	0.849165201187
3	1	0.933487892151
3	1	1.1932349205
3	1	0.555046796799
3	1	0.674440145493
3	1	0.84205698967
3	1	0.841784000397
3	1	0.608618021011
3	1	0.478061199188
3	1	0.504461050034
3	1	0.524170875549
3	1	0.547986984253
3	1	0.457618951797
3	1	0.467533111572
3	1	0.442326784134
3	0	0.537667036057
3	1	0.477193117142
3	1	0.801719903946
3	1	0.41891002655
3	1	0.522143125534
3	0	0.610285997391
3	1	0.548309087753
3	1	0.648236036301
3	1	0.532306194305
3	1	0.537353992462
3	1	0.56347489357
3	1	0.753216981888
3	1	0.641973972321
3	1	0.539108991623
3	1	1.2748041153
3	1	0.547251939774
3	1	0.594462156296
3	1	0.530398845673
3	1	0.53976893425
3	1	0.808547973633
3	1	0.586519002914
3	1	0.587719917297
3	1	0.657946109772
3	1	0.674100875854
3	1	0.720772981644
3	1	1.46601295471
3	1	0.578097105026
3	1	0.578490972519
3	1	0.530803918839
3	1	0.561388969421
3	1	0.684938192368
3	1	0.586547136307
3	1	0.736916780472
3	1	0.611677885056
3	1	0.672674894333
3	1	0.955404043198
3	1	0.513915061951
3	1	0.523525953293
3	1	0.769927978516
3	1	0.442695856094
3	1	0.46870303154
3	0	0.505867958069
3	1	0.540519952774
3	1	0.480933189392
3	1	0.796085119247
3	1	0.753111124039
3	1	0.594309091568
3	1	0.716613054276
3	1	0.738343954086
3	1	0.721424102783
3	1	0.576569080353
3	1	0.491719007492
3	1	0.636106014252
3	0	0.601613998413
3	1	0.561928987503
3	1	0.408525943756
3	1	0.587439060211
3	1	0.706434965134
3	1	0.634845972061
3	1	0.505055904388
3	1	0.63542509079
3	1	0.538588047028
3	1	0.563679933548
3	1	0.672769069672
3	1	0.755573034286
3	1	0.55571103096
3	1	0.632901906967
3	1	0.740993022919
3	1	0.473387956619
3	1	0.475353002548
3	1	0.513617038727
3	1	0.539080858231
3	1	0.508380889893
3	1	0.505222082138
3	1	0.532367944717
3	1	0.600311994553
3	1	0.484082937241
3	1	0.531592845917
3	1	0.722578048706
3	1	0.577610015869
3	1	0.689218044281
3	1	0.586098909378
3	1	0.555209159851
3	1	0.545564889908
3	1	0.555406808853
3	1	0.559265136719
3	1	0.500045061111
3	1	0.499285936356
3	1	0.737201929092
3	0	0.627470970154
3	1	0.489823102951
3	1	0.611945867538
3	1	0.554672002792
4	1	0.803107023239
4	1	0.604960918427
4	1	0.497554063797
4	1	0.545484781265
4	1	0.523231983185
4	1	0.511904001236
4	1	0.547981977463
4	1	0.624215841293
4	1	0.522905111313
4	1	0.563965082169
4	1	0.811633110046
4	1	0.680868864059
4	1	0.619187831879
4	1	0.716160058975
4	0	0.721872091293
4	1	0.587540864944
4	1	0.714923143387
4	1	0.553707838058
4	1	0.648815870285
4	1	0.597710847855
4	1	0.849148988724
4	1	0.684104204178
4	1	0.544797182083
4	1	0.649924039841
4	1	0.636887073517
4	1	0.731437206268
4	1	0.682415962219
4	1	1.0581510067
4	1	0.672931194305
4	1	0.930171966553
4	1	0.659518957138
4	1	0.890459060669
4	1	0.802917957306
4	0	0.896916866302
4	1	0.610638856888
4	1	0.963423967361
4	0	0.784765005112
4	1	0.842289924622
4	0	1.65058112144
4	1	1.06802415848
4	1	0.721889019012
4	1	0.6586561203
4	1	0.634777069092
4	1	0.746997833252
4	1	0.569138050079
4	1	0.594819068909
4	1	0.746753931046
4	1	0.546108961105
4	1	0.594155073166
4	1	0.643378019333
4	1	0.810390949249
4	0	0.580209970474
4	1	0.577239990234
4	1	0.601034879684
4	0	0.930592060089
4	1	0.580661058426
4	1	0.825058937073
4	1	0.685089826584
4	1	0.751749992371
4	1	0.715062856674
4	1	0.828758955002
4	1	0.857032060623
4	0	1.10598611832
4	1	0.784913063049
4	1	1.23487710953
4	1	0.739027023315
4	1	0.827497959137
4	1	0.786834955215
4	1	0.827071905136
4	1	0.682991981506
4	1	0.554418087006
4	1	0.656013965607
4	1	0.717569112778
4	1	0.639946937561
4	1	0.619978904724
4	1	0.762696027756
4	1	0.592455863953
4	1	0.755928039551
4	1	0.669241905212
4	1	0.848854064941
4	1	0.793349981308
4	1	0.779333114624
4	1	0.88273692131
4	1	0.864645004272
4	1	0.986652851105
4	1	0.797436952591
4	1	0.994068861008
4	1	1.12917399406
4	1	0.881839036942
4	1	0.64430809021
4	1	0.642220973969
4	1	0.81889295578
4	1	0.690214157104
4	1	2.28896284103
4	1	0.652018070221
4	1	0.713850975037
4	1	0.923212051392
4	1	1.19489407539
4	1	1.38371801376
4	1	0.780471086502
4	0	0.905863046646
4	1	0.779476881027
4	0	0.680301904678
4	1	0.602370023727
4	0	0.867072105408
4	1	2.25818490982
4	1	0.819474220276
4	1	1.87988805771
4	1	0.883407115936
4	1	1.83417606354
4	1	0.939374923706
4	1	0.841882944107
4	1	0.522889852524
4	1	0.658888101578
4	1	0.520630121231
4	1	0.685194969177
4	1	0.731342077255
4	1	0.530204057693
4	1	0.832290172577
4	1	0.667279005051
4	1	1.33093810081
4	1	0.507274866104
4	1	0.459807872772
4	1	0.464447975159
4	1	0.434007883072
4	1	0.508445978165
4	1	0.562561988831
4	1	0.528768062592
4	1	0.537724971771
4	0	0.557724952698
4	1	0.68331193924
8	1	0.805771112442
7	1	0.666646957397
7	1	0.483846902847
7	1	0.602417945862
7	1	0.642696142197
8	1	0.906822919846
8	1	0.562768936157
7	1	0.626466035843
7	1	0.525506973267
7	1	0.545636177063
8	1	0.628540039062
8	0	0.665805101395
7	1	0.666490077972
8	1	0.501331806183
7	0	0.514681100845
7	1	0.729208946228
8	1	0.564368009567
7	0	1.34476995468
8	1	0.603279829025
7	1	0.667560815811
8	1	0.699939966202
8	1	0.803031921387
7	1	0.651750802994
7	1	0.619249820709
7	1	1.72148609161
8	1	2.39670205116
8	1	2.48068284988
7	1	0.739319801331
8	1	0.860339164734
8	1	0.939208030701
8	1	0.763550043106
7	1	0.594826936722
7	1	0.595896959305
7	1	0.498109102249
7	1	0.515223026276
8	1	0.531610012054
8	0	0.657881975174
8	0	0.698985815048
7	1	0.660310029984
7	1	2.20178484917
8	1	0.690812826157
7	1	1.54823207855
8	1	1.42099285126
8	1	0.841221094131
8	1	0.797767877579
8	1	0.811444997787
7	1	0.723054885864
7	1	0.673748016357
8	1	1.03477716446
8	1	2.01222491264
7	1	1.11261487007
7	0	1.20553207397
7	1	0.70542883873
8	1	1.51580882072
8	1	0.707720041275
8	1	1.29009222984
8	0	1.82755708694
7	1	0.932179927826
7	1	1.27296590805
8	0	0.914299964905
7	0	0.7981569767
8	1	1.02612900734
7	1	3.42722916603
7	1	1.73854804039
7	1	0.732037067413
7	1	0.553516864777
8	1	0.700493097305
8	1	0.765470027924
7	1	0.777739048004
8	1	1.41752314568
8	1	0.68531703949
8	1	0.619088172913
8	1	0.731533050537
7	0	0.930685997009
7	1	1.49221611023
8	1	1.54692196846
7	1	0.683097839355
7	1	0.876013040543
8	1	2.48924612999
7	1	1.49952602386
8	1	0.667080163956
8	1	0.772327899933
8	1	0.713757991791
7	1	0.634230852127
8	1	0.715096950531
7	1	0.603380918503
8	0	1.13172101974
7	1	0.610258102417
8	1	0.893522024155
7	0	0.810000896454
8	1	0.868363857269
7	1	0.761922121048
7	0	1.36330294609
7	1	1.68348002434
7	1	0.715105056763
7	1	0.844918012619
7	1	2.61873292923
8	1	1.07407689095
7	1	3.70910811424
7	1	1.082269907
7	1	0.768788099289
7	1	0.916441917419
7	1	0.62014913559
7	0	4.39345479012
7	1	0.763369083405
7	1	1.10093402863
8	1	0.977027893066
8	1	0.692732810974
7	1	0.667041063309
8	1	0.58670592308
7	1	1.05919098854
7	1	0.709068059921
8	1	0.705477952957
7	1	0.610939025879
8	1	0.547427177429
7	1	0.681850910187
8	1	0.684450864792
7	1	0.691727876663
7	1	0.666773080826
8	1	0.724284172058
3	1	0.828554868698
3	1	0.633199930191
3	1	0.925140857697
3	1	1.1068880558
3	1	0.466368913651
3	1	1.05940198898
3	1	0.571389913559
3	1	0.553510904312
3	1	0.492110967636
3	1	0.512804031372
3	1	0.747675180435
3	1	0.482071876526
3	1	0.709481954575
3	1	0.490110874176
3	1	0.500114917755
3	1	0.691216945648
3	1	0.785965919495
3	1	2.00500392914
3	1	0.712859153748
3	1	0.802855014801
3	1	0.612061023712
3	1	0.716961860657
3	1	0.561354160309
3	1	0.755617856979
3	1	0.571370124817
3	1	0.540582895279
3	1	0.683279037476
3	1	0.563957929611
3	1	1.226115942
3	1	0.627380847931
3	1	0.932589054108
3	0	1.05107188225
3	1	0.537395954132
3	1	0.516937017441
3	1	0.632251977921
3	1	1.49018788338
3	1	0.502345085144
3	1	1.20184612274
3	1	0.515570163727
3	1	0.609575033188
3	1	0.460747003555
3	1	0.555055856705
3	1	0.587155103683
3	1	0.474115133286
3	1	0.621278047562
3	1	0.423686981201
3	1	0.508685112
3	1	0.61828494072
3	1	0.835465908051
3	1	0.683382034302
3	0	0.530876874924
3	0	0.874125003815
3	1	1.25207495689
3	1	0.697169780731
3	1	0.701798915863
3	1	0.633619070053
3	1	0.813147068024
3	1	0.657681941986
3	1	1.03728890419
3	1	0.699151992798
3	1	0.888785839081
3	1	1.3809299469
3	1	1.08995318413
3	0	1.2835650444
3	1	0.627851963043
3	1	0.692234039307
3	1	0.513610124588
3	1	0.721489191055
3	1	0.637048959732
3	1	0.618800878525
3	1	0.874673128128
3	1	0.660789012909
3	1	0.568308830261
3	1	0.532400846481
3	1	0.547557115555
3	1	0.644479036331
3	1	0.584217071533
3	1	0.524682998657
3	1	0.587848901749
3	1	0.563459873199
3	1	0.538792133331
3	1	0.530951976776
3	1	0.452622890472
3	1	0.898218154907
3	1	0.555009126663
3	1	0.501767873764
3	1	0.513591051102
3	1	0.581578969955
3	1	0.820247888565
3	1	0.601472139359
3	1	0.530597925186
3	1	0.510758876801
3	1	0.433462142944
3	1	0.538522958755
3	1	0.628610134125
3	1	0.659340143204
3	1	0.570880174637
3	1	0.490689992905
3	1	0.53063082695
3	1	0.467216968536
3	1	0.545629024506
3	1	0.461564064026
3	0	0.569747924805
3	1	0.643007040024
3	1	0.507468938828
3	1	0.543581008911
3	1	0.530280828476
3	1	0.836922168732
3	1	0.730984926224
3	1	0.643481016159
3	1	0.48314499855
3	1	0.552073001862
3	1	0.46920800209
3	1	0.504363059998
3	1	0.565330028534
3	1	0.577579975128
3	1	0.50733089447
3	1	0.563827991486
3	1	0.514497041702
3	1	0.513692140579
3	1	0.809459924698
3	1	0.580556154251
3	1	0.530936956406
3	1	0.435040950775
3	1	0.483159065247
3	1	0.4365670681
3	1	0.553601026535
3	1	0.467972040176
3	1	0.625687122345
3	1	0.707264900208
3	1	0.546561002731
3	1	0.899924993515
3	1	0.467820167542
3	1	0.656659126282
3	1	0.526127815247
3	1	0.467511177063
3	1	0.666654109955
3	1	0.570774793625
1	1	0.667702913284
1	1	0.523808002472
1	1	0.466844081879
1	1	0.595902204514
1	1	0.411702871323
1	0	0.584264039993
1	1	0.539720058441
1	1	0.509178876877
1	1	0.994138002396
1	0	0.55565404892
1	1	0.53209900856
1	1	0.682415008545
1	1	0.626548051834
1	1	0.673429965973
1	1	0.651910066605
1	1	0.516874074936
1	1	0.633709192276
1	1	0.604480028152
1	1	0.634039878845
1	1	0.500644922256
1	1	0.626129865646
1	1	0.652587175369
1	1	0.594452142715
1	1	0.546610116959
1	1	0.681683063507
1	1	0.684071063995
1	1	0.553823232651
1	1	0.568977117538
1	1	0.546982049942
1	1	0.436364889145
1	1	0.650919914246
1	1	0.569295167923
1	1	1.05753803253
1	1	0.539849042892
1	1	1.13058805466
1	1	0.532660007477
1	1	0.569909095764
1	1	0.873243808746
1	1	0.691967964172
1	1	0.641138076782
1	1	0.9481549263
1	1	0.517170906067
1	1	1.35447597504
1	0	0.508497953415
1	1	0.497786045074
1	1	0.500597000122
1	1	0.720144987106
1	1	0.660134077072
1	1	0.57843208313
1	1	0.513494968414
1	1	0.476438999176
1	1	0.610702991486
1	1	1.52290010452
1	1	0.609716176987
1	1	0.57981801033
1	1	0.532666921616
1	1	0.547540903091
1	1	0.577323198318
1	1	0.556450843811
1	1	0.490864038467
1	1	0.450026035309
1	1	0.994686841965
1	0	0.827073097229
1	1	0.75422501564
1	1	1.10009980202
1	1	0.674268007278
1	1	0.507040023804
1	1	0.596812963486
1	1	0.458014965057
1	1	0.428415060043
1	1	0.44336605072
1	1	0.473994970322
1	1	0.900010108948
1	1	0.667272090912
1	1	0.611686944962
1	1	0.649163961411
1	1	0.522469043732
1	1	0.570232152939
1	0	0.787649154663
1	1	0.674343109131
1	1	0.556437969208
1	1	0.706576108932
1	1	0.548753023148
1	1	0.689720869064
1	1	0.957682132721
1	1	0.578970909119
1	1	0.7136759758
1	1	0.554415941238
1	1	0.587687969208
1	1	0.549115180969
1	1	0.562716960907
1	1	0.818517923355
1	1	0.56579709053
1	1	0.490002155304
1	1	0.483219861984
1	1	0.416650056839
1	1	0.523231983185
1	1	0.508577108383
1	1	0.450548171997
1	1	0.818618774414
1	1	0.482602834702
1	1	0.650442123413
1	1	0.636496067047
1	1	0.46435880661
1	1	0.475261926651
1	1	0.467442989349
1	1	0.515568971634
1	1	0.483111858368
1	1	0.65221118927
1	1	0.40363907814
1	1	0.467674970627
1	1	0.465424776077
1	1	0.628638029099
1	0	0.529371976852
1	1	0.54842209816
1	1	0.762468099594
1	1	0.91565990448
1	1	2.07310390472
1	1	0.644994020462
1	1	0.506031990051
1	1	0.529576063156
1	0	0.53124499321
1	1	0.64316701889
1	1	1.62008404732
1	1	0.568450927734
1	1	0.6210501194
1	1	0.672426939011
1	1	0.587192058563
1	1	0.817307949066
1	1	0.7425968647
1	1	0.560631990433
1	1	0.866894960403
1	1	0.635473012924
1	1	0.469334125519
1	1	1.64285707474
1	1	1.42692685127
1	1	0.756644010544
1	1	0.627393007278
1	1	0.585916996002
8	1	0.665792942047
8	1	0.500486850739
7	1	0.554734945297
7	1	2.50635886192
8	1	0.678260803223
7	0	1.11546993256
7	1	0.705446958542
8	1	0.58776807785
7	1	1.16203594208
8	1	0.774156093597
8	1	0.546627044678
8	1	0.763633966446
7	1	0.536409139633
8	1	0.507524013519
7	1	0.509138822556
8	1	0.513076066971
8	1	0.533534049988
8	1	0.528732061386
8	1	0.449996948242
8	1	0.427664995193
8	1	0.747941017151
8	1	0.514456033707
7	1	0.485070943832
8	1	0.506479024887
8	1	0.706358194351
8	1	0.500488996506
7	1	0.538490056992
8	1	0.588089942932
8	1	0.57078909874
8	1	0.450593948364
7	1	0.618788003922
7	1	0.572551012039
8	1	0.474945068359
8	1	0.50039601326
8	1	0.473767995834
8	1	0.429565906525
8	1	0.539263010025
7	1	0.594908952713
8	1	0.490664958954
7	1	0.490004062653
7	0	0.757501125336
8	1	0.483817815781
7	1	0.49756193161
8	1	1.62870121002
8	1	0.634054899216
7	1	0.594657182693
7	1	0.778344154358
7	1	0.602783203125
8	1	0.561160087585
7	1	0.500435829163
7	1	1.34764289856
8	1	0.697695016861
8	1	0.580144882202
8	1	1.18686485291
7	1	0.56262087822
7	1	0.565626144409
8	1	0.522405862808
7	1	1.1068251133
7	1	1.78493905067
7	1	0.604099988937
7	1	0.651813983917
8	1	0.628345012665
8	1	0.475308179855
7	1	0.594639062881
8	1	0.971478939056
7	1	0.523150205612
7	0	0.538712978363
8	1	0.899021148682
7	1	0.514227151871
8	1	0.554437875748
8	1	0.565399885178
7	1	0.513305902481
7	1	0.986042976379
7	1	0.83518409729
8	1	0.873920917511
8	1	0.651875972748
7	1	0.723294019699
8	1	0.506285905838
7	1	0.905957937241
7	1	0.533048868179
7	1	0.585419178009
7	1	0.635241031647
7	1	0.563783168793
8	1	0.562957048416
8	1	0.661255121231
7	0	0.625644922256
7	1	0.67627286911
8	1	0.955273866653
7	1	0.609554052353
8	1	0.664642095566
7	1	0.620589971542
7	0	0.765582084656
8	0	0.619480133057
8	1	0.634773015976
7	1	0.524406909943
8	1	0.467500209808
7	1	0.792500972748
7	1	0.595341920853
7	1	0.820840835571
8	1	0.714684009552
8	1	0.746500968933
8	1	0.634536027908
7	1	0.531011104584
7	1	0.531159162521
7	1	0.747067928314
7	1	0.443022966385
8	1	0.483700037003
8	1	0.397256851196
7	1	0.537080049515
7	1	0.468835830688
8	1	0.544843912125
8	1	0.450970888138
7	0	0.852122783661
7	1	0.554883956909
7	1	0.586903095245
7	1	0.491879940033
7	1	0.474393129349
7	0	0.563682079315
7	1	0.632925033569
8	1	0.890599966049
7	1	0.62677693367
7	1	1.29980015755
7	1	0.706351041794
8	1	0.722968816757
7	1	1.47635602951
7	0	2.17062997818
8	1	0.72117805481
8	1	0.540457963943
8	1	0.604444026947
8	1	0.457280874252
8	1	0.485157012939
8	1	0.642929077148
8	1	0.475463867188
7	1	0.947144031525
8	1	0.540885210037
7	1	0.515024900436
8	1	0.500582933426
5	1	0.747397899628
6	1	0.593427181244
6	1	0.54855799675
5	1	0.561565876007
5	1	0.96369600296
6	1	0.508012056351
5	1	0.52366900444
5	1	0.791958093643
6	1	0.613072156906
6	1	0.490638971329
5	1	0.515821933746
6	1	0.505911111832
6	1	0.491241931915
5	1	0.786727905273
6	1	0.572422027588
6	1	0.443734884262
6	1	0.50551199913
5	1	0.540749073029
6	0	0.401521205902
5	1	0.515408039093
5	1	0.641968011856
5	1	0.499858856201
5	1	0.777023077011
6	1	0.629983901978
6	0	0.596104860306
6	1	0.488080024719
5	1	0.811643123627
6	1	0.586662054062
5	1	0.49121594429
6	1	0.796643018723
6	1	0.54000711441
6	0	0.818590164185
5	1	0.730882883072
6	1	0.569582939148
6	1	0.586579084396
5	1	2.63631296158
5	1	0.523651123047
5	1	0.571145057678
6	1	0.630068063736
6	1	0.754102230072
6	1	0.531139135361
5	1	0.859538078308
6	1	0.508180856705
6	1	0.552488088608
5	1	0.540157079697
6	1	0.532101869583
6	1	0.530441045761
5	1	0.505116939545
5	1	0.490951061249
6	0	0.611082077026
6	0	0.604010820389
6	1	0.86581993103
5	1	0.573579072952
6	1	0.593657970428
6	1	1.06703090668
5	1	0.795717954636
5	1	0.825684785843
5	1	0.748476982117
5	0	1.63367199898
5	1	0.933221817017
5	1	0.585682153702
5	0	0.716721057892
5	1	0.688868999481
5	1	0.725271940231
6	1	0.745325088501
6	1	0.636106014252
6	1	0.706686019897
6	1	0.524994134903
5	0	0.634813070297
6	1	0.530490875244
5	1	0.65291595459
5	1	0.594106912613
5	0	0.859240055084
6	1	0.620718002319
5	1	0.572117090225
5	1	1.87485814095
6	1	0.657294988632
5	1	1.27666687965
6	1	1.1700398922
6	1	0.650462865829
6	1	0.602588891983
5	1	0.522266864777
6	1	0.572121858597
6	1	0.548304796219
6	1	0.68902182579
6	1	1.67457199097
5	0	0.907587051392
5	0	0.68234205246
6	1	0.92417383194
5	1	1.03471899033
5	1	0.827831983566
5	1	0.506598949432
5	1	0.745748996735
6	1	0.690862894058
5	1	0.876472949982
6	0	0.705854892731
5	1	0.572845220566
6	1	0.729022979736
6	1	0.881769895554
6	1	0.595659971237
5	1	0.924339056015
6	0	1.01029586792
5	1	1.621062994
5	1	0.801870822906
6	1	1.16380596161
6	1	0.695763111115
6	1	0.692676067352
5	1	0.76993393898
5	1	0.708492040634
5	1	1.05088305473
6	1	1.04242897034
5	1	0.962388038635
5	1	0.87607383728
6	1	0.562847852707
6	0	0.777423858643
6	1	0.676283836365
5	0	1.40036416054
5	0	0.829856872559
6	1	1.01716089249
5	1	0.899929046631
6	1	1.27556180954
6	0	0.682798862457
6	1	0.532341003418
6	1	1.0507478714
5	1	0.856132984161
5	0	1.07625007629
5	1	1.31532001495
6	0	0.874197006226
6	1	0.677417993546
5	0	4.08280491829
2	1	0.979999065399
2	1	0.609741926193
2	1	0.629124164581
2	1	0.658387899399
2	1	0.532134056091
2	0	0.817306041718
2	1	1.00454998016
2	1	0.652107954025
2	1	0.577045917511
2	1	0.667494773865
2	1	0.578207969666
2	1	0.547403097153
2	1	0.545264005661
2	1	0.700731992722
2	1	0.588975191116
2	1	0.929577112198
2	0	0.523671865463
2	0	0.578845024109
2	1	1.98687005043
2	1	2.97671604156
2	1	1.19801998138
2	1	1.34746289253
2	1	1.01668000221
2	1	0.987517118454
2	1	0.627202987671
2	1	0.746277093887
2	1	1.02782893181
2	1	0.564064979553
2	1	0.914307832718
2	1	0.652942895889
2	1	0.731491088867
2	1	1.10016894341
2	1	0.681600093842
2	1	0.819558143616
2	1	0.872051954269
2	0	1.03751397133
2	1	1.483273983
2	1	0.674973964691
2	1	1.12167406082
2	1	0.491761207581
2	1	0.532434940338
2	0	2.17847704887
2	1	0.770082950592
2	1	0.520526885986
2	1	0.60297203064
2	1	0.540550947189
2	1	0.626425981522
2	1	0.649213790894
2	1	0.723955869675
2	0	1.31445193291
2	0	1.10074591637
2	1	0.659168958664
2	1	0.755208969116
2	0	1.12386107445
2	1	1.12940883636
2	0	0.867889165878
2	1	0.825607061386
2	1	0.738304138184
2	1	0.68492603302
2	1	1.1635351181
2	0	1.28143882751
2	1	1.25615310669
2	0	1.85407996178
2	1	1.79611587524
2	1	0.635812997818
2	1	0.499084949493
2	1	0.466412067413
2	1	0.53885102272
2	1	0.845331192017
2	1	0.592850923538
2	1	0.699633836746
2	1	0.785265922546
2	1	0.900071144104
2	1	0.481034040451
2	1	0.557945013046
2	1	0.811060190201
2	1	1.01839900017
2	1	0.587601900101
2	1	0.59680891037
2	0	0.866399049759
2	1	0.530846118927
2	1	0.65172791481
2	1	0.611555099487
2	1	0.688371896744
2	1	0.653490066528
2	1	0.923086166382
2	1	0.521708011627
2	1	0.539481878281
2	1	0.491369009018
2	0	0.930043935776
2	0	0.627912044525
2	0	0.508126020432
2	1	0.593339920044
2	1	0.524075031281
2	1	1.30803203583
2	1	0.506230115891
2	0	1.0495891571
2	0	0.644353866577
2	1	0.858695030212
2	1	0.802942991257
2	1	0.587975978851
2	1	0.620131015778
2	1	0.865953922272
2	1	2.37774300575
2	1	1.28304290771
2	1	1.94742202759
2	1	1.34771299362
2	1	0.844295978546
2	0	0.961125135422
2	1	1.11740398407
2	0	2.0964038372
2	1	1.36364197731
2	1	0.60246181488
2	1	2.03725004196
2	1	1.25830602646
2	0	0.778484106064
2	1	0.779089927673
2	1	1.98601388931
2	0	1.65213179588
2	1	1.1637070179
2	1	0.889297962189
2	1	0.563261032104
2	1	0.648625850677
2	0	1.10699701309
4	1	0.728203058243
4	1	0.467904090881
4	1	0.869606971741
4	1	0.875485897064
4	0	0.596312046051
4	1	0.695415973663
4	0	0.6364569664
4	1	0.649517059326
4	1	0.684553861618
4	1	2.16318202019
4	0	0.70781493187
4	1	0.842013120651
4	1	0.627014875412
4	1	0.963881969452
4	0	0.777760982513
4	1	0.588335037231
4	1	2.16431808472
4	1	0.921254873276
4	1	0.713363170624
4	1	0.727219104767
4	1	0.585692882538
4	1	1.61876296997
4	1	0.961688995361
4	1	0.771384954453
4	1	0.979968070984
4	1	0.818023920059
4	1	0.628880977631
4	1	0.61648607254
4	1	2.0746691227
4	1	0.55514383316
4	1	0.72501206398
4	1	0.547077178955
4	1	0.571007966995
4	1	0.475946903229
4	1	0.745255947113
4	1	0.602270126343
4	1	0.63664317131
4	1	0.450991153717
4	1	0.772758960724
4	1	0.497641801834
4	1	0.482909917831
4	1	0.427510023117
4	1	0.448464155197
4	1	0.506542921066
4	1	0.444036006927
4	1	0.490766048431
4	1	0.57054400444
4	1	1.69088196754
4	1	0.499202013016
4	1	0.545692920685
4	1	0.611036062241
4	1	0.48166012764
4	1	0.508827924728
4	1	0.449346065521
4	1	0.476151943207
4	1	1.33907008171
4	1	0.577630996704
4	1	0.514767885208
4	1	0.515816926956
4	1	0.580184936523
4	1	0.52313709259
4	1	0.594769001007
4	1	0.61311006546
4	1	0.496738195419
4	0	0.489844799042
4	1	0.539396047592
4	1	0.621105909348
4	1	0.593518972397
4	1	0.748335838318
4	1	0.497131109238
4	1	0.634760141373
4	1	1.26115298271
4	1	0.588917016983
4	1	0.689033031464
4	1	0.667454957962
4	1	0.699216127396
4	1	0.524860143661
4	0	0.497519016266
4	1	0.618932008743
4	1	0.593862056732
4	0	0.708388090134
4	1	0.696851968765
4	1	0.676923036575
4	1	1.12252092361
4	1	1.68862295151
4	1	0.557062149048
4	0	1.41010689735
4	1	0.804609060287
4	1	0.601980924606
4	1	0.883121967316
4	1	0.601180076599
4	1	0.693301916122
4	1	0.529586076736
4	1	0.484562158585
4	1	0.640744924545
4	1	0.54659485817
4	1	0.780795812607
4	1	0.746017217636
4	0	0.563261985779
4	1	0.691478967667
4	1	0.819969177246
4	1	0.979776859283
4	1	1.25764393806
4	1	0.732502937317
4	1	0.953337907791
4	0	1.12224912643
4	1	0.826768159866
4	1	0.756913900375
4	1	0.609622955322
4	1	0.59560585022
4	1	0.721899032593
4	1	0.602855920792
4	1	0.756125926971
4	1	0.483476877213
4	1	0.545370817184
4	1	0.678550004959
4	1	0.888138055801
4	1	0.618205070496
4	1	0.827314138412
4	1	0.602276086807
4	1	0.580714941025
4	1	0.592440128326
4	1	0.597259044647
4	1	0.60955786705
4	1	0.683575153351
4	1	0.682687997818
4	1	0.612060070038
4	1	0.601719141006
4	1	0.601999998093
4	1	0.560854911804
4	1	0.477791070938
4	1	0.609702110291
4	1	0.523315906525
4	1	0.572093009949
4	0	0.425924062729
5	1	1.63546800613
5	1	0.514800071716
6	1	0.46641087532
5	1	0.540328979492
6	1	0.456568956375
5	1	0.580223083496
5	1	0.546035766602
5	1	0.540600061417
5	1	0.537643909454
5	1	0.546857833862
6	1	0.788796901703
6	1	0.682270050049
6	1	0.801237821579
6	0	0.476217031479
5	1	0.602864027023
6	1	0.890439033508
5	1	0.652496099472
6	1	0.700610160828
6	1	0.49872803688
5	0	0.577929973602
6	1	0.621510982513
5	1	0.761128902435
6	1	0.676034927368
6	1	0.554497003555
6	1	0.633365869522
5	1	3.98892521858
6	1	0.604223966599
6	1	0.615716934204
6	1	0.476804971695
6	1	0.522248029709
5	1	0.572511911392
5	1	0.475885868073
5	1	0.550924062729
6	1	0.604948043823
5	1	0.545773029327
5	1	0.548672914505
6	1	0.555325031281
6	1	0.729194164276
6	1	0.635806083679
6	1	0.537708997726
6	1	0.693564891815
5	1	0.649178028107
5	1	0.516984224319
5	1	0.69788813591
5	0	0.627243995667
5	1	0.537863969803
6	1	0.547044038773
6	0	0.636317968369
5	1	0.620937824249
5	0	0.682322978973
5	1	0.602566957474
5	1	0.569936037064
5	1	0.469048976898
5	1	0.488929986954
6	1	0.83366894722
5	1	0.946750879288
5	1	1.86709690094
5	0	1.32475996017
6	1	0.530955076218
6	1	0.633583068848
6	1	1.05972599983
6	0	0.6928191185
6	1	0.753408908844
6	1	0.636085987091
6	1	0.594275951385
6	1	1.45115494728
5	1	0.617985010147
5	1	0.643485069275
5	1	0.660549163818
6	0	0.506898164749
6	1	0.498664140701
5	1	0.556006908417
5	1	0.490339994431
6	1	0.523213148117
5	1	0.521262168884
5	0	0.524609804153
6	1	0.474670886993
6	1	0.580770969391
5	1	0.625707864761
6	1	0.644568920135
6	0	0.705587863922
5	0	1.03409099579
5	1	1.26572203636
6	1	0.557381868362
6	1	0.570770025253
5	1	0.793447971344
5	1	0.589219093323
6	1	0.465893030167
5	1	0.611383914948
5	1	0.588604927063
6	1	0.739027023315
5	1	0.592967987061
5	1	1.41050887108
5	1	1.47692394257
6	1	0.587004899979
6	1	0.658478021622
6	1	0.588222980499
6	1	0.593423128128
6	1	0.562437057495
5	1	0.818472146988
6	1	1.25289201736
6	1	0.601535081863
5	1	0.52543091774
5	1	2.06686806679
6	1	0.938565969467
5	1	1.80404806137
6	1	1.01144719124
5	1	3.53107714653
6	0	0.701233863831
6	0	0.587088108063
6	1	0.667139053345
5	1	0.897526025772
5	0	1.89932203293
6	1	0.585666179657
6	1	3.06784796715
5	1	0.899336099625
5	0	0.786942958832
6	1	0.579442977905
5	1	1.31495785713
5	0	2.55756998062
6	1	0.595953941345
5	0	0.706254959106
6	1	0.58696103096
5	1	0.67748093605
6	1	0.466976881027
5	1	0.627012968063
6	1	0.490089178085
5	1	0.515926837921
6	1	0.557698965073
5	0	0.465361118317
