6	1	1.84270811081
6	1	1.96922302246
6	1	2.16505503654
5	1	1.25779604912
6	1	3.39370107651
6	1	3.39427709579
5	1	3.72428107262
6	0	1.39512491226
5	1	3.72465515137
6	1	3.27490901947
5	1	1.16169810295
5	1	1.23430204391
5	1	2.8516728878
6	1	3.12409186363
6	1	2.83488178253
6	1	2.17783498764
5	0	1.24456715584
6	1	2.84356403351
6	1	4.8356449604
6	0	3.64037108421
6	1	1.36357116699
6	1	2.62062191963
6	1	3.89166808128
6	1	3.68893384933
5	1	3.97313594818
6	0	2.29205393791
5	1	2.34605097771
5	0	4.78701210022
5	0	2.42548513412
5	1	5.86699795723
6	1	1.49814605713
6	1	1.65183901787
6	1	3.89634799957
6	0	1.59997200966
5	1	4.25257992744
5	1	2.69102907181
6	0	1.44278597832
5	1	3.97652792931
6	1	3.06047606468
5	1	3.77157306671
6	1	5.15452098846
5	1	3.72049498558
6	1	3.1553030014
6	0	2.5484058857
6	0	4.93756699562
6	1	4.7139980793
6	1	2.01902103424
5	1	1.14794802666
5	1	0.968548059464
6	1	0.748828887939
5	1	1.18489909172
6	0	0.741689920425
5	1	0.945923089981
5	0	1.02703094482
5	0	4.34038901329
5	1	0.986327886581
6	1	5.53233599663
5	0	1.60234284401
6	1	3.80228495598
5	1	3.93109798431
5	1	2.43705797195
6	1	5.00923109055
5	1	2.18653202057
5	1	6.35616397858
5	0	0.251829862595
5	1	2.49083995819
5	0	3.51186585426
6	1	2.7734541893
5	0	1.81892585754
7	1	1.3952600956
7	1	0.963833093643
8	1	2.82054400444
8	1	3.70511698723
8	1	3.43511295319
7	1	6.2660779953
8	1	4.57317900658
7	1	2.52996897697
7	1	2.49872803688
7	1	2.64280509949
8	0	1.80483388901
7	1	2.61818909645
7	1	0.196892976761
8	1	2.1706969738
8	1	1.51309704781
8	1	2.04469704628
7	1	2.69813609123
8	1	2.87355995178
7	1	0.883863925934
7	1	1.0524020195
8	0	0.883208990097
7	1	1.2830889225
7	0	1.20256590843
8	1	2.83378481865
7	0	3.37181401253
8	0	3.90615200996
8	1	1.21040010452
7	1	1.23702979088
8	1	1.32940101624
8	1	1.19619607925
7	1	2.49062490463
8	1	3.04095101357
7	1	2.32442712784
7	1	1.48122596741
8	1	0.946768045425
8	0	0.868957996368
7	1	1.27419614792
7	0	1.31540203094
8	1	4.06144380569
8	1	1.21046090126
8	1	1.71352910995
8	1	1.06657290459
7	1	1.62826395035
8	1	2.03589892387
8	1	0.946378946304
7	1	1.17088508606
7	0	1.61365199089
8	1	2.12996792793
8	0	1.77063083649
7	1	0.962889194489
8	1	1.01272797585
8	0	1.31534409523
7	1	2.03510499001
8	1	1.97744417191
8	1	1.45469284058
7	1	1.44302606583
7	1	1.54812097549
8	1	1.28951716423
7	0	1.22681999207
8	1	2.5146188736
7	1	1.16180491447
8	1	0.851011037827
7	1	0.780857086182
7	0	0.643503904343
8	1	0.851017951965
8	0	0.962235927582
7	1	0.970390081406
8	0	0.899530887604
7	1	0.922523975372
7	1	3.38920307159
8	1	0.876163959503
7	1	0.730619907379
8	1	3.4606719017
7	1	3.37602806091
7	1	1.30737805367
8	1	2.09858083725
8	1	2.84454894066
8	1	1.25960421562
7	1	1.8429980278
7	1	2.14305186272
7	1	2.10864281654
8	1	2.48318004608
7	1	1.99249601364
8	1	2.28487181664
8	0	2.20121383667
8	1	2.9394288063
8	0	3.42963695526
8	1	1.04134297371
1	0	3.25276899338
1	1	1.23584604263
1	1	1.44209480286
1	0	1.691147089
1	1	3.76405501366
1	1	1.58583903313
1	1	2.13835477829
1	1	1.67733216286
1	1	0.876084089279
1	0	0.97088599205
1	1	0.873454093933
1	1	0.902224063873
1	0	4.48101496696
1	1	1.12346601486
1	1	1.44290184975
1	1	0.763289928436
1	1	0.675137042999
1	1	0.649477005005
1	0	0.755292892456
1	0	2.6581158638
1	1	1.09875202179
1	1	1.8132648468
1	1	1.06705117226
1	1	1.0569050312
1	1	1.13145017624
1	1	3.13708996773
1	1	2.88931918144
1	1	1.49321699142
1	0	3.43501091003
1	0	1.05029296875
1	1	1.21806693077
1	1	0.829283952713
1	1	2.18559408188
1	0	1.53886795044
1	1	2.04905605316
1	1	1.32599306107
1	0	1.58659100533
1	1	2.89920091629
1	1	5.73800110817
1	1	2.52117991447
1	1	2.12920999527
1	1	1.62025690079
1	1	7.21446180344
1	1	3.35459518433
1	1	3.52438497543
1	1	3.61822509766
1	1	2.96308898926
1	1	4.27490210533
1	1	1.70810604095
1	1	1.83486199379
1	1	2.79550600052
1	1	2.2359559536
1	1	2.35489082336
1	1	2.10068416595
1	1	2.72313308716
1	1	2.40928697586
1	1	3.90994405746
1	1	0.90009188652
1	1	1.25841021538
1	1	1.40176177025
1	1	1.4280397892
1	1	0.994302988052
1	1	1.06686806679
1	0	2.76075196266
1	1	5.26032614708
1	1	2.0189139843
1	1	2.49214816093
1	0	3.8006310463
1	1	4.99559998512
1	1	1.14726018906
1	1	2.19681501389
1	1	1.89799594879
1	0	1.5687391758
1	1	1.57994389534
1	1	1.40306520462
1	1	0.93861579895
1	0	1.11644005775
1	1	0.915482997894
1	1	2.11422300339
1	1	1.0598180294
1	1	1.06557583809
1	1	0.924184083939
1	1	2.33934497833
1	1	1.17863202095
2	0	4.44363284111
2	1	2.89873409271
2	1	4.05094003677
2	1	0.908638000488
2	0	2.73106694221
2	0	3.86597204208
2	1	3.10102701187
2	1	2.33034014702
2	0	3.07370710373
2	1	2.99269008636
2	1	3.57386302948
2	1	2.00293493271
2	1	1.80295705795
2	1	2.47300314903
2	0	5.48621582985
2	1	2.05747795105
2	1	2.18706917763
2	1	2.81237983704
2	1	1.83596897125
2	0	2.03329014778
2	1	0.714910984039
2	1	0.916703939438
2	1	1.97868394852
2	1	1.72405290604
2	1	1.15413212776
2	1	2.10122585297
2	1	0.776633024216
2	1	0.962293148041
2	1	1.09915804863
2	1	1.92508888245
2	1	0.777468919754
2	1	2.13949489594
2	0	2.45066308975
2	1	1.10901403427
2	0	2.13762903214
2	0	4.50662279129
2	0	0.85014295578
2	1	1.44408416748
2	0	3.0334072113
2	1	2.812240839
2	1	3.40303993225
2	1	4.28729510307
2	0	2.3643682003
2	1	1.30842494965
2	1	2.13201498985
2	1	1.63417100906
2	1	3.36975097656
2	0	2.97209000587
2	0	2.62895178795
2	0	1.44898200035
2	1	2.1810131073
2	1	0.986102104187
2	1	0.899168968201
2	1	0.772262096405
2	1	0.71392416954
2	1	0.617190122604
2	1	0.68443608284
2	0	0.850843906403
2	0	1.81972289085
2	1	0.84521317482
2	1	1.81155896187
2	1	1.2171151638
2	0	3.72186589241
2	1	1.07487106323
2	1	2.290391922
2	1	0.978283166885
2	1	1.76326918602
2	1	1.17202615738
2	1	0.884002923965
2	1	0.881542921066
2	1	0.81071805954
2	1	1.87005805969
2	0	1.23393106461
2	1	0.8518409729
2	1	0.79247713089
2	1	0.932929039001
2	0	0.8679292202
2	1	2.1968331337
2	1	0.850607872009
2	0	2.43191099167
2	1	1.92511606216
2	1	1.30785989761
2	1	1.18041205406
2	1	0.895704984665
2	1	1.29122281075
2	1	0.940429925919
2	1	0.809644937515
2	1	2.20282793045
7	0	1.00283098221
7	1	1.11658501625
7	1	0.840389966965
8	1	0.659540891647
7	1	0.826099872589
8	1	0.667660951614
8	0	0.68619799614
8	0	1.39321613312
8	1	2.83420014381
8	1	1.5633058548
7	1	1.80369091034
7	0	2.87521505356
7	0	1.7868270874
7	1	2.78536295891
8	1	0.933048963547
8	1	1.67427396774
7	0	2.08269095421
8	1	5.67566585541
8	0	1.17031288147
7	1	0.996726989746
8	1	1.59254312515
8	1	1.18121099472
8	1	0.795619010925
7	1	1.96195006371
7	1	1.13195014
7	1	1.0520939827
7	1	0.71449804306
8	1	0.691531181335
7	0	0.73961520195
8	1	1.78876209259
8	1	2.37239408493
8	1	1.73107218742
7	1	1.13065695763
8	1	1.9894759655
8	1	2.18518781662
8	1	2.69108200073
7	0	1.54003095627
8	1	1.04929184914
7	1	2.45067214966
8	1	1.41188716888
7	1	0.988086938858
8	1	1.28982996941
7	1	2.24916219711
8	0	4.70070695877
8	1	1.04261183739
7	1	2.36480689049
8	1	0.881708860397
8	1	0.72464799881
7	1	2.04120707512
7	1	1.3811070919
8	1	2.19404482841
8	1	0.899722099304
8	1	2.67592215538
7	1	2.26614785194
8	1	3.38060998917
8	1	1.97009801865
7	1	4.68138504028
7	1	5.02929210663
7	1	2.58699083328
7	1	1.05102682114
7	1	0.908540964127
7	0	2.26748991013
8	1	1.52069687843
7	1	2.35393714905
7	1	3.02706599236
8	1	1.87507510185
8	1	1.99529409409
7	0	1.13806200027
8	1	1.76295900345
8	1	1.31697797775
8	0	1.33981513977
7	1	1.3303668499
8	1	1.26909589767
7	0	7.0194439888
8	1	1.7392308712
7	1	0.859758853912
8	1	0.882668018341
7	1	0.71489405632
8	1	0.772382974625
8	1	0.730002880096
8	1	0.636451005936
7	1	0.793807983398
7	1	0.875874042511
7	1	0.681676864624
8	1	0.70517206192
7	1	0.739617109299
7	1	0.985613107681
8	1	0.698827981949
7	1	0.659431934357
7	1	0.716895103455
7	1	0.634309053421
8	1	0.651615142822
7	1	0.625879049301
8	1	0.690868139267
8	0	0.778605937958
7	1	2.10034704208
5	1	3.332706213
6	0	3.7852499485
6	1	1.88211083412
5	0	3.83470797539
6	1	0.970100879669
5	0	0.898577928543
5	1	5.09858584404
5	1	2.84260582924
5	1	1.21882510185
6	1	4.07472896576
6	1	2.08333110809
6	1	1.30010294914
5	0	2.0584859848
5	1	2.69110393524
6	1	1.1714849472
6	1	1.05129694939
5	1	2.09164905548
5	1	0.929949998856
5	1	1.02708411217
5	1	0.986284971237
5	1	2.89325618744
5	1	1.02532505989
5	1	1.56352686882
5	1	1.3069460392
5	1	1.83655309677
6	1	6.33793592453
6	1	4.36260318756
5	1	2.36443090439
5	1	2.04979085922
5	1	1.36531591415
5	1	1.61767411232
6	1	1.09870219231
6	1	0.865335941315
6	1	0.834695100784
5	1	1.21263003349
6	1	4.86338400841
5	0	1.90381407738
6	1	5.12432408333
6	1	1.01035785675
6	1	1.94662690163
5	1	1.67815899849
5	1	1.28165698051
5	1	2.15471196175
5	1	2.00367093086
6	0	3.4834690094
6	1	1.74617195129
6	1	0.826332092285
6	1	1.70671796799
5	0	1.52229380608
5	1	1.45073390007
5	1	4.62864899635
6	1	3.81133008003
6	1	1.05132007599
5	1	1.5461461544
6	1	0.821723937988
6	1	1.00974011421
5	1	0.965213060379
6	1	0.594619035721
6	1	0.848625898361
5	1	1.02074289322
5	0	0.891944169998
6	0	1.82481908798
6	1	0.833868026733
5	1	1.5144109726
6	1	1.16542100906
5	1	1.14442515373
6	1	2.69942617416
5	1	7.41950893402
6	1	1.23729085922
6	1	0.890679121017
5	0	0.842522859573
6	1	1.16086101532
6	1	0.870944976807
5	1	1.40136003494
6	1	0.923897981644
6	1	0.57727599144
6	1	0.722285985947
5	1	2.7084209919
6	1	4.08374118805
6	1	2.04168891907
6	1	1.2753610611
5	1	1.58012580872
6	1	1.14715504646
6	1	1.30454993248
6	1	0.910218954086
6	0	0.873737096786
6	1	0.883511066437
5	1	1.0013999939
3	1	2.42018413544
3	1	2.60292315483
3	1	1.12284421921
3	1	1.0182518959
3	1	2.30061388016
3	1	0.964374065399
3	1	0.937571048737
3	1	0.825443983078
3	1	1.24395108223
3	1	2.21785378456
3	1	2.5728468895
3	0	4.75404500961
3	1	3.78045892715
3	1	1.07270908356
3	1	1.17980909348
3	1	0.770636081696
3	1	0.716444969177
3	1	0.825278043747
3	1	0.790033102036
3	1	1.54526185989
3	1	1.56311893463
3	1	0.858911037445
3	1	0.548275947571
3	1	0.745113134384
3	1	0.580456972122
3	1	0.617008924484
3	1	0.386719942093
3	1	0.908798933029
3	1	0.76206612587
3	1	0.750737905502
3	1	0.633361816406
3	1	0.859232187271
3	1	2.06009411812
3	1	1.55529308319
3	1	1.05012011528
3	1	1.01147294044
3	1	0.712885141373
3	1	1.18767595291
3	1	1.25975584984
3	1	0.707816123962
3	1	1.49850106239
3	1	0.922275066376
3	1	0.794898033142
3	1	1.58579087257
3	1	0.955316066742
3	1	0.86980009079
3	1	0.777837991714
3	1	0.74750995636
3	1	1.61919379234
3	1	1.87368488312
3	1	0.987188816071
3	1	0.770659923553
3	1	0.667069911957
3	1	0.920603990555
3	1	0.755208969116
3	1	0.778643846512
3	1	0.795083999634
3	1	0.764427900314
3	0	0.793835163116
3	1	1.98022294044
3	1	3.06729197502
3	0	1.72586393356
3	0	1.12127399445
3	0	5.18754911423
3	1	2.36266613007
3	1	1.82510519028
3	1	1.20331287384
3	0	3.21208810806
3	0	1.77018499374
3	1	4.18150091171
3	1	2.97163200378
3	1	2.79316306114
3	1	0.96439909935
3	1	0.728209018707
3	1	0.585034132004
3	1	1.4911608696
3	1	0.908812046051
3	1	0.759258985519
3	1	0.71676492691
3	0	1.11319994926
3	1	0.949110984802
3	1	0.889763116837
3	1	0.628611087799
3	1	0.587233781815
3	1	0.697567939758
3	1	0.596132993698
3	1	0.682710886002
3	1	0.608800888062
3	1	0.630079030991
3	1	0.608401060104
3	1	0.587222099304
3	1	0.645002841949
3	1	0.659017086029
3	1	0.601463079453
3	1	0.577447891235
3	1	0.652975082397
3	1	0.506588935852
3	1	0.641633987427
3	0	0.715220928192
3	1	0.715445041656
3	1	0.771138906479
3	1	1.50711894035
3	1	0.877558946609
3	1	1.0659430027
3	1	0.826339960098
3	1	0.976114034653
3	1	4.06046700478
3	1	0.997821092606
4	1	2.18862891197
4	1	1.72184085846
4	1	1.38815689087
4	1	2.44225311279
4	1	2.57816982269
4	1	1.1479010582
4	1	2.13012290001
4	1	4.13077807426
4	1	1.20206689835
4	1	0.753910064697
4	0	0.852056980133
4	1	1.5244410038
4	1	2.67577600479
4	1	1.50381612778
4	1	1.38730502129
4	1	2.91552209854
4	1	1.68395900726
4	1	1.44153809547
4	1	1.2601339817
4	1	1.04432106018
4	1	0.937501907349
4	1	2.00247001648
4	1	1.21913909912
4	1	1.01279306412
4	1	1.904337883
4	1	1.15518498421
4	1	1.5635061264
4	1	1.57102894783
4	1	0.938791036606
4	1	1.46620416641
4	0	4.06142401695
4	1	1.25957894325
4	1	2.2993221283
4	1	7.78510808945
4	0	2.50557899475
4	1	0.972267150879
4	1	1.03374195099
4	1	7.19470310211
4	1	0.964722156525
4	1	0.738445043564
4	1	0.78000497818
4	1	0.659622192383
4	0	2.22438502312
4	1	0.755342006683
4	1	0.753432035446
4	0	0.836374044418
4	1	0.899063825607
4	1	1.22583699226
4	1	0.825172901154
4	1	0.829795837402
4	1	0.85168504715
4	1	0.785377979279
4	0	0.779453992844
4	1	0.941515922546
4	1	0.825043916702
4	1	0.892395973206
4	1	0.692193984985
4	1	4.6094918251
4	1	2.87604188919
4	1	1.33670401573
4	1	0.972827911377
4	1	2.45073318481
4	0	4.78668189049
4	1	4.78566217422
4	1	1.28339004517
4	1	0.905497074127
4	1	0.986027002335
4	1	0.813110113144
4	1	5.17183685303
4	1	0.825081110001
4	1	1.17471885681
4	1	1.13676118851
4	1	0.737071037292
4	1	0.95525097847
4	1	0.891016960144
4	1	0.843700170517
4	1	1.49856209755
4	1	0.692136049271
4	1	0.975286960602
4	1	0.73094201088
4	1	0.8201649189
4	1	0.748015880585
4	1	1.02716803551
4	1	0.736545801163
4	0	0.852735042572
4	1	1.05067205429
4	1	0.835574150085
4	1	0.812690019608
4	1	0.721866846085
4	1	0.666693925858
4	1	0.645289897919
4	0	0.552765130997
4	0	0.901129007339
4	1	1.58699297905
4	0	1.62668609619
4	1	3.0931789875
4	0	2.12048411369
3	1	1.13285398483
3	1	2.34574079514
3	1	2.75903701782
3	0	1.77235198021
3	1	1.05282402039
3	1	1.33278512955
3	1	4.13125705719
3	1	9.00891208649
3	1	1.05283308029
3	1	1.05276584625
3	1	0.879533052444
3	1	0.826183080673
3	1	0.773386955261
3	0	0.759471893311
3	1	0.906129837036
3	1	0.666662931442
3	1	1.51942181587
3	1	0.919424057007
3	1	0.972697019577
3	1	0.666640043259
3	1	0.719511985779
3	1	0.666095972061
3	1	0.812844991684
3	1	0.706629037857
3	1	0.719823122025
3	1	0.679476976395
3	0	0.652801036835
3	1	0.906070947647
3	1	0.73312997818
3	1	0.919434070587
3	1	0.639503955841
3	1	0.720026016235
3	0	0.732944011688
3	1	0.719475984573
3	1	0.732808113098
3	0	0.866492033005
3	1	0.839542865753
3	1	0.706058979034
3	1	0.719497919083
3	1	6.11704397202
3	1	0.759521007538
3	1	0.87988114357
3	1	0.919575929642
3	1	0.666176080704
3	1	0.733225107193
3	0	2.53227710724
3	1	1.0395219326
3	0	0.839538097382
3	1	0.919466972351
3	1	2.19907188416
3	1	1.13291501999
3	1	0.693000078201
3	1	0.773216962814
3	0	0.7194480896
3	1	0.959453105927
3	0	1.01275801659
3	1	0.786109209061
3	1	1.0791990757
3	1	1.42602205276
3	1	0.626214981079
3	1	0.892906188965
3	1	0.77321100235
3	1	0.826159000397
3	1	1.09272098541
3	1	0.759701013565
3	1	0.74617600441
3	1	0.866156101227
3	0	6.50377106667
3	1	0.759957075119
3	1	1.05283594131
3	1	0.706351995468
3	0	0.666610002518
3	1	0.639709949493
3	1	0.706125020981
3	1	0.626139163971
3	0	1.82571601868
3	1	3.70514702797
3	1	2.9718401432
3	1	1.41230106354
3	1	0.986153125763
3	1	0.772857904434
3	0	1.05280995369
3	1	0.839866876602
3	1	0.746089935303
3	1	0.799435853958
3	0	0.773245811462
3	1	1.81229496002
3	1	0.786227226257
3	1	1.91897797585
3	1	0.986203193665
3	0	1.03946089745
3	1	1.14609885216
3	1	4.50471186638
3	1	1.02618598938
3	1	1.85227394104
3	1	1.57245612144
3	1	0.866545200348
3	1	4.55786395073
3	1	2.21225309372
3	1	0.892729043961
3	1	0.759423017502
3	1	0.839455127716
3	1	0.746536016464
3	0	0.799592971802
3	1	0.826169967651
4	1	4.14434099197
4	1	0.826069831848
4	1	7.47604393959
4	1	0.732824802399
4	1	1.05280995369
4	1	0.799417972565
4	1	0.732937097549
4	1	0.653310060501
4	1	0.679654121399
4	1	2.29233312607
4	1	1.90570116043
4	1	0.799519062042
4	1	0.679956912994
4	1	6.84974694252
4	1	0.97270989418
4	1	1.89259696007
4	1	0.892822027206
4	1	0.786162137985
4	1	0.879508018494
4	1	0.83949303627
4	0	0.732846021652
4	1	2.10573220253
4	1	0.759495019913
4	1	3.29186820984
4	1	1.3323571682
4	1	0.879443883896
4	1	4.10472893715
4	1	0.946182012558
4	1	0.719964981079
4	1	0.946245908737
4	1	0.879557132721
4	1	0.799752950668
4	1	0.786228895187
4	1	1.38575601578
4	0	2.70511007309
4	1	1.18563699722
4	1	2.0789949894
4	0	1.74620604515
4	1	6.130382061
4	1	1.17287015915
4	1	1.07950115204
4	1	0.719469070435
4	1	0.812839031219
4	1	3.35795807838
4	1	1.37239694595
4	1	6.33023905754
4	1	2.45233798027
4	0	2.50568795204
4	0	1.05284118652
4	1	1.51928400993
4	1	2.33230113983
4	0	1.46571302414
4	0	1.17254209518
4	1	0.879539012909
4	1	0.959484100342
4	1	0.652852773666
4	1	0.679544210434
4	1	0.652742862701
4	1	0.652740955353
4	1	0.599995136261
4	1	0.586639881134
4	1	0.679975032806
4	1	0.732914924622
4	1	0.612941026688
4	1	0.692876815796
4	1	0.906451940536
4	1	5.59718799591
4	1	1.74559378624
4	1	0.959568023682
4	1	2.17236995697
4	1	0.826158046722
4	1	0.812870025635
4	1	0.719538927078
4	1	1.412348032
4	1	0.746241092682
4	1	1.43909788132
4	1	0.799528837204
4	1	0.706611871719
4	1	0.626096010208
4	1	0.692806959152
4	1	0.719460010529
4	1	1.01280283928
4	1	0.69297504425
4	1	0.69288110733
4	1	0.599545001984
4	1	0.706608057022
4	0	0.666739940643
4	1	0.799546957016
4	1	0.892821073532
4	1	1.5595729351
4	0	0.91944694519
4	1	0.826123952866
4	1	0.639470815659
4	1	0.666692972183
4	1	0.719725131989
4	1	1.1194729805
4	1	0.679976940155
4	1	0.959527015686
4	1	0.692798137665
4	1	0.679623126984
4	0	0.626662015915
4	1	0.839468955994
4	1	0.692872047424
8	1	0.693331003189
8	1	0.679747819901
8	1	0.706168889999
7	1	0.67951798439
8	1	0.866168022156
7	1	0.61326789856
7	1	0.612864017487
7	1	0.666207075119
7	1	0.626278877258
7	1	0.546200990677
7	1	0.732882976532
8	1	0.853192806244
8	1	0.812736034393
7	1	0.652786970139
7	1	0.639642953873
7	0	0.613346099854
7	0	2.13237690926
7	1	0.63950419426
7	0	6.21020889282
7	1	0.599550008774
8	1	0.706132888794
8	1	0.559971094131
7	1	0.600000143051
8	1	0.613359928131
7	1	0.706264972687
8	1	0.61279296875
7	1	0.626168966293
7	0	0.559499979019
8	1	0.652832984924
7	1	0.573312044144
8	1	0.573332071304
7	1	0.560003042221
8	0	0.666688919067
8	1	0.612747907639
7	0	0.466204166412
7	0	0.692848920822
8	1	0.986200094223
7	0	0.493302106857
7	1	0.426650047302
7	1	1.5194978714
8	1	0.693342924118
7	1	0.613075017929
8	1	0.666181087494
8	1	0.572798013687
7	0	0.639555931091
8	1	2.3184928894
7	1	0.586243152618
8	0	0.626173019409
8	1	1.01281905174
8	1	1.43958902359
7	1	0.692857027054
8	1	0.746163845062
8	1	0.719518184662
8	1	0.693380117416
7	0	2.03897190094
7	1	0.519487142563
7	1	0.772730112076
8	1	0.653230905533
7	0	0.892763137817
7	1	0.612790107727
8	1	0.81281208992
8	1	0.693368911743
7	1	0.786088943481
7	1	0.759506940842
7	1	1.25223398209
8	1	2.05226182938
8	1	1.23948907852
8	1	0.813143014908
8	1	0.639914989471
8	0	1.27945804596
7	1	0.932817935944
8	1	0.612766027451
8	1	0.612737178802
8	1	1.052546978
8	1	0.972800970078
7	1	0.853008985519
8	1	0.852822065353
7	1	1.46555805206
8	1	0.892772197723
7	1	6.23695015907
8	1	1.97225403786
7	1	0.919440031052
7	1	0.892872095108
7	1	0.786691904068
8	1	0.626179933548
7	1	0.572767019272
7	0	0.599523067474
8	1	0.69272685051
8	1	0.679436922073
8	1	1.4527630806
7	1	3.838504076
7	1	1.85234308243
7	1	0.772789955139
8	1	0.640021085739
7	1	1.29287695885
8	1	0.653122901917
8	1	0.666617870331
8	1	0.626647949219
7	1	0.626103878021
8	1	0.812702178955
7	1	0.706218004227
7	1	0.679928064346
7	1	0.666378974915
7	1	0.879502058029
8	0	0.87952709198
8	1	0.666665792465
7	1	0.599471092224
7	1	0.692824840546
8	1	0.692894935608
8	1	0.559617996216
8	1	0.759901046753
8	1	0.679866075516
7	1	0.692791938782
8	1	0.626133918762
8	1	0.652837991714
7	1	0.639615058899
7	1	1.17285513878
8	0	0.75955414772
7	1	0.640007972717
7	1	1.47953891754
7	1	1.57286596298
7	1	0.812808990479
2	1	4.49089288712
2	1	1.01280093193
2	1	0.919448137283
2	1	0.906207799911
2	1	0.866271972656
2	1	0.93284702301
2	1	1.5461139679
2	1	1.67947912216
2	1	0.83949303627
2	1	0.626085996628
2	1	0.799506902695
2	1	1.38614797592
2	1	0.706295013428
2	1	0.599999189377
2	1	0.653153896332
2	1	2.439027071
2	1	0.932896137238
2	1	0.586097002029
2	1	0.652794122696
2	1	2.91861581802
2	1	1.33295416832
2	1	0.759551048279
2	1	1.03942513466
2	1	1.23945689201
2	1	2.43847417831
2	1	1.47901391983
2	1	2.43856096268
2	1	0.746188879013
2	1	1.77276706696
2	1	0.759425878525
2	1	5.38392710686
2	1	0.946080207825
2	1	1.1857509613
2	1	1.05287098885
2	1	0.919520139694
2	1	2.90518784523
2	1	1.25279402733
2	1	0.666224956512
2	1	0.839692115784
2	1	3.19847893715
2	1	0.826571941376
2	1	0.892919063568
2	1	0.77287197113
2	1	1.49286699295
2	1	0.693280935287
2	0	0.706588029861
2	1	1.2928340435
2	1	0.972775936127
2	1	1.01279306412
2	0	0.812791109085
2	0	1.22617912292
2	1	1.55902099609
2	0	0.78622508049
2	1	1.54612803459
2	1	2.22561883926
2	1	1.42615318298
2	1	0.813047885895
2	1	0.772749185562
2	1	0.732867002487
2	1	0.852801084518
2	1	0.813076972961
2	1	0.666142225266
2	0	0.772799968719
2	1	1.98566412926
2	1	0.706144094467
2	1	0.732801198959
2	1	0.732816934586
2	1	0.759961843491
2	1	0.772835969925
2	1	1.33248496056
2	1	0.772844076157
2	1	2.23852491379
2	1	3.5979950428
2	1	0.85272192955
2	1	0.786329984665
2	1	0.573337078094
2	1	0.586531877518
2	1	0.666168928146
2	1	0.666105031967
2	1	0.546177148819
2	1	0.546180009842
2	1	0.51943397522
2	1	0.506319999695
2	0	0.466372966766
2	1	0.639519929886
2	1	0.49326300621
2	0	0.506681203842
2	1	0.533348083496
2	1	0.520009040833
2	1	0.506589174271
2	0	0.480017900467
2	1	0.68000793457
2	1	0.586571931839
2	0	0.639471054077
2	1	0.626148939133
2	1	1.21274185181
2	1	0.519762992859
2	1	0.493218898773
2	0	0.453328847885
2	1	0.533176183701
2	1	0.493229150772
2	1	0.506479978561
2	1	0.453274011612
2	1	0.493231058121
2	0	0.439946889877
2	1	0.533426046371
2	1	0.533229112625
2	1	0.572840213776
2	1	0.652847766876
2	1	1.90565109253
2	1	1.21284914017
2	1	0.999417066574
2	1	0.959575891495
2	0	1.47892189026
2	1	1.21249222755
6	1	0.839498996735
6	1	0.706209897995
6	1	0.612948894501
5	0	1.38623690605
6	1	0.532949924469
5	1	0.599854946136
5	1	0.693292856216
5	1	0.573343992233
5	1	0.919583082199
5	0	0.666168928146
5	0	0.866499900818
5	1	0.986237049103
6	1	1.21235990524
6	1	1.46567392349
5	1	1.1061258316
5	1	0.666656970978
5	0	0.692924022675
6	1	1.35957694054
5	1	0.826229095459
5	1	2.13246011734
6	0	2.69189596176
6	1	1.23957085609
6	1	0.71947479248
6	1	0.666086912155
6	1	0.679539203644
6	1	2.03888297081
6	1	0.666158914566
5	1	0.639554023743
6	1	0.706120014191
5	1	0.613044023514
6	1	0.64005112648
5	1	0.706546068192
5	1	0.679505825043
6	1	0.812829971313
6	1	0.573215961456
6	1	0.653429985046
5	1	0.693367004395
6	1	0.57301402092
5	1	0.612860918045
6	1	0.559460878372
5	1	0.559568166733
5	1	0.679533958435
5	1	0.679682970047
6	1	0.666713953018
6	1	1.1861550808
5	1	0.839817047119
5	1	0.692909955978
5	1	0.70624089241
6	1	0.81272315979
6	1	0.826622009277
6	1	0.652806043625
6	1	2.01236200333
5	1	0.706727981567
6	1	0.826171159744
6	1	0.746150016785
5	1	4.62423396111
5	1	1.03942203522
6	1	1.91896891594
6	1	1.26596903801
6	1	0.772833108902
6	1	0.98620390892
5	1	0.612909078598
5	1	0.812852144241
6	0	0.773202180862
6	1	0.866169929504
5	1	0.786128997803
5	1	0.706326961517
5	1	1.1062169075
6	1	0.732864141464
5	1	0.653057098389
6	1	0.63995218277
6	0	0.732860803604
5	1	0.652911901474
6	1	0.639461994171
5	1	0.586160182953
6	1	0.492995023727
5	1	0.546313047409
6	1	0.986155986786
5	1	0.546164035797
5	0	0.519484043121
5	1	0.759505987167
5	1	0.719485044479
5	1	1.09287691116
6	1	0.959463119507
6	1	0.626626968384
6	1	0.53338599205
5	1	1.01293802261
6	0	0.612861156464
5	1	0.772957086563
5	1	0.653373003006
5	1	0.613145112991
6	1	1.89246106148
6	1	0.65286898613
6	1	0.733366966248
6	1	0.586744070053
5	1	0.719529151917
5	1	0.572901964188
5	1	0.652868032455
6	1	0.572890996933
5	1	0.57298707962
6	1	0.919831037521
6	1	0.586268901825
6	1	0.599493026733
6	1	0.746294975281
6	1	0.586174964905
5	1	0.573106050491
6	1	0.653357028961
6	1	0.679960012436
5	1	0.559710025787
5	1	0.666115999222
5	1	0.652864933014
5	1	1.01284003258
6	1	0.706199884415
5	1	0.692743062973
5	0	0.679560184479
6	1	0.653056144714
5	1	0.746649980545
5	1	2.21228909492
5	1	0.760022163391
6	1	0.90616106987
6	1	0.852798938751
5	1	1.79944610596
6	1	0.772916078568
5	1	1.37235093117
6	1	0.83952999115
5	0	0.972868919373
5	1	2.41237711906
6	1	3.17197299004
5	1	1.97240614891
5	1	3.21182799339
6	1	1.69258999825
5	1	9.3288860321
6	1	1.94570207596
5	0	1.43906092644
5	1	1.3723950386
6	1	1.45236802101
6	0	5.83708286285
5	1	1.35905194283
5	1	1.45232701302
6	1	6.75658893585
6	1	1.02611398697
6	0	0.892802000046
6	1	1.45245885849
5	1	0.919526100159
5	1	0.732861042023
6	1	0.71942281723
5	1	0.746222019196
6	0	0.759999990463
5	1	0.959531068802
6	1	1.31903004646
6	1	0.732843875885
5	1	1.35908603668
5	0	1.02620005608
5	1	0.772912025452
6	1	1.17293310165
5	1	0.946161985397
6	1	2.51856422424
5	1	0.866102218628
6	1	0.83998298645
5	1	0.78613781929
6	1	0.692858934402
6	1	0.692776918411
6	1	0.693336963654
5	1	0.692929983139
5	0	0.732774019241
5	1	1.73224115372
5	1	0.706436157227
6	1	0.746510028839
6	1	0.65280008316
5	1	0.706162929535
6	1	0.612843036652
6	1	0.599596977234
6	1	0.653306007385
6	1	0.586735963821
5	0	1.31949496269
5	1	0.680017948151
6	1	0.692962169647
6	1	1.93233704567
6	1	1.22587609291
6	1	1.57238912582
6	1	0.666074991226
6	0	0.972943067551
6	1	0.78612112999
6	1	2.19900393486
5	1	1.47956109047
5	1	1.97234201431
6	0	0.866147994995
6	1	2.29232597351
6	1	1.01274895668
5	1	1.39923000336
6	1	0.972798109055
5	0	0.866441011429
5	1	0.719512939453
5	1	0.679487943649
6	0	1.3989739418
5	1	0.852745056152
6	1	0.599969863892
6	1	1.82595801353
5	1	0.692781925201
6	1	0.586073160172
5	1	0.69284081459
6	1	0.586387872696
6	1	0.773402929306
5	1	0.732799768448
6	1	0.639544963837
5	1	0.652899026871
6	1	0.612907171249
6	1	0.599843978882
5	1	0.573300123215
5	1	0.600011825562
6	1	0.60003900528
5	1	0.586397171021
6	0	0.546179771423
6	1	0.666178941727
6	1	0.626160860062
6	1	0.586173057556
5	1	0.613011837006
5	1	0.613317012787
5	1	0.759835004807
6	1	0.786243915558
5	1	0.652842998505
6	1	0.746181964874
5	1	0.626742839813
5	1	2.85197305679
6	1	0.69283080101
5	1	0.706203937531
5	1	0.546568870544
5	1	0.626661062241
5	1	0.613450050354
5	0	0.573137044907
6	1	1.78573012352
5	0	0.919571876526
6	1	2.35903406143
6	1	2.47890305519
5	1	0.999502897263
1	1	2.67858600616
1	1	0.719933986664
1	1	0.666687965393
1	1	0.786185026169
1	1	0.572814941406
1	1	0.652760028839
1	1	0.559736967087
1	1	0.573251008987
1	1	0.69341802597
1	1	0.786124944687
1	1	0.732867002487
1	1	3.45136117935
1	1	4.73084115982
1	1	2.22557091713
1	1	0.866232872009
1	1	3.01178407669
1	1	0.666143894196
1	0	0.692856788635
1	1	0.719970941544
1	1	0.759558916092
1	1	0.652854204178
1	1	1.46576309204
1	1	0.74610710144
1	1	0.612895965576
1	1	0.559907913208
1	0	0.6000020504
1	1	0.573252916336
1	0	0.639913797379
1	1	0.906055927277
1	1	0.692828893661
1	1	0.626747131348
1	1	1.63951301575
1	1	0.666342020035
1	1	0.78614783287
1	1	0.706213951111
1	1	1.55934500694
1	1	0.613332986832
1	1	0.639997959137
1	1	0.66635799408
1	1	0.826236009598
1	1	0.586157083511
1	1	2.4919860363
1	1	0.866251945496
1	1	0.812783002853
1	1	0.692758083344
1	1	0.639552116394
1	1	0.653091907501
1	1	0.680064916611
1	1	0.573309183121
1	1	0.599659919739
1	1	0.652744054794
1	1	0.559576034546
1	1	0.706140995026
1	1	0.599606990814
1	0	0.693359851837
1	1	0.546761989594
1	1	0.493325948715
1	1	0.426693916321
1	1	0.613276004791
1	1	0.533366918564
1	1	0.786143779755
1	1	0.559502124786
1	1	0.50620508194
1	1	0.479460954666
1	0	0.479557991028
1	1	0.666198968887
1	1	0.506238937378
1	1	0.466306209564
1	0	0.439496994019
1	1	0.426156997681
1	1	0.47957611084
1	1	0.532852172852
1	1	0.58617401123
1	1	0.492758989334
1	1	0.746158123016
1	1	0.573369026184
1	1	0.6799659729
1	1	0.572892904282
1	1	0.519524812698
1	1	0.492911100388
1	1	0.679582118988
1	1	0.599489927292
1	1	0.58612203598
1	1	1.75900697708
1	1	1.13282799721
1	1	0.692756175995
1	1	1.87944817543
1	1	0.972774982452
1	1	0.65282702446
1	1	1.15956091881
1	1	1.21272397041
1	1	1.15948295593
1	1	1.79947280884
1	1	0.812897920609
1	1	2.89194607735
1	1	1.25284194946
1	1	1.07916498184
1	1	2.22573900223
1	0	0.972864151001
1	1	1.43896198273
1	1	1.1594748497
1	1	0.79945397377
1	1	2.03900885582
1	1	1.27958607674
1	1	0.719639062881
1	1	0.706654787064
1	1	2.31904911995
1	1	0.653316020966
1	1	1.78567218781
1	0	1.03948998451
1	0	0.852854013443
1	1	0.972945928574
1	1	0.773381948471
1	1	0.692923784256
1	1	0.666178941727
1	1	0.652892112732
1	1	0.652833938599
1	1	0.826702833176
1	1	0.63961815834
1	1	1.07942295074
1	1	0.826684951782
1	1	0.746057987213
8	1	0.866176843643
8	1	0.62668299675
8	1	0.586559057236
7	1	1.19947886467
8	1	0.666598081589
7	1	1.13283419609
8	0	1.05269098282
7	1	1.30608010292
8	1	0.839567899704
8	1	5.3972120285
8	0	9.60833287239
7	1	0.666208028793
8	1	0.706255912781
8	1	2.57236719131
7	1	0.866421937943
8	1	0.892750024796
7	1	0.639428138733
7	1	1.9326839447
7	1	0.666162014008
8	1	0.559544086456
8	1	0.546096086502
8	1	0.519432067871
8	1	0.532882928848
7	1	0.506181955338
8	1	0.639454126358
7	1	0.586437940598
7	0	0.546627998352
8	1	0.506721019745
7	1	0.613451004028
7	1	0.626668930054
7	1	0.626178026199
8	1	0.519530057907
8	1	0.519494056702
8	1	0.599536895752
7	1	0.572904109955
8	1	0.55951499939
8	1	0.786201953888
7	1	0.653357982635
8	1	1.05287599564
8	1	0.599492073059
8	0	0.626264095306
8	0	0.893121957779
7	1	1.49258613586
7	1	0.706182956696
8	1	0.692739963531
8	1	0.719598054886
8	1	0.720029830933
8	1	0.759474039078
8	1	0.786237001419
7	1	0.599545001984
7	1	2.85223388672
7	1	0.746299028397
8	0	0.6528840065
7	1	1.13284611702
7	0	0.959569215775
8	1	1.63908100128
8	1	0.666649103165
7	1	0.932890892029
7	1	0.692869901657
8	1	0.652903795242
7	1	0.506588935852
8	1	0.68001294136
8	1	1.59952402115
7	1	0.759415864944
7	1	0.679494857788
8	1	0.532824993134
7	1	0.53283405304
7	1	0.826225042343
7	1	0.600021839142
7	1	0.573366880417
7	1	0.546686887741
8	1	0.706117153168
7	1	0.719436883926
8	1	0.786237001419
7	1	0.826238155365
8	1	0.692852020264
8	1	0.626187086105
8	1	1.15914988518
7	1	0.826159000397
7	1	0.639564037323
7	1	0.559756994247
8	1	0.600061893463
8	1	0.746665000916
7	1	0.719514846802
7	1	0.652891874313
7	1	1.70573210716
7	1	0.599831104279
8	1	0.6399538517
8	1	0.626717090607
8	1	0.613017082214
7	0	0.599519014359
7	1	0.599537849426
7	0	0.546069145203
7	1	0.692775964737
7	1	0.653101921082
7	1	0.666693925858
8	1	0.599973917007
7	1	0.706199169159
8	1	0.639482021332
7	1	0.639487981796
8	1	0.666215181351
7	1	0.746739864349
7	1	0.533367156982
8	1	0.613081932068
7	1	0.559530973434
8	1	0.666121006012
8	1	0.546265125275
8	1	0.546174049377
7	1	0.546212911606
8	1	0.586246013641
8	1	0.639782190323
8	1	0.573347091675
7	1	0.852867126465
7	1	0.599460124969
7	1	0.599472045898
7	1	0.586125135422
8	1	0.532902956009
7	1	1.61246204376
7	1	0.760045051575
8	1	0.679585933685
7	1	0.866124153137
7	1	0.639517068863
8	1	0.653343200684
7	1	0.626605033875
8	1	0.639770030975
7	1	0.679472208023
7	1	0.572851896286
7	1	0.586196899414
8	1	0.506239891052
7	1	0.399467945099
7	1	0.599576950073
7	1	0.612874031067
8	1	0.493237018585
7	1	0.493330001831
8	1	0.426620006561
7	1	0.493077039719
7	1	0.43966794014
7	1	1.43901586533
8	1	0.55949306488
7	0	0.546231985092
8	1	0.559767007828
8	1	0.519927978516
8	1	0.653375864029
7	1	0.480023860931
8	1	0.546707868576
7	1	0.54673910141
8	1	1.5461909771
7	1	0.573153018951
7	1	1.31942200661
8	1	0.573359012604
8	1	0.533359050751
8	1	0.480026006699
8	1	0.85285115242
7	1	0.532794952393
8	1	0.532722949982
8	1	0.612746953964
7	1	0.54630112648
7	1	0.453248023987
8	1	0.546341896057
8	1	0.413172960281
8	0	0.399642944336
8	1	0.479473829269
7	1	0.479485988617
8	0	0.506150007248
8	1	0.45286989212
8	1	0.519404888153
7	1	0.626121997833
7	1	0.599598884583
7	1	0.506627082825
7	1	0.586761951447
8	1	0.626669883728
8	1	0.506634950638
7	1	0.54666018486
7	1	0.493314981461
7	1	0.493417978287
8	1	0.599745035172
7	1	0.546334028244
7	1	0.506283998489
7	1	0.4928150177
8	1	0.639472961426
7	1	0.426221847534
7	1	0.732835054398
7	0	0.372773170471
7	1	0.706092834473
8	1	0.49288892746
7	1	0.492917060852
8	1	1.26586699486
8	1	0.506110191345
8	1	0.572750091553
8	1	0.772860050201
7	1	0.533299922943
8	1	1.1727449894
7	1	0.626214027405
7	1	0.652884960175
8	1	0.560035943985
8	1	0.546710968018
7	1	0.586651086807
8	1	0.480042934418
8	1	0.599941968918
8	1	0.519947052002
7	1	0.440044879913
8	1	0.440064907074
8	1	0.639816045761
8	0	0.47976899147
8	1	0.59948515892
8	1	0.546190977097
8	1	0.559417009354
7	0	0.612847089767
7	1	0.599448919296
8	1	0.519535064697
7	1	0.439616203308
7	1	0.546195983887
8	1	0.519616127014
8	1	0.452986955643
8	1	0.49281001091
7	1	0.572952985764
8	1	0.506472110748
7	1	0.57333111763
7	1	0.440037965775
8	1	0.453313827515
8	1	0.493190050125
8	1	0.586425065994
7	1	0.653320074081
8	1	0.53330206871
8	1	0.426708936691
8	1	0.50666308403
7	1	0.573348999023
7	1	0.466678857803
8	1	0.520029067993
7	1	1.23944878578
7	1	0.466659784317
7	1	0.45324420929
7	1	0.493205070496
7	0	0.586462974548
7	1	0.640043973923
8	1	1.38622903824
8	1	0.519922971725
8	1	0.519989013672
7	1	0.533397912979
8	1	0.560016155243
7	1	0.506705999374
8	1	0.480054855347
8	1	0.520013093948
8	1	0.546595811844
8	1	0.506645202637
8	1	0.466728925705
7	1	0.533279180527
7	1	0.413255929947
7	1	0.65301990509
8	1	1.11946415901
8	1	0.493450880051
8	1	0.493332862854
7	1	0.520055055618
7	1	0.520025014877
7	0	1.98572707176
8	1	0.532746076584
7	0	0.786180973053
8	1	0.613196849823
8	1	0.546738147736
8	1	0.546652793884
7	1	0.493269920349
7	1	0.812893152237
8	1	0.532907962799
8	1	0.532818078995
8	0	0.586146116257
8	1	0.586223840714
8	1	0.572719812393
8	1	0.532823085785
2	1	0.533323049545
2	1	0.639936923981
2	1	0.493343114853
2	1	0.586561918259
2	1	0.440034866333
2	1	0.493382930756
2	1	0.466719150543
2	1	0.506724119186
2	0	0.573348045349
2	1	0.520031929016
2	1	0.559805870056
2	1	0.439958095551
2	1	0.506556034088
2	1	0.413333892822
2	1	0.426625013351
2	1	0.586683988571
2	1	0.453371047974
2	1	0.386617898941
2	1	0.466725111008
2	1	0.493401050568
2	1	0.453344106674
2	1	0.386713027954
2	1	0.413386821747
2	1	0.559753894806
2	1	0.466622114182
2	1	0.479959011078
2	1	0.479920864105
2	1	0.466529846191
2	1	0.666445970535
2	1	0.506721973419
2	1	0.693377971649
2	1	0.613085985184
2	1	0.479839086533
2	1	0.479924917221
2	1	0.506509065628
2	1	0.479866981506
2	1	0.466677904129
2	1	0.546458005905
2	1	0.493113994598
2	1	0.532972812653
2	0	0.626118898392
2	1	0.532855987549
2	1	0.626201152802
2	1	0.53276181221
2	1	0.639535903931
2	1	1.65271401405
2	1	0.706702947617
2	1	1.01287198067
2	1	0.612833023071
2	1	0.453335046768
2	1	0.559781074524
2	1	0.733299016953
2	1	0.573282003403
2	0	0.546591043472
2	1	0.493394851685
2	1	0.559701919556
2	1	0.493129014969
2	1	0.599511861801
2	1	0.679536819458
2	1	0.599514007568
2	1	0.506206035614
2	1	0.546185016632
2	1	0.559704065323
2	1	0.479989051819
2	1	0.493253946304
2	1	0.47999382019
2	1	0.519770860672
2	1	0.586542844772
2	1	0.506690979004
2	1	0.600033044815
2	1	0.560042858124
2	1	0.480039834976
2	1	0.62668800354
2	1	0.599581003189
2	1	0.413201808929
2	1	0.439939975739
2	1	0.546544075012
2	0	0.386668920517
2	1	0.493330001831
2	1	0.533291816711
2	1	0.52006816864
2	1	0.493408918381
2	1	0.533171892166
2	1	0.506525039673
2	1	0.532979011536
2	1	0.43985581398
2	1	0.612854957581
2	1	0.532794952393
2	1	0.532791852951
2	1	0.572754859924
2	1	0.63957285881
2	1	0.466080188751
2	1	0.559479236603
2	1	0.492789030075
2	1	0.559555053711
2	1	0.493193149567
2	1	0.653180122375
2	1	0.439967870712
2	1	0.533295869827
2	1	0.546769857407
2	1	0.453377962112
2	1	0.57341504097
2	1	1.43948292732
2	1	0.693343877792
2	1	0.466701030731
2	1	0.53334903717
2	1	1.10625195503
2	1	1.27936410904
2	1	1.75910496712
2	1	0.600039958954
2	1	0.520029067993
2	1	0.533313989639
2	1	0.73316192627
2	0	0.546220064163
2	1	0.679511070251
2	1	0.599421024323
2	1	0.532871007919
2	1	0.626168012619
2	1	0.733114957809
2	1	0.60000705719
2	1	0.626450061798
2	0	1.01284408569
2	1	0.519737005234
2	1	0.586573123932
2	1	2.45233917236
2	1	2.90538311005
2	1	0.599514007568
2	1	0.612869024277
2	1	1.265843153
2	1	3.11853909492
2	1	0.640074968338
2	1	3.18522000313
2	1	0.599617004395
2	1	0.586768865585
2	1	0.573365926743
2	1	0.560019016266
2	0	0.546662807465
2	1	0.839475870132
7	1	0.652864933014
7	1	0.520002126694
8	1	0.653362989426
7	1	6.45040297508
7	1	1.31948399544
8	0	0.719941139221
8	1	0.626637935638
8	1	0.679526805878
8	1	0.639514923096
8	1	0.559573173523
7	1	0.492928981781
7	0	0.479569911957
7	1	0.732798099518
8	1	0.453152894974
8	1	0.546363115311
7	1	0.453272104263
8	1	0.49313211441
8	0	0.479779958725
7	1	0.50634598732
7	1	1.45266699791
8	1	0.506270885468
8	1	1.41258597374
7	0	0.746169805527
7	1	1.13280296326
8	1	1.41235899925
7	1	0.612793922424
8	1	0.586197853088
7	1	0.492842912674
8	1	0.412852048874
7	1	0.51950097084
8	1	1.34566307068
8	1	0.559480190277
7	1	0.54611492157
8	1	0.532853126526
8	1	0.47953414917
7	1	0.612838029861
8	1	0.533108949661
8	1	0.479969978333
8	1	0.586573123932
8	1	0.453332901001
7	1	0.493317127228
8	1	0.493369102478
8	1	0.480048179626
7	1	0.520061969757
7	1	0.533331871033
8	1	0.640062093735
8	1	0.50665307045
7	1	1.02627015114
8	1	0.59956407547
8	1	0.519600868225
7	1	0.5862159729
8	1	0.573207139969
8	1	0.506669044495
8	0	0.560086011887
8	1	0.559996128082
7	1	0.56004691124
7	1	1.0528190136
8	1	0.559585094452
8	1	0.519572973251
7	0	1.1859190464
8	1	0.599561929703
7	1	0.572769880295
8	1	0.57287812233
8	1	0.506242036819
8	1	0.532923936844
7	1	0.653094053268
7	0	0.533258199692
8	0	0.519982814789
7	1	0.626550912857
8	1	0.453376054764
7	1	1.06628799438
7	1	0.572820186615
8	1	0.479664087296
8	1	0.559581041336
8	1	0.506552934647
7	1	0.533359050751
8	1	0.63999915123
7	1	0.626708030701
7	1	0.639671087265
8	1	0.612735033035
7	0	1.05286192894
7	1	0.426587820053
8	1	0.50679898262
8	1	0.453398942947
8	0	0.480065107346
8	0	0.55992603302
7	1	1.51955103874
7	1	0.866347074509
8	1	0.612769842148
8	1	0.426164865494
8	1	0.546179056168
7	1	0.546139001846
8	1	0.586117982864
7	1	0.546231985092
8	1	0.532865047455
7	1	0.479517936707
8	1	0.559461832047
8	1	0.532842874527
7	1	0.61309504509
7	1	0.533301115036
8	1	0.746561050415
7	0	0.520044803619
8	1	0.719568014145
7	0	0.586179971695
7	1	0.506172895432
8	1	0.599545001984
7	1	0.50608086586
7	1	0.479552984238
7	1	0.546089887619
8	1	0.599542140961
8	1	0.573223114014
7	1	0.53325510025
8	1	0.506647109985
7	1	0.560052871704
7	1	0.639915943146
8	1	0.692823171616
7	1	0.519574165344
7	1	0.479505062103
8	1	0.666167974472
7	0	0.519617080688
8	1	0.626170158386
8	1	0.692855119705
7	1	0.720024108887
7	1	0.66633105278
7	1	0.639512062073
7	0	0.61279296875
8	1	0.492872953415
7	0	0.49284696579
8	1	0.466173171997
7	1	0.452867984772
8	1	0.679584980011
8	1	0.506083011627
8	1	0.506129026413
7	1	0.479576826096
8	1	0.519418954849
8	1	0.532782077789
8	1	0.533044099808
7	1	0.693191051483
4	1	0.546255111694
4	1	0.572853803635
4	1	1.0660610199
4	1	0.586730957031
4	1	0.480001926422
4	1	0.560002088547
4	1	0.440017938614
4	1	0.479974031448
4	1	0.626668930054
4	1	0.519809007645
4	1	0.586265802383
4	1	0.679459810257
4	1	0.492842912674
4	1	0.572838068008
4	1	0.599483013153
4	1	0.546211004257
4	1	0.533179044724
4	1	0.546642065048
4	1	0.533381938934
4	0	0.5333340168
4	1	0.546634912491
4	1	0.480015039444
4	1	3.02524590492
4	1	1.5190448761
4	1	0.986160993576
4	1	0.613323926926
4	1	0.546616077423
4	1	0.572993040085
4	1	0.599573850632
4	0	0.639536142349
4	1	0.759459018707
4	1	0.533275842667
4	1	0.533333063126
4	1	0.813288927078
4	1	0.559803009033
4	1	0.519616127014
4	1	0.559484958649
4	0	0.666136980057
4	1	0.679548025131
4	1	0.666378974915
4	1	0.56005191803
4	0	0.86622595787
4	1	0.652806043625
4	1	0.599529981613
4	1	0.492841005325
4	1	0.532891988754
4	1	0.652849912643
4	1	0.533290147781
4	1	0.493278026581
4	1	0.453294038773
4	1	0.75993013382
4	1	0.626621007919
4	0	1.61232304573
4	1	0.559440135956
4	0	2.34534597397
4	1	0.719520807266
4	1	0.692859888077
4	1	0.626142024994
4	1	0.640017986298
4	1	0.733299970627
4	0	0.652752876282
4	1	1.45234298706
4	1	0.626163005829
4	1	0.95943903923
4	1	0.653273105621
4	1	0.879513025284
4	0	0.812843799591
4	1	0.799840211868
4	1	0.879479169846
4	1	1.09283900261
4	0	0.86607003212
4	1	0.732836008072
4	1	0.692885875702
4	1	0.546602964401
4	1	0.52007818222
4	1	0.533330917358
4	1	0.520046949387
4	1	0.533345937729
4	1	0.50658082962
4	1	0.440075874329
4	0	0.373277902603
4	1	0.919489145279
4	1	0.492841959
4	1	0.492936134338
4	1	0.626241922379
4	1	0.54611992836
4	1	0.572869062424
4	1	0.599458932877
4	1	0.492876052856
4	1	0.519636869431
4	1	0.49303984642
4	1	0.453121900558
4	1	0.4128510952
4	1	0.612855911255
4	1	0.426287174225
4	1	0.426138877869
4	1	0.412943840027
4	1	0.572822093964
4	1	0.47954082489
4	1	0.492767095566
4	1	0.492729902267
4	0	0.46616601944
4	1	1.61233091354
4	1	0.652815103531
4	1	0.613389968872
4	1	0.533404111862
4	1	0.519962072372
4	1	0.53338098526
4	1	0.58655500412
4	1	0.493335008621
4	1	0.573158979416
4	1	0.626185894012
4	1	1.14608192444
4	1	0.533356904984
4	1	0.573240995407
4	1	0.586452007294
4	1	2.07892394066
4	1	1.57280492783
4	1	0.733306884766
4	1	1.71891283989
4	1	1.09285116196
4	1	0.533405065536
4	1	1.18613195419
4	1	0.61288523674
4	1	0.519963026047
4	1	0.519963026047
4	1	0.680035114288
4	1	0.600084066391
4	0	0.586425065994
4	1	0.626187086105
4	1	0.572913885117
4	1	0.652852058411
4	1	0.612867116928
4	0	0.773169994354
4	0	0.560057878494
5	1	0.639548063278
6	1	0.519514799118
5	1	0.612835168839
5	1	0.666126966476
5	1	0.49333691597
5	1	0.520052909851
5	1	0.559991836548
6	1	0.546679019928
6	1	0.506677865982
6	1	0.626713037491
6	1	3.13179588318
5	1	1.43946790695
5	1	0.573107004166
5	1	0.600036144257
6	1	0.906137943268
6	1	0.572727918625
5	1	0.519511938095
6	1	0.559448957443
6	1	0.559561014175
5	1	0.519556999207
5	1	0.5860850811
5	1	0.492837905884
6	1	0.559631109238
6	1	0.506441116333
6	1	0.466627120972
6	1	0.573170185089
6	1	0.506659030914
6	1	0.559934139252
5	1	0.4799721241
5	1	0.559950113297
5	1	0.506618022919
5	1	0.812829971313
6	1	2.13239598274
5	1	0.773194789886
5	1	0.692799091339
5	1	0.506206035614
5	1	2.46520113945
5	1	0.852795124054
6	1	0.519912958145
6	1	0.639961957932
6	1	0.679974079132
5	0	0.772816181183
6	1	0.59956908226
5	1	0.652808904648
5	1	0.639460086823
6	1	0.573344945908
6	1	0.773296117783
5	1	0.46661901474
6	1	0.45349407196
5	1	0.613202810287
6	1	0.493231773376
6	1	0.533023834229
6	1	0.519606113434
5	1	0.413106918335
6	1	0.493207931519
5	1	0.54633307457
5	1	0.400019168854
5	1	0.506654024124
6	1	0.466743946075
6	1	0.440093040466
5	1	0.639730930328
6	1	0.559565067291
5	1	0.546152114868
5	1	0.492844104767
6	1	0.626160860062
5	1	0.546180963516
6	1	0.546203136444
5	1	0.639494895935
6	1	1.79936814308
6	1	0.479975938797
6	1	1.77231907845
5	1	5.94372701645
6	1	1.39945888519
5	1	1.46572613716
5	1	1.59894895554
6	1	0.706596136093
6	1	0.906172037125
5	1	0.799550056458
5	1	3.06488800049
6	1	0.55951499939
6	1	1.47900819778
5	1	0.932776927948
6	1	0.666563034058
6	1	0.546728849411
5	1	0.560033082962
6	0	0.49337887764
5	0	0.493381977081
6	1	0.639895915985
6	0	0.732864141464
5	1	0.812791109085
5	1	0.639946937561
6	1	0.48003411293
5	0	0.559944152832
6	1	0.62664103508
5	1	0.506603956223
5	1	0.479999065399
6	1	2.67862510681
6	1	0.892749071121
6	1	0.639605045319
5	1	0.559947013855
5	1	0.480005979538
6	1	0.400053977966
5	0	0.5199239254
5	1	0.573399066925
6	1	0.533350944519
5	1	2.67899799347
5	1	0.493429899216
5	1	0.586489915848
6	1	0.559489011765
6	1	0.62624502182
5	1	0.439470052719
5	1	0.692775964737
6	1	0.532850980759
6	1	0.546205997467
5	1	0.559511184692
5	1	0.546443939209
5	1	0.439957141876
6	1	0.493055105209
5	1	0.626426935196
6	1	0.479977846146
6	1	0.49338388443
6	1	0.573371887207
5	1	0.493397951126
6	1	0.506675958633
5	1	0.45338010788
6	1	0.480001926422
5	1	0.546668052673
5	1	0.479998111725
6	1	0.65331697464
6	1	0.506676912308
6	1	0.466651916504
6	1	0.399990081787
6	1	0.599561929703
6	1	0.479513883591
6	1	0.43949508667
5	1	0.39945101738
6	1	0.546209096909
6	1	0.492832899094
6	1	0.546187162399
6	1	0.492722988129
6	1	0.572779893875
5	0	0.452776193619
6	1	0.532727003098
5	1	0.519507169724
6	1	0.652888059616
6	1	0.639656066895
6	1	0.480020999908
5	1	1.45282816887
6	1	0.533248901367
5	1	0.4399330616
6	1	0.719927072525
6	1	0.559953927994
5	1	1.37284088135
6	1	0.640018224716
5	1	1.59947800636
5	1	0.599473953247
5	1	0.599447011948
5	1	0.546255111694
6	1	0.626097917557
6	1	0.919489860535
5	1	0.626603126526
6	1	0.533194065094
5	1	0.506644964218
6	1	0.46662402153
6	1	0.519860029221
5	0	0.466562986374
6	1	0.719492912292
6	1	1.27938604355
6	1	0.93280005455
6	1	0.559441804886
6	1	0.572934865952
5	1	0.653356075287
5	1	0.493366003036
5	1	0.399994134903
5	1	0.56002497673
6	1	0.519944906235
5	1	0.519936084747
6	1	0.546701908112
6	1	0.520009994507
5	1	0.520046949387
5	1	0.679589986801
5	1	0.453127861023
5	1	0.440001964569
5	1	0.573126077652
6	1	0.612802028656
5	1	0.466227054596
6	1	0.49276304245
5	1	0.479471921921
6	1	0.692893981934
6	1	0.492892980576
5	1	0.466140031815
5	1	0.612793922424
6	1	0.732805013657
6	1	0.333371162415
5	1	0.599656105042
6	1	0.453436851501
6	1	0.706578016281
6	1	0.480067014694
6	1	0.599980115891
5	1	0.399996995926
6	1	0.546573162079
5	1	0.480036973953
5	1	0.560018062592
5	1	1.17286586761
6	1	0.546645879745
6	1	0.60000705719
5	1	0.533366918564
5	1	0.5199239254
5	1	0.506651878357
6	1	0.520087957382
5	1	0.54666686058
6	1	0.4666659832
5	1	0.559955835342
5	0	0.533401966095
5	1	0.519952058792
5	1	0.519748926163
5	1	1.61223196983
5	1	0.572783946991
6	1	0.559432029724
6	1	0.546185970306
5	1	0.532829999924
6	1	0.532805919647
6	1	0.626111984253
5	1	0.519889831543
6	1	0.493147134781
6	1	0.546583890915
6	1	0.560029983521
5	1	0.573293924332
6	1	0.506579875946
6	1	0.626759052277
6	1	0.519990921021
6	1	0.439987897873
5	1	0.506670951843
6	1	0.626413822174
6	1	0.599476099014
5	1	0.43940615654
6	1	0.413074016571
6	1	0.572805166245
6	1	0.519487857819
6	1	0.466238021851
5	1	0.439728021622
5	1	0.546220064163
6	1	0.399789810181
6	1	0.546373844147
5	1	0.453100919724
5	1	0.440024852753
6	1	0.41335105896
6	1	1.19960689545
5	0	0.439947128296
5	1	0.519778013229
6	1	0.519829034805
6	1	0.520016908646
5	1	0.41329908371
5	1	0.559862852097
5	1	0.506671905518
5	1	0.39998793602
5	1	0.373157024384
5	1	0.439511060715
5	1	0.599452018738
6	1	0.372883081436
5	1	0.492804050446
6	1	0.586193084717
5	1	0.612882852554
5	0	0.959720134735
6	1	0.692763090134
6	1	0.426198959351
5	1	1.47901415825
5	1	0.626113176346
5	1	0.519566059113
5	1	0.546126842499
5	1	0.559494018555
5	1	0.439538002014
5	1	0.386156082153
5	1	0.479519844055
6	1	0.586184978485
3	1	0.546685934067
3	1	0.506639003754
3	1	0.479990005493
3	1	0.49334692955
3	1	0.5200111866
3	0	0.600021839142
3	1	0.439960956573
3	1	0.373292922974
3	1	0.373323202133
3	0	0.373128890991
3	1	0.692836999893
3	1	0.506574869156
3	1	0.559934139252
3	1	0.479974985123
3	1	0.506694078445
3	1	0.466639041901
3	1	0.506766080856
3	0	0.453368186951
3	1	1.35956597328
3	1	0.626576900482
3	1	0.520035982132
3	1	0.533316850662
3	1	1.31940793991
3	1	0.533154010773
3	1	0.666664123535
3	1	0.479995965958
3	1	0.546614170074
3	1	0.546591997147
3	1	0.466733932495
3	1	0.493285894394
3	1	0.506695985794
3	1	0.479938030243
3	1	0.493345022202
3	1	0.466562986374
3	1	0.480094909668
3	0	0.493210077286
3	1	0.573233127594
3	1	0.61324095726
3	1	0.55964589119
3	1	0.519397974014
3	1	0.546282052994
3	1	0.492859125137
3	1	0.479450941086
3	1	0.466137170792
3	1	0.572825193405
3	1	0.479494094849
3	1	0.506237983704
3	1	0.492928981781
3	1	0.572893857956
3	1	0.452877998352
3	1	0.439465045929
3	1	0.612854957581
3	1	0.439432144165
3	1	0.519511938095
3	1	0.546139955521
3	1	0.519541978836
3	1	3.23803305626
3	1	0.732799768448
3	1	1.31902599335
3	1	0.572793960571
3	1	0.506213903427
3	1	0.532810211182
3	1	0.532871961594
3	1	0.492829084396
3	1	0.479560852051
3	0	0.386148929596
3	1	0.492838144302
3	1	0.546156167984
3	1	0.719564914703
3	0	0.772915124893
3	1	0.533293962479
3	1	0.493405818939
3	1	0.693198919296
3	1	0.58616900444
3	1	0.506157875061
3	1	0.586145162582
3	1	0.559427976608
3	1	0.492772102356
3	1	0.439601898193
3	1	0.679537057877
3	1	0.559542894363
3	1	0.506244182587
3	1	0.559551000595
3	1	0.546522140503
3	1	0.49330496788
3	1	0.613387107849
3	0	0.493305921555
3	1	0.560062170029
3	1	0.533274888992
3	1	0.546575069427
3	1	0.520059108734
3	1	0.5333070755
3	1	0.493314981461
3	1	0.493220090866
3	1	0.546477079391
3	1	0.959558010101
3	1	0.532884120941
3	1	0.599743127823
3	1	0.520031929016
3	1	0.479959964752
3	1	0.53324508667
3	1	1.57281589508
3	1	0.573277950287
3	1	0.466598033905
3	1	0.533393144608
3	1	0.546705961227
3	1	0.613137960434
3	1	0.506401777267
3	1	0.493005037308
3	1	0.546123027802
3	1	0.519505023956
3	1	0.492774963379
3	1	0.426380157471
3	1	0.5994181633
3	1	0.546175003052
3	1	0.519428014755
3	1	0.572793960571
3	1	0.492733955383
3	1	0.546156167984
3	1	0.612925052643
3	1	0.652955055237
3	1	0.760055065155
3	1	0.466606140137
3	1	0.559996843338
3	1	0.466634988785
3	1	0.533360958099
3	1	0.772885084152
3	1	0.519409894943
3	1	0.506117105484
3	1	0.492860078812
3	1	0.466346979141
3	1	0.546153068542
3	1	0.506170034409
3	1	0.479536056519
3	1	0.466151952744
3	1	0.559453964233
3	1	0.666142940521
3	0	0.879878997803
3	1	0.77271604538
3	1	0.639471054077
3	1	0.639482021332
3	1	0.532856941223
3	1	0.559746026993
1	1	1.02614092827
1	1	1.15946102142
1	1	0.612876176834
1	1	0.599535942078
1	1	0.559687137604
1	1	0.559961795807
1	1	0.71999502182
1	1	0.746222019196
1	1	0.639537096024
1	1	0.599471092224
1	0	0.639513969421
1	1	0.599809885025
1	1	1.11943078041
1	1	1.45231986046
1	1	0.786243915558
1	0	0.746299982071
1	1	0.812840938568
1	1	0.799558877945
1	1	0.666235923767
1	1	0.613180875778
1	1	0.706635951996
1	1	1.439453125
1	1	0.639849901199
1	1	0.546360015869
1	1	0.586056947708
1	1	0.639451980591
1	1	0.586090087891
1	1	0.559420108795
1	1	0.532835960388
1	1	0.546186923981
1	1	0.519782066345
1	1	0.453217029572
1	1	0.586357116699
1	1	0.533265829086
1	1	0.546765089035
1	1	0.746720075607
1	1	0.546467065811
1	1	0.479885101318
1	1	0.506520986557
1	1	0.49317407608
1	1	0.453316926956
1	1	0.533138990402
1	1	0.493130922318
1	1	0.479801893234
1	1	0.519703865051
1	1	0.586134910583
1	1	0.506146192551
1	0	0.559471130371
1	1	0.559476137161
1	1	0.546216011047
1	1	0.546152830124
1	1	0.479506969452
1	1	0.506142139435
1	1	0.53284907341
1	1	0.466197013855
1	1	0.49285197258
1	1	0.506139039993
1	1	0.506058931351
1	1	0.452790975571
1	1	0.479482889175
1	0	1.86560583115
1	1	0.519984006882
1	0	0.466647863388
1	1	0.639919996262
1	1	0.573210000992
1	1	0.493243932724
1	1	0.453299045563
1	1	0.626316070557
1	1	0.519665956497
1	1	0.492904186249
1	1	0.666059017181
1	1	0.51942896843
1	1	0.466205835342
1	1	0.492841005325
1	1	0.426209926605
1	1	0.53294301033
1	1	0.786077022552
1	1	0.533041954041
1	1	0.573125123978
1	1	0.506628036499
1	1	0.506685018539
1	1	0.493360996246
1	1	0.533343076706
1	1	0.600051879883
1	1	0.506642818451
1	1	0.506631135941
1	1	1.02616405487
1	1	0.59953379631
1	1	0.452939033508
1	1	1.26563978195
1	1	0.652765989304
1	1	0.452736139297
1	1	0.479514122009
1	1	0.452888011932
1	1	0.466092824936
1	1	0.572897195816
1	1	0.626159906387
1	1	0.572914838791
1	1	0.559819936752
1	1	0.693320035934
1	1	0.453388929367
1	1	0.47992682457
1	0	0.453252077103
1	1	0.479943990707
1	1	0.519952058792
1	1	0.559993982315
1	1	0.493254899979
1	1	0.733008861542
1	1	0.572757005692
1	1	0.532847881317
1	1	0.986186981201
1	1	0.653344869614
1	1	0.546739816666
1	1	0.506654024124
1	1	0.506635904312
1	1	0.573302984238
1	1	0.479974031448
1	1	0.559772968292
1	1	0.453207969666
1	1	0.506492853165
1	1	0.586127996445
1	1	0.452976942062
1	1	0.519495010376
1	1	0.47961306572
1	0	0.426634073257
1	1	0.546287059784
1	1	0.532809972763
1	1	0.519536972046
1	1	0.519612073898
1	0	0.412963867188
1	1	1.09281611443
1	1	0.533405780792
1	1	0.546682834625
1	1	0.626676082611
1	1	0.759465932846
1	1	2.35884594917
1	1	0.612810134888
1	1	0.559502840042
1	1	0.626246929169
1	1	0.719553947449
1	1	0.599972963333
