2	1	2.70520114899
2	0	2.21196198463
2	1	1.05288600922
2	1	1.22622799873
2	1	0.772812843323
2	1	1.55955219269
2	0	0.733407974243
2	1	1.0128698349
2	1	1.29251980782
2	1	1.47893500328
2	0	0.826133966446
2	1	2.03900194168
2	1	1.90568900108
2	1	2.0523250103
2	1	0.679492950439
2	1	0.652793884277
2	1	0.599555969238
2	0	0.613421916962
2	0	1.43951201439
2	1	1.54620885849
2	1	1.51953101158
2	0	1.15949511528
2	0	1.95897006989
2	1	5.79707312584
2	0	1.46574902534
2	1	6.67656207085
2	0	4.53072690964
2	1	1.94561696053
2	1	2.29228615761
2	0	1.17283391953
2	1	6.72982692719
2	1	1.95917510986
2	1	2.0655939579
2	0	1.85282492638
2	0	2.43898200989
2	0	3.62497496605
2	1	1.26612591743
2	1	0.613348007202
2	0	1.732380867
2	1	1.57235789299
2	0	2.34510993958
2	1	2.81183600426
2	1	4.49087405205
2	1	5.69028496742
2	0	5.17076301575
2	0	2.71847081184
2	0	6.0236260891
2	1	2.94511699677
2	1	3.15808987617
2	1	2.10571193695
2	1	1.83903408051
2	0	3.15851783752
2	1	3.49187588692
2	0	4.78421902657
2	1	7.20981311798
2	0	1.37291312218
2	1	1.2662050724
2	0	1.54563593864
2	1	1.8792090416
2	1	1.87900781631
2	1	0.732810020447
2	0	0.653119087219
2	0	4.21130609512
2	1	2.38514900208
2	1	1.02606391907
2	1	1.78589105606
2	1	1.73241996765
2	1	1.33240103722
2	1	0.839565038681
2	1	0.666736125946
2	1	0.720035076141
2	0	0.706212043762
2	1	0.692807197571
2	1	1.1459338665
2	0	0.999495029449
2	1	0.653234958649
2	1	0.773360967636
2	1	2.15895104408
2	1	2.4523088932
2	1	5.94377183914
5	1	3.38472104073
5	1	2.86527299881
5	1	2.13226103783
5	1	1.62569093704
6	1	0.986056089401
5	0	1.77235507965
6	0	2.75845217705
6	1	2.25212407112
6	1	1.98570585251
5	0	1.18616890907
6	1	2.13204884529
5	1	3.23847293854
6	1	1.19951295853
6	1	3.82511091232
6	1	0.879539012909
5	1	0.906080007553
6	1	1.09288215637
6	1	1.23918294907
6	1	1.22615098953
6	1	0.719851016998
6	1	0.626155138016
6	1	0.892833948135
5	1	0.679776906967
5	1	0.932877063751
6	1	1.30612611771
6	1	1.43949103355
5	1	1.34609699249
6	1	0.653292179108
5	0	1.31955695152
6	1	1.50614213943
5	1	1.01276493073
6	1	1.02624702454
6	1	0.679789066315
6	1	0.586167097092
6	1	0.62614107132
5	1	0.70614695549
5	1	0.612883090973
6	1	0.693290948868
6	1	0.600064992905
6	1	0.839511871338
5	1	0.906289815903
5	1	1.586124897
6	1	0.972692966461
5	1	1.18611979485
5	1	1.10623002052
6	1	0.626409053802
5	1	1.83933711052
5	0	1.58570718765
6	1	0.879590988159
5	1	0.733031988144
6	1	0.759860992432
6	0	0.639487028122
6	1	0.586220026016
6	1	0.826085090637
5	1	1.06631612778
6	0	6.44994211197
6	0	0.932966947556
5	1	0.946384906769
6	1	0.746088981628
5	1	4.97083592415
6	1	1.89230298996
5	1	1.13282990456
5	1	0.932788133621
6	1	1.17282485962
5	0	1.812251091
6	0	1.54578399658
5	0	3.65139913559
5	1	7.03654813766
6	1	2.34569406509
5	1	2.41235303879
6	1	5.83704400063
5	1	4.39796686172
5	0	1.86567902565
6	1	5.03764295578
6	0	1.75899982452
6	1	5.41033196449
5	1	0.746154785156
6	0	0.65299987793
6	0	0.786298036575
6	1	4.87751197815
5	0	1.14622783661
6	0	3.81133103371
5	1	3.37185502052
5	0	2.67858219147
5	0	5.66355800629
5	1	6.05042600632
5	1	1.35950708389
6	1	1.06613302231
6	1	0.719615221024
5	1	1.5728290081
5	1	1.34618496895
6	1	0.999543905258
5	1	1.01289176941
5	1	1.27919816971
6	1	0.852916002274
6	1	1.15943288803
5	1	1.37225389481
6	1	0.799463033676
5	1	0.706460952759
6	1	1.61272287369
5	1	0.71951508522
5	1	1.69231295586
6	0	1.81235098839
5	1	2.73232007027
6	1	0.906256198883
6	1	1.199436903
6	1	0.866218090057
6	1	0.759523868561
6	1	0.733498096466
6	1	0.946228027344
5	1	2.71849703789
5	1	0.719742059708
5	1	1.2260799408
5	0	0.759603023529
6	1	0.719875097275
6	1	1.58579897881
6	1	1.35955405235
6	1	0.786143064499
6	1	1.17279791832
6	1	0.932770967484
5	1	0.87947678566
5	1	0.986123800278
5	1	2.41175508499
6	0	0.999540090561
6	1	1.092867136
6	1	1.02620220184
6	1	1.39959406853
6	0	1.85249996185
6	1	0.972921133041
5	1	1.3993229866
6	1	0.852888822556
6	0	1.6395201683
6	1	0.746063947678
6	1	0.839491844177
6	0	3.05172801018
5	1	1.81226301193
6	1	2.87847685814
5	1	3.09179401398
5	0	2.23855018616
6	0	1.2661960125
6	1	3.13182806969
6	1	0.89325594902
6	1	0.879567146301
6	1	0.839482069016
6	1	1.34617614746
5	1	0.666592121124
6	1	2.58563899994
5	1	2.27896499634
6	1	0.720009088516
5	1	0.839497089386
6	1	1.11945414543
5	1	1.47946310043
5	1	1.34613704681
6	0	4.83793091774
6	1	1.38614201546
5	1	1.01284503937
6	1	0.746221065521
5	1	1.66618800163
6	1	0.626556873322
5	1	1.33291387558
5	1	0.892874956131
5	1	0.972828865051
6	1	0.666720867157
6	1	0.69299697876
5	1	9.63506293297
5	0	1.18628692627
6	1	0.959449052811
6	1	0.839605093002
6	1	0.77295589447
5	1	5.4375
5	1	0.959411859512
6	1	0.932801008224
5	1	2.71844005585
6	1	0.652606964111
6	1	0.599530935287
6	0	1.58560490608
6	1	1.23898792267
6	1	0.852952957153
6	1	1.3727850914
6	0	1.30576205254
6	1	0.932708978653
5	1	0.760001182556
5	1	0.719532012939
5	0	2.51845288277
5	1	1.01271080971
7	1	2.70568609238
7	1	0.986225128174
7	1	3.86472201347
7	1	2.86535406113
7	1	3.62474513054
7	1	2.34537601471
8	0	3.75803995132
8	1	0.7595038414
8	1	3.7450170517
7	0	2.9984459877
7	1	3.22478199005
8	0	2.29239416122
8	1	2.75856089592
8	1	1.53222489357
7	1	0.586109876633
8	1	0.599419116974
7	1	0.546116828918
7	0	0.959573030472
7	1	0.786108970642
8	1	0.612859010696
8	1	0.826251983643
7	1	0.573348999023
7	1	2.75899410248
7	1	0.972848892212
8	0	4.39749693871
7	1	0.932861089706
7	1	0.812901973724
8	1	0.692899942398
8	1	0.626191139221
8	0	0.71949005127
7	0	0.73339509964
8	1	1.50618004799
8	1	1.23955702782
8	1	1.50624012947
7	1	1.17274999619
7	1	1.74572181702
8	1	1.54618000984
7	1	1.91910099983
7	0	2.19900202751
7	1	5.5974240303
8	0	2.29241800308
8	0	5.45090317726
7	1	1.38624000549
8	1	0.840038061142
7	1	1.2928981781
7	0	0.866131067276
7	1	0.90621805191
8	1	2.06529283524
8	1	0.986349821091
7	0	1.94591403008
7	1	4.42475104332
8	1	1.01267886162
8	0	0.706276893616
7	1	0.720004081726
7	0	0.692752838135
8	1	0.786164999008
8	1	1.10595011711
7	0	3.77152204514
7	1	0.706133127213
7	1	0.719796180725
7	1	0.812990903854
8	1	0.58615398407
7	0	0.479519844055
8	1	2.39865612984
8	1	1.45269393921
8	1	0.919559955597
8	1	1.15910506248
7	0	0.999488115311
7	1	0.773326873779
7	1	0.959475040436
7	1	0.666106939316
7	1	1.05256891251
8	1	0.559429883957
8	0	0.892820119858
7	1	1.98580813408
8	1	0.706117153168
7	1	0.77282500267
8	1	0.639914035797
7	1	0.653325080872
8	0	0.719521999359
7	0	0.572931051254
7	1	0.572886943817
8	0	2.8119468689
7	1	1.82619905472
7	0	2.94516706467
8	1	0.919512987137
8	1	0.706573963165
7	0	0.679548025131
8	1	2.10567092896
7	1	0.733074903488
7	1	0.666094064713
7	0	0.719492197037
7	0	5.22358107567
7	0	7.5560541153
8	1	1.71966910362
8	1	1.506264925
7	1	0.719449996948
7	1	1.18621706963
8	0	1.90565800667
7	1	1.74565696716
7	1	0.746340990067
7	1	1.58621692657
7	0	0.826148033142
8	1	0.786237001419
8	1	2.17196011543
7	0	0.919445991516
7	1	0.626565217972
8	1	0.640009880066
8	0	2.65224003792
7	1	1.9057469368
8	1	0.906179189682
8	1	0.946078062057
7	0	0.879489898682
8	1	0.760109901428
7	1	0.706095218658
8	1	1.11953496933
7	0	0.8129529953
7	1	0.732824087143
7	1	0.972837924957
8	1	0.852835893631
8	1	0.692808866501
7	1	0.946256875992
8	1	0.746246099472
7	1	0.666128158569
8	1	0.639508008957
8	1	0.58620595932
8	0	1.33252191544
8	1	0.692878007889
7	1	1.8925948143
7	1	1.54611206055
8	1	1.61237406731
8	1	1.1328959465
7	0	3.81141996384
8	1	1.46600294113
7	0	8.62219190598
8	1	0.719437122345
8	0	0.74622797966
8	0	1.41278386116
7	1	0.866585969925
7	0	1.02621221542
7	1	3.54470396042
7	0	3.38500499725
8	1	2.41189599037
8	0	2.85179781914
7	1	3.41177296638
7	1	2.18574905396
7	1	5.5570268631
7	0	3.4914290905
8	1	1.31894993782
7	1	0.812784910202
8	1	0.706380844116
8	1	0.586665868759
8	1	0.946237802505
7	1	9.7416100502
8	1	0.733200073242
8	0	1.14634108543
7	1	0.97293305397
7	1	1.11949205399
7	0	0.826527118683
8	1	5.66388392448
7	1	7.36984300613
7	1	4.22465586662
8	1	0.932770967484
8	1	2.09237718582
7	1	1.23961901665
8	1	0.959492921829
7	1	2.6385819912
8	1	1.83889603615
8	1	1.7722799778
7	1	1.25293779373
7	0	2.1052980423
8	1	0.959434986115
7	1	1.29264307022
7	1	1.34570097923
7	1	1.1061360836
8	1	0.946151971817
8	1	1.09296607971
8	1	0.546752214432
8	1	1.13244390488
8	1	0.679851055145
8	1	0.746576070786
8	0	1.11960196495
7	1	1.29289007187
7	1	1.0130648613
7	1	0.932965993881
7	1	3.10511994362
8	1	0.879499912262
8	1	0.772949934006
1	1	0.719470977783
1	1	0.73268198967
1	1	0.533295869827
1	1	0.653313159943
1	1	0.653304100037
1	1	0.812751054764
1	1	1.06614494324
1	0	4.14467215538
1	1	1.54566812515
1	1	1.47929096222
1	0	1.3991959095
1	1	0.879499912262
1	1	2.42571902275
1	1	0.680001974106
1	1	0.892704963684
1	0	0.82609295845
1	1	0.680047035217
1	1	2.25221419334
1	1	0.693269968033
1	1	2.66559386253
1	1	2.25236701965
1	1	0.759782075882
1	1	1.06606197357
1	0	0.800019025803
1	1	0.866062879562
1	1	1.8390109539
1	1	1.61274695396
1	1	1.26610898972
1	1	1.1325480938
1	0	3.7179889679
1	1	1.81232595444
1	1	0.813205003738
1	1	0.932770013809
1	1	0.73277592659
1	1	0.839662075043
1	1	6.09029698372
1	1	1.22610616684
1	1	0.986170053482
1	1	1.67926001549
1	1	1.45258188248
1	1	1.47954392433
1	1	0.652808904648
1	1	0.626239061356
1	1	0.972822904587
1	1	0.693549871445
1	1	9.26218795776
1	1	1.43951797485
1	1	0.773318052292
1	1	6.13046097755
1	0	1.05300998688
1	1	1.14616298676
1	1	0.839512825012
1	1	1.26617121696
1	1	0.599742889404
1	1	0.679471969604
1	1	0.706192970276
1	1	0.666074991226
1	1	0.986100912094
1	1	1.29286694527
1	1	0.612992048264
1	1	0.746257066727
1	1	0.626101016998
1	1	0.665949106216
1	1	1.0529088974
1	1	0.586207866669
1	1	0.546234130859
1	1	0.839421987534
1	0	0.453384160995
1	1	0.546670198441
1	1	0.53319811821
1	1	0.746631860733
1	1	1.22613096237
1	1	0.533418893814
1	1	0.519968986511
1	1	4.30462813377
1	1	0.733282089233
1	1	0.73307299614
1	1	1.10629200935
1	0	4.41147208214
1	1	1.01290202141
1	1	0.719474077225
1	1	2.09228277206
1	1	0.613025903702
1	1	0.93280506134
1	0	0.706268072128
1	1	2.33230185509
1	1	1.07925605774
1	1	0.706155061722
1	1	1.63892912865
1	1	0.946220874786
1	1	0.692800998688
1	1	0.732849121094
1	1	0.639559984207
1	1	1.85254406929
1	0	1.82561206818
1	1	0.586198091507
1	1	0.559579849243
1	1	2.66532516479
1	1	1.47939014435
1	1	1.01278805733
1	1	0.719460010529
1	1	0.586199998856
1	1	0.692752838135
1	1	0.74665594101
1	1	0.613397836685
1	1	0.759518146515
3	1	0.759460926056
3	1	0.906111001968
3	1	0.773348093033
3	1	0.666186094284
3	1	0.559518098831
3	1	0.572766065598
3	1	1.13274097443
3	1	0.559844017029
3	1	0.639556884766
3	1	1.31953477859
3	0	0.919476985931
3	1	0.7194647789
3	1	0.906376123428
3	1	0.532858848572
3	1	0.559437036514
3	1	0.559448003769
3	1	0.932509183884
3	1	1.02610611916
3	1	0.59943985939
3	1	0.626106977463
3	1	2.13199901581
3	1	0.772886037827
3	1	0.626214027405
3	1	1.1057100296
3	1	0.706150054932
3	1	1.43905210495
3	0	0.932706832886
3	1	1.83921504021
3	1	2.39894199371
3	1	1.14623689651
3	1	0.786587953568
3	1	0.866102933884
3	1	0.546234130859
3	1	0.759447097778
3	1	0.520016908646
3	1	0.533291816711
3	1	0.507287979126
3	1	0.520066022873
3	1	1.29290294647
3	1	4.58430695534
3	1	0.600005865097
3	1	0.546595096588
3	1	0.693200826645
3	1	0.612917900085
3	1	0.932723999023
3	1	1.02605104446
3	1	0.879533052444
3	1	1.78562283516
3	1	1.95907902718
3	1	0.852743148804
3	1	0.653152942657
3	1	0.839683055878
3	1	0.586182832718
3	1	1.39910006523
3	1	2.45214390755
3	1	0.679468154907
3	1	1.19954013824
3	1	1.93230485916
3	1	0.58617401123
3	1	0.599528074265
3	1	0.599855184555
3	1	0.533315896988
3	1	0.546677112579
3	1	3.59854698181
3	1	2.89189195633
3	1	0.81278014183
3	0	0.773300170898
3	1	2.93183016777
3	1	0.612738847733
3	1	0.586201906204
3	0	0.572957992554
3	1	0.653244018555
3	1	1.15942001343
3	1	0.599508047104
3	1	1.11914992332
3	1	1.13280391693
3	1	0.533398866653
3	1	1.19946479797
3	1	3.10488295555
3	1	0.532736063004
3	1	0.639552116394
3	1	0.6795129776
3	0	4.90429186821
3	1	0.732976198196
3	1	0.439543008804
3	0	0.692873954773
3	1	1.02634596825
3	1	1.06612205505
3	1	1.15897583961
3	1	0.613084077835
3	1	1.34590005875
3	1	0.599478006363
3	0	0.746136188507
3	1	0.599534034729
3	1	0.773215055466
3	1	0.573446989059
3	1	0.906111955643
3	1	0.706046104431
3	1	0.533010005951
3	1	1.95915818214
3	1	0.559523105621
3	1	0.519575119019
3	1	1.2661459446
3	1	1.01286411285
3	1	0.546226978302
3	1	0.839519023895
3	1	0.546617031097
3	1	1.71905708313
3	1	0.546145915985
3	1	0.492859840393
3	1	0.532793045044
3	1	0.572805166245
3	1	0.559465885162
3	1	0.492849111557
3	0	5.06410717964
3	1	2.86514496803
4	1	1.05274415016
4	1	0.586405992508
4	1	1.46621704102
4	1	1.59943318367
4	1	0.62683391571
4	1	0.946115016937
4	1	1.97228908539
4	1	0.972794055939
4	1	0.986211061478
4	1	1.93235492706
4	1	1.45235490799
4	1	1.85233187675
4	1	0.532991886139
4	1	2.41218900681
4	1	1.31904315948
4	1	1.07953810692
4	1	1.70565199852
4	1	0.66622209549
4	0	0.679652929306
4	1	0.666239023209
4	1	0.6000020504
4	1	0.533462047577
4	1	0.653327941895
4	1	1.8790230751
4	1	0.546308040619
4	1	1.7056479454
4	1	0.573246002197
4	1	0.573374032974
4	1	0.573195934296
4	1	1.06603598595
4	1	0.572755098343
4	1	1.71906709671
4	1	0.533312082291
4	1	0.55996799469
4	1	0.586699962616
4	1	0.639763832092
4	1	1.30623006821
4	1	1.15950584412
4	1	0.54640007019
4	1	1.49278402328
4	1	1.87949180603
4	1	3.31852507591
4	1	4.67804288864
4	1	1.02608680725
4	1	0.626470088959
4	1	2.70562505722
4	0	1.5061480999
4	1	1.03943395615
4	1	0.532733917236
4	1	1.18558883667
4	1	0.959491968155
4	1	0.799894094467
4	0	1.13283991814
4	1	0.626640081406
4	1	1.09289693832
4	1	0.906154155731
4	1	1.46617221832
4	0	0.932649850845
4	1	0.626121997833
4	1	0.759524106979
4	1	0.653062105179
4	1	0.70659995079
4	1	0.599884033203
4	1	0.572715044022
4	1	1.03953194618
4	1	4.26472592354
4	1	0.879513025284
4	1	1.25291895866
4	0	4.90453505516
4	1	2.81183791161
4	1	4.30421304703
4	1	0.932792186737
4	1	1.03933000565
4	1	0.972932100296
4	1	0.613254070282
4	1	1.6261279583
4	1	2.46560287476
4	1	0.932813882828
4	1	0.586217880249
4	1	0.732870817184
4	0	0.866529941559
4	1	1.79908394814
4	1	1.5056810379
4	0	1.07945799828
4	1	1.69258308411
4	1	0.679529905319
4	1	0.626241922379
4	1	1.15920495987
4	1	1.5457470417
4	1	0.586148023605
4	1	0.692799091339
4	1	0.745981931686
4	1	0.706714868546
4	1	0.706281900406
4	1	0.59956407547
4	0	0.50611114502
4	1	0.626152992249
4	1	0.746249198914
4	1	1.66616606712
4	1	0.600029945374
4	1	0.626643180847
4	1	0.986152172089
4	1	1.11898207664
4	0	4.02458906174
4	1	1.11950397491
4	1	1.15951180458
4	1	0.972927093506
4	1	0.746153116226
4	1	0.640035152435
4	1	1.17671203613
4	1	0.595751047134
4	1	0.643498897552
4	0	0.873117923737
4	1	0.459322929382
4	1	0.647912979126
4	1	0.472656965256
4	1	0.469073057175
4	1	0.410502195358
4	1	0.42592215538
4	1	0.546953201294
4	0	0.40983581543
4	1	0.579436063766
4	1	0.460294961929
4	1	0.530575990677
4	0	0.5998711586
4	1	0.612374782562
4	1	1.26529216766
4	1	1.17128396034
4	0	1.93814396858
4	1	0.546500921249
4	1	0.42395401001
4	1	0.662007808685
4	1	0.526747941971
4	1	0.467607975006
4	1	0.52995800972
4	1	0.490579128265
4	1	1.22879290581
4	0	0.628196954727
4	1	0.487888097763
4	1	0.635271072388
4	0	0.946307897568
4	1	1.90511512756
4	1	1.85965013504
4	1	1.13144087791
4	1	0.659408092499
4	0	1.60959601402
4	1	0.882685184479
4	1	1.85802602768
4	1	1.7322769165
4	1	1.24331688881
4	1	0.882447957993
4	1	0.514503955841
4	0	1.95422196388
4	1	0.626292943954
4	1	1.65113520622
4	1	0.92927312851
4	1	0.556895017624
4	1	0.519653081894
4	1	0.613873958588
4	1	0.6804459095
4	1	0.508151054382
4	1	0.968327045441
4	1	0.484625816345
4	0	0.986625909805
4	1	0.71301484108
4	1	0.669456005096
4	1	0.680708885193
4	1	0.54013299942
4	1	0.691174983978
4	1	0.510060071945
4	1	0.539594173431
4	1	0.492491960526
4	1	0.449834108353
4	0	0.522260904312
4	1	0.483756065369
4	1	0.506650924683
4	0	0.673060178757
4	1	0.452927112579
4	1	0.559908151627
4	1	0.594945907593
4	1	0.636088132858
4	1	1.05008077621
4	1	0.795606136322
4	0	1.36324310303
4	1	0.768256187439
4	1	0.730365037918
4	1	0.676989078522
4	1	0.50493311882
4	1	0.585564851761
4	1	0.737309932709
4	1	0.517829179764
4	1	0.552461147308
4	1	0.564263105392
4	0	0.840264081955
4	1	0.540060997009
4	1	0.760685920715
4	1	0.682146072388
4	1	1.20339202881
4	0	0.732928991318
4	1	0.534993886948
4	1	1.49787688255
4	1	0.492399930954
4	1	0.48127412796
4	1	0.426049947739
4	1	0.603348970413
4	1	0.450171947479
4	1	0.411988973618
4	1	0.464477062225
4	1	0.430036067963
4	1	0.432035923004
4	1	0.388765096664
4	1	0.5768430233
4	1	0.402178049088
4	1	0.506248950958
4	0	0.620609998703
4	0	0.898332834244
4	1	0.475615024567
4	1	0.64842414856
4	1	0.857980966568
4	1	1.03462696075
4	1	0.514045000076
4	1	0.547122955322
4	1	0.65783905983
4	1	0.516041040421
4	1	0.690375089645
4	1	0.955749988556
4	1	0.922950983047
4	1	0.465453147888
4	0	1.09918904305
4	1	0.621690034866
4	1	0.457448005676
4	1	0.436055183411
4	1	0.598903179169
4	1	0.468137979507
4	1	0.474935054779
4	1	1.08274912834
4	1	0.753452062607
4	1	0.521650075912
4	1	0.698333978653
4	1	0.620048999786
4	1	2.02474498749
4	1	0.530495882034
4	1	0.483973026276
7	0	2.50227594376
8	1	0.567631006241
7	1	0.913056135178
7	0	1.18684697151
8	1	0.76854801178
8	1	0.508218050003
7	1	0.511698961258
7	1	0.837466955185
7	1	0.569391012192
7	1	0.522566080093
7	1	0.433586120605
8	1	1.13088703156
8	1	0.443050146103
8	1	1.01046085358
8	1	0.530742883682
7	1	0.41697716713
8	1	0.569607019424
8	1	0.811111211777
7	1	0.441076040268
7	1	0.403189897537
7	1	0.467096090317
8	1	0.395159006119
8	1	0.392540216446
8	1	0.428276062012
7	1	0.416813850403
8	1	0.578960180283
8	1	0.428582906723
7	1	0.546965837479
7	1	0.434505939484
8	1	0.380167007446
7	1	0.449723005295
7	1	1.0600271225
7	1	0.41671204567
7	1	0.402486085892
7	1	0.74657201767
7	1	0.411715984344
8	1	0.377089977264
8	1	0.56325006485
7	1	0.442892074585
7	1	0.403435945511
7	1	0.522466897964
8	1	0.491550922394
8	1	0.495751857758
7	1	0.451892137527
7	1	0.570715904236
7	1	0.818405151367
7	0	0.516930818558
8	1	0.473476886749
8	1	0.564327955246
7	1	0.480446100235
7	1	0.429286956787
7	1	0.432775974274
8	1	0.324307918549
8	1	0.370497941971
7	1	0.300873994827
8	1	0.328444957733
8	1	0.516905069351
8	1	0.402151107788
7	1	0.37849187851
8	1	0.385056972504
7	1	0.474236965179
8	1	0.922972917557
7	1	0.434664011002
8	1	0.393601894379
7	1	0.771099090576
7	1	0.510547876358
8	1	0.452697992325
8	1	1.05121397972
8	1	0.74515914917
7	1	0.769173145294
8	1	0.829808950424
8	0	0.800870895386
8	1	0.387063980103
8	1	0.707191944122
7	1	0.64061498642
8	0	1.56092000008
7	0	0.697927951813
8	1	0.481976985931
8	1	0.40837597847
8	1	0.482831954956
8	1	0.379952907562
7	1	0.379323005676
8	1	0.347179174423
7	1	0.770365953445
8	1	0.393866062164
8	1	0.312288999557
7	1	0.293510913849
8	1	0.279808044434
8	1	0.299330949783
7	1	0.330951929092
8	1	0.438797950745
7	1	0.421763181686
8	1	0.41842007637
8	1	0.418495893478
7	1	0.368860006332
7	1	0.387948989868
8	1	0.385493993759
7	1	0.531826019287
8	1	0.377640008926
7	1	0.418667078018
8	1	0.426918983459
8	1	1.04133200645
7	1	0.39622092247
8	1	0.46026301384
7	1	0.57532286644
7	1	0.442111968994
8	1	0.458535909653
8	1	0.394050836563
8	1	0.411620140076
7	1	0.442883968353
8	1	0.323372125626
7	1	0.320615053177
7	1	0.513616800308
7	1	0.378463029861
8	1	0.353389024734
7	1	0.314834833145
7	0	0.371638059616
7	1	0.419654130936
8	1	0.345602989197
7	1	0.449671983719
7	1	0.554207086563
8	1	0.395470142365
8	1	0.354188919067
7	1	0.425570964813
7	1	0.532388925552
8	1	0.42726111412
7	1	0.304929971695
7	1	0.385931968689
8	1	0.440715074539
8	1	0.420172929764
8	1	0.417129993439
8	1	0.386826992035
7	0	0.402056932449
8	1	0.370322942734
7	1	0.481158971786
7	1	0.378085851669
7	1	0.610197782516
8	1	0.418500900269
8	1	0.457295894623
8	1	0.355828046799
8	1	0.516835212708
8	1	0.445634841919
8	1	0.413620948792
7	1	0.405529022217
8	1	0.52232503891
7	1	0.417462110519
8	1	0.426647901535
8	1	0.497641801834
8	1	0.851673841476
8	1	0.361218929291
8	1	0.714301109314
8	1	0.386219978333
7	0	0.890831947327
7	1	0.554039001465
8	1	0.378470897675
7	1	0.515856981277
7	1	0.363682985306
7	0	0.34633398056
7	1	0.784065008163
7	1	0.48439002037
7	1	0.530483007431
7	0	0.610265016556
7	1	0.394427061081
8	1	0.564060926437
7	0	2.1451010704
8	1	0.569921970367
7	1	0.508574008942
7	1	0.496830940247
7	1	0.443424940109
7	1	0.410145044327
8	1	0.466415882111
7	1	0.412616968155
7	1	0.39390707016
8	1	0.451359987259
8	1	0.384205102921
7	1	0.380748987198
7	1	0.377954959869
8	1	0.33152794838
8	1	0.45779800415
8	1	0.444385051727
8	1	0.392515897751
8	1	0.410896062851
7	1	0.369890928268
8	1	0.298542022705
8	1	0.387960910797
7	1	0.394238948822
7	1	0.425630807877
8	1	0.364718914032
7	1	0.444105863571
7	1	0.304075956345
7	1	0.428332805634
8	1	0.387368917465
8	1	0.337547063828
7	1	0.364011049271
7	0	0.346848011017
8	1	0.328803062439
7	1	0.426873922348
7	0	0.337068080902
8	1	0.378885030746
8	1	0.340115070343
7	1	0.353717088699
7	1	0.45693397522
8	1	0.492691040039
8	1	0.412092924118
8	1	0.389106035233
7	1	0.675817012787
7	1	0.386721134186
7	1	0.490162134171
8	1	0.395206928253
8	1	0.370694160461
7	1	0.451233148575
8	1	0.366698026657
8	1	0.387867927551
8	1	0.553712844849
7	1	0.396305084229
7	1	0.419090986252
8	1	0.396366834641
8	1	0.54265999794
7	1	1.26719021797
7	1	0.433417081833
8	1	0.393288850784
7	1	0.556259870529
7	1	0.491897106171
7	1	0.37730884552
8	1	0.420114040375
7	1	0.426037073135
7	1	0.356183052063
7	1	0.417562007904
7	1	0.532103061676
7	1	0.39319896698
7	1	0.395548820496
8	1	0.377944946289
8	0	0.376061916351
7	1	0.36562204361
7	1	0.481073141098
7	1	0.388632059097
8	0	0.395625114441
7	1	0.409009933472
8	1	0.427720069885
7	1	0.380992889404
8	1	0.448666095734
8	1	0.39643406868
8	1	0.37664103508
7	1	0.37451004982
8	1	0.432412147522
8	1	0.384737968445
8	1	0.381139039993
7	1	0.378970146179
7	1	0.345392942429
7	0	0.322505950928
7	1	0.419563055038
8	1	0.394211053848
8	1	0.402472019196
8	1	0.401113033295
7	1	0.432346105576
7	1	0.384608030319
7	1	0.620747089386
7	1	0.442033052444
8	1	0.425555944443
7	0	0.425549030304
7	1	0.525293111801
7	1	0.417356014252
7	1	0.404616832733
8	1	0.33042216301
7	1	1.49716997147
7	1	0.429418087006
8	1	0.450746059418
7	1	1.47911095619
7	1	0.729863882065
8	1	0.466902017593
8	1	0.690095186234
8	1	0.434133052826
7	1	1.58653306961
8	1	0.89901304245
8	1	0.492819070816
7	1	0.498832941055
7	1	0.441190958023
8	1	0.492280960083
8	1	0.45826792717
8	1	0.490644931793
8	1	0.506235837936
8	1	0.36315202713
8	1	0.385480880737
8	1	0.362571954727
7	0	0.819020032883
7	1	0.428278923035
7	1	0.459108829498
8	1	0.399689912796
8	1	0.427294969559
8	1	0.436163902283
7	1	0.410864114761
7	1	0.352113008499
7	1	0.341511011124
8	1	0.353456020355
8	1	0.577887058258
8	1	0.403580904007
8	1	0.520040035248
7	1	0.418079137802
7	1	0.357516050339
2	1	0.867480993271
2	1	0.460066080093
2	1	0.371118783951
2	1	0.384942054749
2	1	0.362154006958
2	1	0.34694981575
2	1	0.47367310524
2	1	0.428146123886
2	1	0.537108898163
2	1	0.361531972885
2	1	1.95222401619
2	1	0.397222042084
2	1	0.482378959656
2	1	1.82513594627
2	1	0.43711400032
2	1	2.04870820045
2	1	1.6394469738
2	0	1.94711303711
2	0	0.436083078384
2	1	0.52923989296
2	1	0.469095945358
2	1	0.762041091919
2	1	1.15352392197
2	1	0.604726791382
2	1	1.17044496536
2	1	0.534590959549
2	1	1.25958704948
2	1	0.503377914429
2	1	0.409279108047
2	1	0.460850954056
2	0	0.418632030487
2	1	0.449976921082
2	1	0.451013088226
2	1	0.497443199158
2	1	0.432979106903
2	1	0.521820068359
2	1	0.387747049332
2	1	0.419518947601
2	1	0.416020154953
2	1	0.578665018082
2	1	0.418648958206
2	1	0.524352788925
2	1	0.435966014862
2	1	0.393145084381
2	1	0.412644863129
2	1	0.394049882889
2	1	0.5473549366
2	1	0.443598985672
2	1	0.400704145432
2	1	0.473767995834
2	1	0.452147006989
2	1	0.369181871414
2	1	0.474885940552
2	1	0.49866604805
2	1	0.416630029678
2	0	1.40966510773
2	1	0.721837043762
2	1	0.428005933762
2	1	0.448822975159
2	1	0.460715055466
2	1	0.5777759552
2	1	0.400635957718
2	1	0.387211084366
2	1	0.443959951401
2	1	0.410172939301
2	0	0.610599994659
2	0	0.442386865616
2	1	1.75494480133
2	1	2.10672903061
2	1	1.05783891678
2	1	1.09955096245
2	1	0.433485984802
2	0	0.388013124466
2	1	1.59560489655
2	1	1.81824994087
2	1	0.576596975327
2	1	0.60361790657
2	1	0.402255058289
2	1	0.395906925201
2	1	0.505935907364
2	1	0.375648975372
2	1	0.445082902908
2	1	0.466446876526
2	1	0.865020990372
2	1	0.451963186264
2	1	0.540843963623
2	1	0.417896986008
2	1	0.401574850082
2	1	0.380134820938
2	1	0.745245933533
2	1	0.371412038803
2	1	0.410080194473
2	1	0.435791969299
2	1	0.553452968597
2	1	0.475259065628
2	1	0.394505023956
2	1	0.443554162979
2	1	0.417464017868
2	1	0.530803918839
2	1	0.418391942978
2	1	0.436097860336
2	1	0.36946105957
2	1	0.482234954834
2	1	0.385673046112
2	1	0.386184930801
2	1	0.41318488121
2	1	0.425739049911
2	1	0.352995872498
2	0	0.347790956497
2	1	0.76918888092
2	1	0.419250011444
2	1	0.499305009842
2	1	0.378639936447
2	1	0.482638120651
2	1	0.347074985504
2	1	0.434334993362
2	1	0.395900964737
2	1	0.337355136871
2	1	0.37925195694
2	1	0.410166978836
2	1	0.769628047943
2	1	0.332329034805
2	1	0.530406951904
2	1	0.428886890411
2	1	0.418766021729
2	1	1.21596813202
2	1	0.533628940582
2	1	0.458194971085
2	1	0.466861009598
2	1	0.544313907623
2	1	0.435240030289
2	1	0.38842010498
2	0	0.432571172714
2	0	0.449872970581
2	1	1.61142492294
2	1	1.00438785553
2	1	0.344777107239
2	1	0.515026092529
2	1	0.385696172714
2	1	0.41844201088
2	1	0.498674869537
2	1	1.0979411602
3	1	0.653028964996
3	1	0.458365917206
3	1	0.459258079529
3	1	0.418459892273
3	1	0.503411054611
3	1	0.444171905518
3	1	0.34765291214
3	0	0.38595700264
3	1	0.419629096985
3	0	0.366636991501
3	1	0.394654035568
3	1	0.411741018295
3	1	0.410809993744
3	1	0.377617120743
3	1	0.43569111824
3	1	0.579078912735
3	1	0.507052183151
3	0	0.416062116623
3	1	0.409697055817
3	1	0.547116041183
3	1	0.45899105072
3	1	0.410295009613
3	1	0.388113021851
3	0	0.377725839615
3	1	0.419398069382
3	1	0.448851108551
3	1	0.602926969528
3	1	0.475991010666
3	1	0.891020059586
3	1	0.433370113373
3	1	0.386126995087
3	1	0.362319946289
3	1	0.537333965302
3	0	1.72271609306
3	1	1.32297706604
3	1	0.496644020081
3	1	0.427348852158
3	1	0.443571090698
3	1	0.426724910736
3	1	0.913557052612
3	1	0.39449596405
3	1	0.371706962585
3	1	0.393317937851
3	1	0.378810167313
3	1	0.39564704895
3	1	0.364290952682
3	1	0.439888954163
3	1	0.440806150436
3	1	0.418517827988
3	1	0.420898914337
3	1	0.392059087753
3	1	0.443447828293
3	1	0.386521100998
3	1	0.388161897659
3	1	0.441071987152
3	0	0.393779039383
3	1	0.378575086594
3	1	0.387891054153
3	1	0.395100831985
3	0	0.418531894684
3	1	0.448045015335
3	1	0.433274030685
3	1	0.426697969437
3	1	0.354925870895
3	1	0.436378955841
3	1	0.496846199036
3	1	0.458865880966
3	1	0.435405015945
3	1	0.396575212479
3	1	0.297693967819
3	1	0.37983417511
3	1	0.346030950546
3	1	0.300894975662
3	1	0.329924821854
3	1	0.778945922852
3	1	0.42407989502
3	1	0.443570137024
3	1	0.400336027145
3	1	0.48219203949
3	1	0.444248914719
3	1	0.369841814041
3	1	0.428058862686
3	1	0.396102905273
3	1	0.377997875214
3	1	0.473649024963
3	1	0.376508951187
3	1	0.408560037613
3	1	0.357199192047
3	1	0.321042060852
3	1	0.505579948425
3	1	0.402478933334
3	1	0.403346061707
3	1	0.562212944031
3	1	0.475321054459
3	1	0.515299081802
3	1	0.402675867081
3	0	0.658453226089
3	1	0.40921497345
3	1	0.507658958435
3	1	0.482363939285
3	1	0.452301979065
3	1	0.473642110825
3	1	0.492530107498
3	1	0.393312931061
3	1	0.522449016571
3	1	0.588242053986
3	1	0.386361122131
3	1	0.513458967209
3	0	0.786430835724
3	1	0.452454805374
3	0	0.585725069046
3	1	0.515774011612
3	0	1.33829879761
3	1	0.634793043137
3	1	0.445027112961
3	1	0.355036973953
3	1	0.392656087875
3	1	0.347620010376
3	0	0.386307954788
3	1	1.88626909256
3	1	0.392891168594
3	1	0.387813091278
3	1	0.341573953629
3	0	0.299865007401
3	1	0.393177986145
3	1	0.40371799469
3	1	0.339362859726
3	0	0.356428861618
3	1	0.455902814865
3	1	0.437371015549
3	1	1.23301100731
3	1	0.449773073196
3	1	0.553942918777
3	1	0.405068159103
3	1	0.386402130127
3	1	0.362990140915
3	1	0.404165029526
3	1	0.40057516098
3	1	0.443399906158
3	1	0.499642848969
3	1	0.383632183075
3	1	0.491480827332
3	1	0.351779937744
3	1	0.490731954575
3	1	0.41990685463
3	0	0.344805002213
3	0	0.483480930328
3	1	0.513370990753
3	1	0.387265920639
3	1	0.42854809761
3	1	0.462450027466
6	1	0.779307126999
5	1	0.435229063034
5	1	0.402163982391
6	1	0.346138954163
6	1	0.355023860931
5	1	0.355275154114
5	1	0.320764064789
6	1	0.265675067902
5	0	0.330779075623
5	0	2.24150800705
5	1	0.404044866562
5	1	0.930835962296
5	1	0.555024147034
5	1	0.49705696106
5	1	0.451497077942
6	1	0.473020076752
5	1	0.377553939819
5	1	0.379867076874
6	1	0.423248052597
6	1	0.364645004272
6	1	0.38601899147
6	1	0.367246866226
5	0	0.329472064972
6	1	0.548944950104
6	1	0.425703048706
5	1	0.378217935562
5	1	0.492404937744
5	1	0.423279047012
5	1	0.40478181839
5	1	0.385936975479
5	1	0.405495882034
5	1	0.631859064102
5	1	0.421173810959
6	1	0.3850710392
5	1	0.451984882355
5	1	0.322714805603
5	1	0.433218002319
6	1	0.386489152908
6	1	0.346120119095
5	1	0.412111997604
6	1	0.48256778717
6	1	0.370699167252
5	1	0.472128152847
6	1	0.468352079391
5	1	0.410050153732
5	1	0.481696128845
5	1	0.379036903381
6	1	0.523144006729
6	1	0.411861896515
6	1	0.56929898262
5	1	0.392753124237
6	1	0.493793964386
6	1	0.386590003967
5	1	1.9363489151
5	1	0.363000869751
5	1	0.396322011948
6	1	0.368804931641
5	1	0.364197015762
5	0	0.346216917038
6	1	0.451127052307
5	1	0.407954931259
5	1	0.426541090012
5	1	0.362178087234
5	1	1.58914089203
6	1	0.424968957901
6	1	0.508013963699
5	1	0.512173891068
6	1	0.436482906342
6	1	0.482156038284
6	1	0.385626077652
6	1	0.888868093491
5	1	1.56244206429
6	1	0.435087919235
6	1	0.94832611084
5	1	0.457843065262
6	1	0.490885019302
5	0	0.569947957993
6	1	0.835298061371
6	0	0.888957977295
6	1	1.02921509743
5	1	0.464001178741
5	1	0.475610971451
6	1	0.458280086517
5	0	0.455920934677
6	1	0.643668889999
5	1	0.392824888229
5	1	0.420399904251
5	0	0.921943902969
5	1	0.674674034119
5	0	0.722425937653
6	1	0.489611148834
6	1	0.813088178635
5	1	0.393183946609
5	1	0.673400163651
6	1	0.498605966568
6	1	0.577023029327
5	1	0.47561788559
6	1	0.518143892288
5	1	0.400301933289
5	1	0.427773952484
5	1	0.480922937393
5	1	0.48527598381
6	1	0.488845825195
5	1	0.507402896881
6	1	0.403357982635
6	1	0.432598114014
6	1	0.657472133636
5	1	0.449876070023
6	1	0.467015981674
6	0	0.779464006424
5	1	0.458574056625
5	1	0.442198991776
6	1	0.443674087524
5	1	0.471607923508
6	1	0.450723171234
5	1	0.426880121231
5	1	0.503754854202
6	1	0.426182985306
5	1	0.446093082428
6	1	0.882673978806
5	1	0.48222899437
6	1	0.395961046219
6	1	0.464786052704
5	1	0.435775995255
5	0	0.496074914932
5	1	0.429545879364
6	1	0.450532913208
5	1	0.409173965454
6	1	0.401937961578
6	1	0.428629875183
5	1	0.458044052124
5	1	0.394160985947
6	1	0.292532920837
5	0	0.490624904633
5	1	0.401757001877
6	1	0.449226856232
5	1	0.516143083572
5	1	0.536369085312
6	1	0.417134046555
6	1	0.40961098671
6	1	0.53838801384
6	1	1.4014570713
5	1	0.548735141754
5	1	0.465627908707
5	1	0.460249900818
6	1	0.45658493042
6	0	0.660588026047
5	1	1.27370715141
5	1	0.394747018814
6	1	0.468280076981
5	1	0.443135023117
6	1	0.473182916641
6	1	0.441899061203
5	1	0.426228046417
5	1	0.491131067276
6	1	0.465216875076
5	1	0.468138933182
5	1	1.41006493568
5	1	0.459422826767
6	1	0.497531890869
6	1	0.443284988403
5	1	1.04888916016
5	1	0.459438085556
6	1	0.452341079712
6	1	0.400497198105
5	1	0.436813831329
5	1	0.583750009537
6	1	0.443983078003
5	1	0.338178873062
6	1	0.436667919159
6	1	0.408854961395
6	0	0.413043022156
5	1	0.505434989929
6	1	0.437222003937
5	1	1.51274085045
5	1	0.419107913971
6	0	0.718403816223
6	1	0.519339799881
5	1	2.03542399406
6	1	0.439992904663
5	1	0.691931962967
5	1	0.795722007751
5	1	0.490581989288
6	1	0.411862850189
5	1	0.418111085892
5	1	0.426153898239
5	1	0.409456968307
5	1	0.515012025833
6	1	0.450789928436
6	1	0.392105102539
5	1	0.360836982727
6	0	0.41964507103
5	1	0.423268079758
6	1	2.14614915848
5	1	0.44252204895
5	1	0.429022073746
5	1	0.514340162277
6	1	0.530196905136
6	1	0.450758934021
5	1	0.443838119507
5	1	0.476398944855
6	1	0.617094993591
6	1	0.688911914825
5	1	0.433506965637
5	1	0.45795083046
5	1	0.372725009918
6	1	0.320641994476
6	0	0.330585002899
5	0	0.595392227173
6	1	0.59376502037
5	1	0.490406036377
6	1	1.01829600334
5	1	1.27566003799
6	1	0.52262711525
5	1	0.465440034866
5	1	0.77941608429
6	1	0.507568120956
5	1	0.395318984985
6	1	0.604662895203
5	1	0.418753147125
6	1	0.513232946396
5	1	0.425770998001
6	1	0.396559000015
6	1	0.443941831589
6	1	0.290606021881
6	1	0.818201065063
6	1	0.850171804428
6	1	0.546059131622
6	0	0.368699073792
6	1	0.961023807526
5	1	0.539798021317
6	1	0.466794967651
5	1	0.857665061951
6	1	0.444478988647
5	0	0.473014116287
6	1	0.467105865479
5	1	0.497684001923
6	1	0.447685003281
5	1	1.17964196205
6	1	0.458081007004
5	1	0.51457285881
6	1	0.44852399826
5	1	0.476286888123
5	1	0.545573949814
6	0	0.384751796722
6	1	0.626126050949
6	0	0.371392965317
5	1	0.387051105499
5	1	0.410700082779
6	1	0.481464147568
6	1	0.591717004776
5	1	0.482755899429
5	1	0.378879070282
5	1	0.412951946259
6	1	0.398688077927
6	1	0.373071908951
6	1	0.363131999969
5	1	0.416953086853
6	1	0.579861164093
6	0	0.416808128357
5	1	1.21110796928
6	1	0.411182165146
6	1	0.386791944504
6	1	0.46652507782
5	1	0.418406009674
5	1	0.363620042801
6	1	0.387143135071
5	1	0.801809072495
5	0	0.49281001091
5	1	0.696746110916
6	1	0.40220284462
6	1	0.402029037476
6	1	0.465425014496
6	1	0.409017086029
6	1	0.435759067535
5	1	0.380892038345
6	1	0.393445968628
5	1	0.394494056702
5	1	0.39403796196
5	1	0.507847070694
6	1	0.37831401825
6	1	0.402378797531
6	1	0.373933792114
6	1	0.792593955994
5	1	0.435825824738
5	1	0.394186973572
6	1	0.388449907303
5	0	0.387269020081
5	1	0.849228858948
6	1	0.596068143845
6	1	0.458338022232
6	1	0.56303191185
5	1	1.28141713142
1	1	0.882738828659
1	1	0.445523023605
1	1	0.456627130508
1	1	0.436413049698
1	1	0.443485975266
1	1	0.442705154419
1	1	0.451460123062
1	1	0.353021144867
1	1	0.353254079819
1	1	0.365913152695
1	1	0.904479026794
1	1	0.433632850647
1	1	0.402364969254
1	1	0.404962062836
1	1	0.506000041962
1	0	0.411575078964
1	1	0.447995185852
1	1	0.506219863892
1	1	0.39825797081
1	1	0.407783985138
1	1	0.402163982391
1	1	0.450307130814
1	1	0.38510799408
1	1	0.401637077332
1	1	0.354434013367
1	1	0.397109031677
1	1	0.505898952484
1	1	0.467339992523
1	0	0.31481218338
1	1	0.407604932785
1	1	0.403584003448
1	1	0.426112174988
1	1	0.345586061478
1	1	0.469690084457
1	1	0.386437892914
1	1	0.330022096634
1	0	0.287748098373
1	1	0.398106098175
1	1	0.424754142761
1	0	0.395045995712
1	1	0.465558052063
1	1	0.385171890259
1	1	0.412272930145
1	1	0.914752006531
1	1	0.410127162933
1	1	0.481022119522
1	1	0.595652103424
1	1	0.408068180084
1	1	0.396319150925
1	1	0.371103048325
1	1	0.432090997696
1	1	0.368805170059
1	1	0.468287229538
1	1	0.401649951935
1	1	0.420116901398
1	1	1.08280396461
1	1	0.358371019363
1	1	0.554913043976
1	1	0.497047901154
1	1	0.80907201767
1	1	0.426509141922
1	1	0.570125102997
1	1	0.464272022247
1	1	0.465682983398
1	1	0.458585977554
1	1	0.45094203949
1	1	0.419862985611
1	1	0.818044900894
1	1	0.474411964417
1	1	0.488842010498
1	1	1.4649040699
1	1	0.501260042191
1	1	0.737766981125
1	1	0.880907058716
1	1	0.672610998154
1	1	0.451020956039
1	1	0.515995025635
1	1	0.644572019577
1	1	0.713379144669
1	1	0.40137720108
1	1	0.46112203598
1	1	0.376457214355
1	1	0.474476099014
1	0	0.500648975372
1	1	0.423514127731
1	1	0.427227020264
1	1	0.420005083084
1	1	0.495286941528
1	1	0.420230865479
1	1	0.427155971527
1	1	0.530171871185
1	1	0.402297973633
1	1	0.3800740242
1	1	0.459425926208
1	1	0.433687925339
1	1	0.45818400383
1	1	0.402359008789
1	1	0.435806035995
1	1	0.467180967331
1	1	0.680722951889
1	1	0.556027173996
1	1	0.37770986557
1	1	0.474429130554
1	1	0.421012878418
1	1	0.767644882202
1	1	0.347259998322
1	1	0.370469093323
1	0	0.394583940506
1	1	0.380329847336
1	1	0.468588113785
1	1	0.41045498848
1	1	0.428604125977
1	1	0.426004171371
1	1	0.335866928101
1	1	0.420172214508
1	1	0.435559034348
1	1	0.426440954208
1	0	0.385187864304
1	1	0.386700868607
1	1	0.515249967575
1	1	0.457533121109
1	1	0.417676925659
1	1	0.443238973618
1	0	0.394718170166
1	1	0.42603302002
1	1	0.473360061646
1	1	0.363842964172
1	1	0.420611143112
1	1	0.352299928665
1	1	0.452183961868
1	1	0.395443916321
1	1	0.339467048645
1	1	0.53616809845
1	1	1.47421979904
1	1	0.403630018234
1	1	1.00885891914
1	1	0.444530010223
1	1	0.432341814041
1	1	0.513375043869
1	1	0.418606996536
1	1	0.514579057693
1	1	0.530600070953
1	0	0.593724966049
1	1	0.420239210129
1	1	0.473200798035
1	1	0.523837089539
1	1	0.393630027771
1	1	0.499230861664
1	1	0.428328990936
1	1	0.514454126358
1	1	0.584300041199
3	1	1.13063097
3	1	0.457817077637
3	1	0.40282201767
3	1	0.425682067871
3	1	0.468975067139
3	1	0.442994832993
3	1	0.340848922729
3	1	0.354861974716
3	1	0.359803199768
3	1	0.459733009338
3	1	0.402819871902
3	1	0.386100053787
3	1	0.427060127258
3	1	0.50658416748
3	1	0.41813993454
3	0	0.388396978378
3	1	0.515871047974
3	1	0.44154381752
3	1	0.379917860031
3	1	0.372080087662
3	1	0.482089042664
3	1	0.384255170822
3	1	1.06114411354
3	1	0.555774927139
3	1	2.53779196739
3	1	1.2843439579
3	1	0.509010076523
3	1	0.40917301178
3	1	0.43563580513
3	0	0.379638910294
3	1	0.54557299614
3	1	0.371790885925
3	1	0.41056394577
3	1	0.418612003326
3	1	0.789168119431
3	1	0.610538005829
3	1	0.4996509552
3	1	0.498140096664
3	1	0.460633993149
3	1	0.506279945374
3	1	0.490684986115
3	1	0.426828145981
3	1	0.506144046783
3	1	0.473242044449
3	1	0.662309169769
3	1	0.450817108154
3	1	0.473122119904
3	1	0.548181056976
3	1	0.650345087051
3	1	1.13189101219
3	1	0.483719825745
3	1	0.633883953094
3	1	0.409409046173
3	1	0.388062953949
3	1	0.426054000854
3	1	0.404494047165
3	1	0.386554002762
3	1	0.642208099365
3	1	0.387649059296
3	1	0.387620925903
3	1	0.339169979095
3	1	0.395419120789
3	1	0.387567996979
3	1	0.37024307251
3	1	0.852365016937
3	1	0.562643051147
3	1	1.67272186279
3	1	0.412642002106
3	1	0.387525081635
3	1	0.376806974411
3	1	0.745551109314
3	1	0.436897039413
3	1	0.44165802002
3	1	0.362735033035
3	1	0.38746714592
3	1	0.49032998085
3	1	0.364470005035
3	1	0.369745969772
3	1	0.444543838501
3	1	0.433861970901
3	1	0.497715950012
3	1	0.381321191788
3	1	0.353950977325
3	0	2.01939797401
3	1	0.43630695343
3	1	0.404284954071
3	1	0.435690164566
3	1	2.00999903679
3	1	1.52354311943
3	1	0.465372085571
3	1	0.436846017838
3	1	0.393901109695
3	1	0.48096203804
3	1	0.498739004135
3	1	1.06956505775
3	1	0.417115211487
3	1	0.515465974808
3	1	0.822075128555
3	1	1.34724903107
3	1	0.498296976089
3	1	0.377823114395
3	1	0.379659175873
3	0	0.411247968674
3	1	0.523282051086
3	1	0.465242147446
3	1	0.41411280632
3	1	0.457159042358
3	1	0.53878903389
3	1	0.475692033768
3	1	0.50670003891
3	1	1.6187620163
3	1	0.443314790726
3	1	0.418018102646
3	1	0.539999961853
3	1	0.473526954651
3	1	0.47464299202
3	1	0.547950029373
3	1	0.620913982391
3	1	0.512136936188
3	1	0.756342172623
3	1	0.488407850266
3	0	0.490914106369
3	1	0.49905705452
3	1	0.436763048172
3	1	0.384724855423
3	1	0.513160943985
3	1	0.499899148941
3	1	0.427959918976
3	1	0.436621904373
3	1	0.46845293045
3	1	0.449678897858
3	1	0.514428138733
3	1	0.434917926788
3	0	0.419524908066
3	1	0.412217855453
3	1	1.25808620453
3	1	1.50743699074
3	1	0.427299976349
3	1	0.467705965042
3	1	0.459836959839
3	1	0.857909917831
3	1	0.450361013412
3	1	0.47495007515
3	1	1.79467511177
7	1	0.684816122055
8	1	0.47328209877
8	1	0.356708049774
8	1	0.427947044373
7	1	0.601763963699
7	1	0.682921886444
8	1	0.514668941498
7	1	0.450345039368
7	1	1.0189511776
8	1	0.402364015579
7	1	0.55491399765
7	1	0.42057299614
7	1	0.788240909576
7	1	0.460035085678
7	1	0.484131813049
7	1	1.94425392151
8	1	0.60248208046
8	1	0.82782793045
8	1	1.21213197708
8	1	1.16237807274
7	1	0.505318880081
7	1	0.70032286644
7	1	0.458173036575
8	1	0.469132184982
7	1	0.586338996887
8	1	0.540205001831
8	1	0.521435022354
7	1	0.474323987961
7	1	0.477017879486
7	1	0.762089014053
7	1	0.538942813873
8	1	0.392566919327
8	1	0.439045906067
7	1	0.511801958084
8	1	0.483747959137
7	1	0.429043054581
7	1	0.403019189835
7	1	0.481822013855
7	1	0.62707400322
7	1	0.427334070206
8	1	0.418586015701
7	1	0.410524845123
8	0	0.50651216507
7	1	0.460886955261
7	1	0.505718946457
7	1	0.490161895752
8	1	0.458691120148
8	1	0.426602125168
8	1	0.394830942154
8	1	0.483990192413
8	1	0.409446001053
7	1	0.499123096466
8	1	0.461055994034
8	1	0.434144973755
8	1	0.443456172943
8	1	0.427028179169
7	1	0.595646858215
8	1	0.866549968719
7	1	0.427744865417
7	1	0.443235874176
8	1	0.424708127975
8	1	0.372218847275
7	1	0.403713941574
8	1	0.421528816223
7	1	1.8981859684
8	1	0.563061952591
8	1	0.980083942413
7	1	1.77774190903
7	1	0.627784013748
7	1	1.90690302849
7	1	2.08169293404
7	1	0.957787036896
7	1	1.80201506615
7	1	0.674529075623
7	1	0.465739011765
8	1	1.17023420334
8	1	0.429122924805
8	1	0.593178987503
7	1	0.437548875809
7	1	0.449623823166
7	1	0.467876911163
8	1	0.683443069458
8	1	0.444169998169
8	1	0.595183849335
8	1	0.632858991623
8	1	0.435128927231
8	1	0.485748052597
8	1	0.490718126297
8	1	0.63449215889
8	1	0.530552864075
8	1	0.483480930328
7	1	0.401625156403
7	1	0.860898971558
8	1	0.45968914032
7	1	0.498569011688
7	1	1.90758895874
7	1	0.424195051193
8	1	0.45442700386
7	1	0.426992177963
8	1	0.529812097549
8	1	0.41942691803
7	1	0.755029916763
8	1	0.419177055359
7	0	2.04310297966
7	1	0.732146024704
7	1	0.44235086441
8	1	0.474850893021
8	1	0.428571939468
8	1	0.419059991837
8	1	0.427139043808
7	1	0.658101081848
7	1	0.412790060043
8	1	0.633615016937
7	1	1.07634210587
7	1	0.498565912247
7	1	0.609451055527
8	1	0.547214984894
8	1	0.428338050842
8	1	0.424529075623
7	1	0.564315080643
7	1	0.467754125595
8	1	0.523065090179
8	1	1.13599610329
7	1	0.532133102417
7	1	0.619249105453
8	1	0.468014955521
8	1	0.458909988403
7	1	0.897997140884
8	1	0.48319196701
8	1	0.509122133255
8	1	0.499497175217
7	1	1.53088879585
7	1	0.475428104401
8	1	0.48356795311
7	1	0.633880138397
8	1	0.674525976181
8	1	0.50762796402
7	1	0.659333944321
8	1	0.499027013779
7	1	0.459563016891
6	1	0.418705940247
6	1	0.386375904083
6	1	0.441495895386
5	1	0.364645957947
5	1	0.414069890976
6	1	0.448263168335
6	1	0.395953893661
5	1	0.419885158539
6	1	0.370588064194
5	0	0.354574918747
6	1	0.42104101181
5	1	0.475742101669
5	1	0.385115861893
6	1	0.420567989349
5	1	0.480777978897
5	1	0.370576858521
5	1	0.513695955276
6	1	0.387713909149
6	1	0.572416067123
5	1	0.512308120728
6	1	0.40277504921
6	1	0.341253042221
5	0	0.408800125122
6	1	0.40305018425
5	1	0.49783205986
5	1	0.358350038528
6	1	0.368816137314
6	1	0.434636116028
6	1	1.03723287582
6	1	0.457628011703
6	1	0.754526853561
5	1	0.557488203049
5	1	0.401471853256
5	1	0.481521129608
5	1	0.365871906281
5	1	0.370213985443
5	0	2.56309509277
6	1	0.386375904083
5	1	0.459089040756
5	1	0.411355018616
5	1	0.466907978058
6	1	0.394772052765
6	1	0.529927015305
6	1	0.458641052246
6	1	0.580060005188
5	1	1.02579808235
5	1	0.41205406189
5	1	0.531160831451
6	1	1.15487289429
6	1	0.533205986023
5	1	0.489403963089
5	1	0.596199035645
5	1	1.16929507256
6	1	0.378888130188
6	0	0.403340101242
6	1	0.403352022171
6	1	0.497465133667
5	1	0.420047998428
6	1	0.465577125549
6	1	0.68257689476
6	1	0.971651077271
5	1	0.394649982452
5	1	0.635508060455
6	0	0.513836860657
5	1	0.411582946777
5	1	0.747625827789
5	1	0.496328115463
5	1	0.413349866867
5	1	0.492043018341
5	1	0.569890975952
6	1	0.626700878143
5	1	0.554702043533
5	1	0.498731136322
5	1	0.481742143631
5	0	0.557709932327
6	1	0.460105895996
6	1	0.426311969757
6	1	0.459472179413
5	1	0.491177797318
5	1	0.467288970947
6	1	0.611837148666
5	1	0.955899953842
5	1	0.464694023132
6	1	0.443495988846
5	0	0.649877071381
5	1	0.436820030212
5	1	0.747282981873
5	0	3.32424688339
5	0	0.42528295517
5	1	0.461029052734
5	1	0.473514080048
5	1	2.18064117432
5	1	0.539803028107
6	1	0.465786218643
6	1	0.427869796753
6	1	0.388099908829
5	1	0.746863126755
5	1	0.3956990242
5	1	0.363674163818
5	0	0.367974996567
5	1	0.532953023911
6	1	0.410215854645
5	1	0.867060184479
5	1	1.82546305656
6	1	0.461649894714
5	1	1.28214097023
6	1	1.09177088737
5	1	0.899442911148
6	1	0.779597997665
5	1	2.18636202812
6	1	1.13025712967
6	1	0.789673089981
6	0	4.75386500359
5	1	0.491087913513
5	1	0.467926025391
6	1	0.501234054565
6	1	0.595996141434
6	1	3.99279785156
5	1	0.996382951736
5	1	0.777902841568
5	1	0.402890920639
5	1	0.402070999146
6	1	0.995087146759
6	1	0.619808912277
6	1	2.8663289547
6	1	0.484543085098
5	1	0.475505828857
5	1	0.535478115082
5	1	3.27653002739
5	1	0.645159959793
5	1	0.498059034348
6	1	0.523419857025
6	1	0.996037960052
6	1	1.12347817421
6	1	0.984558105469
5	1	0.908198833466
5	1	0.705955028534
6	1	0.428112030029
6	1	0.443277835846
5	1	0.435074090958
5	1	0.683662891388
6	1	0.451375961304
5	1	0.515434980392
5	1	0.394237995148
6	1	0.594608068466
5	1	0.468104124069
6	1	0.450205087662
5	1	0.592749118805
5	1	0.572390079498
6	1	0.50041103363
5	1	0.490437030792
6	1	0.520688056946
6	1	0.538246870041
5	1	0.50758600235
6	0	0.908410072327
5	1	1.27459406853
5	1	0.420161962509
6	1	0.411304950714
5	1	0.512723922729
6	1	0.458461046219
5	1	0.468327999115
6	1	0.434501886368
5	1	0.442581176758
6	0	0.809062957764
5	1	0.435106039047
5	1	0.556571006775
6	1	0.457594871521
6	1	0.507313013077
6	1	0.467949867249
6	1	0.432885169983
5	1	0.71687912941
6	1	0.457022190094
6	1	0.477136135101
5	0	0.577900886536
6	1	0.53999209404
6	1	0.467353105545
6	0	0.443439006805
6	1	0.818279027939
5	1	0.441637039185
6	1	0.451913118362
6	1	1.00263309479
6	1	0.47638297081
5	1	1.05922317505
5	1	0.585122108459
5	1	0.626768112183
5	1	0.444563865662
6	1	0.595795154572
6	1	0.704533100128
6	1	0.508452892303
6	1	1.88922405243
6	1	1.28496813774
5	1	0.587951183319
5	1	1.10642790794
5	1	0.801516056061
5	1	0.750092983246
6	1	0.530616998672
5	1	0.448810100555
6	1	0.540388822556
5	1	0.641425132751
6	1	0.499529123306
5	1	0.477072954178
5	1	0.434177160263
6	1	0.563215017319
5	1	0.443288803101
6	1	0.458626031876
6	1	0.460232973099
6	1	0.497653007507
6	1	0.756220817566
6	1	0.441721916199
6	1	0.547758817673
5	1	0.546493053436
6	0	1.42058801651
6	1	0.523960113525
5	1	0.548079013824
5	1	0.401957035065
6	1	0.370502948761
6	0	0.485529899597
5	1	0.531088829041
5	1	0.529857873917
5	1	0.438061952591
5	1	0.393352031708
6	0	0.602385997772
5	1	0.620045900345
6	1	0.473989009857
6	1	0.436706066132
5	1	0.714715003967
5	1	3.82757616043
5	1	0.498686075211
5	1	0.587224960327
5	1	1.29849600792
5	1	0.514326095581
5	1	5.46715116501
6	1	0.707989931107
6	1	0.523514032364
5	1	0.513635158539
6	1	0.547214984894
5	1	0.506828069687
6	1	0.465271949768
6	1	1.12282896042
6	1	0.715857982635
6	1	0.57980298996
5	1	0.81650686264
5	1	0.844972133636
5	1	1.1061398983
6	1	1.66772508621
6	1	0.795141935349
6	0	0.562207937241
6	1	0.451841115952
5	1	2.27519798279
5	1	1.08327198029
5	1	0.769972085953
6	1	0.386153936386
6	1	0.40389585495
5	0	0.357267141342
6	1	0.427076101303
6	1	0.37744307518
5	1	0.580614805222
5	1	0.545140981674
6	1	0.442698955536
5	1	0.980187892914
6	0	0.400799036026
6	0	0.707889080048
6	1	0.426598072052
5	1	0.706286907196
5	1	0.442986011505
6	1	0.394721984863
5	1	0.491662025452
5	1	0.49224281311
6	1	0.34908914566
6	1	0.673748016357
5	1	1.11423993111
6	1	1.06871509552
1	1	0.773437976837
1	1	1.32346105576
1	1	0.530092000961
1	1	0.845437049866
1	1	0.456733942032
1	1	0.474916934967
1	1	0.420091867447
1	1	0.370805978775
1	1	0.453566789627
1	1	0.482409000397
1	1	0.442065000534
1	1	0.538087844849
1	1	0.548732995987
1	1	1.20995092392
1	1	0.506135940552
1	0	0.835738897324
1	1	0.42059803009
1	1	0.499089956284
1	1	0.448689937592
1	1	0.667226791382
1	1	1.32268095016
1	1	0.451409101486
1	1	0.947597026825
1	1	0.443450927734
1	1	2.34535288811
1	1	0.540942907333
1	1	0.466645002365
1	1	0.513792991638
1	1	0.683104038239
1	1	1.66580700874
1	1	0.499622106552
1	1	0.955168962479
1	0	0.932543992996
1	1	0.392303943634
1	1	0.482019901276
1	1	0.47699213028
1	1	2.20269203186
1	0	0.492552042007
1	1	0.698596954346
1	1	0.476065158844
1	1	0.529900074005
1	1	0.565366029739
1	1	3.94672417641
1	1	0.443372011185
1	1	0.532346010208
1	0	1.03526997566
1	1	0.401219844818
1	1	0.627161026001
1	0	1.46049809456
1	1	1.5244538784
1	1	0.568866014481
1	1	0.733115911484
1	1	5.4987680912
1	1	0.507323026657
1	1	0.826413154602
1	0	0.644936084747
1	0	0.936835050583
1	1	0.492094993591
1	1	0.481467962265
1	1	0.450272798538
1	1	0.419491052628
1	1	0.387887954712
1	1	0.506236076355
1	1	0.387400865555
1	1	0.586449861526
1	1	1.73109793663
1	1	0.457519054413
1	1	0.713983058929
1	1	4.95557403564
1	1	0.45081615448
1	1	0.377390146255
1	0	0.550237178802
1	0	0.568925857544
1	1	2.80272102356
1	1	0.636238098145
1	1	6.05168390274
1	1	0.402369976044
1	1	0.794363975525
1	1	0.421318054199
1	1	0.761670827866
1	1	1.33166909218
1	1	5.36469388008
1	1	0.418142080307
1	0	0.202275037766
1	1	0.540037870407
1	1	0.442309856415
1	0	6.54126095772
1	1	0.394438028336
1	1	0.426842927933
1	1	0.483273029327
1	1	1.09191608429
1	1	0.633620977402
1	1	0.578648090363
1	1	1.36440300941
1	1	0.403205156326
1	1	0.50817990303
1	1	0.690654993057
1	0	6.25295591354
1	1	0.593404054642
1	1	0.511790037155
1	1	0.589897871017
1	1	0.442752122879
1	1	0.609292984009
1	0	0.763667821884
1	0	0.453023910522
1	1	2.03336715698
1	1	0.730446815491
1	1	0.978361129761
1	1	0.722851991653
1	1	0.80558180809
1	1	0.491623878479
1	1	0.824708223343
1	0	1.40206289291
1	1	0.524775981903
1	1	0.447890996933
1	0	0.515560865402
1	1	0.962918043137
1	1	2.81393480301
1	1	0.768420934677
2	1	1.43619298935
2	1	0.506649971008
2	1	0.489738941193
2	1	0.642311811447
2	1	0.365396022797
2	1	0.395488977432
2	1	0.778791904449
2	1	0.43412899971
2	1	0.787810087204
2	1	0.506363868713
2	1	0.940677165985
2	1	1.28175210953
2	1	0.451555967331
2	1	0.473995923996
2	1	0.4590280056
2	1	0.387567996979
2	1	0.473304033279
2	1	0.418654918671
2	0	1.29828000069
2	0	0.724786996841
2	1	1.36317706108
2	1	1.57210111618
2	1	0.923666000366
2	1	0.547178983688
2	1	0.401861906052
2	1	1.69047093391
2	1	0.459522008896
2	1	0.561153888702
2	1	0.516733884811
2	1	0.432907104492
2	1	0.507796049118
2	1	0.419239997864
2	0	0.877591133118
2	1	0.489649057388
2	1	1.25117993355
2	1	0.443751811981
2	1	0.884577035904
2	1	0.481736183167
2	1	0.380636930466
2	1	0.423993825912
2	1	0.468430995941
2	1	0.434667110443
2	1	0.434639930725
2	1	0.603459119797
2	0	0.380693912506
2	1	0.448389053345
2	0	0.538794994354
2	1	0.539764881134
2	1	0.369584083557
2	1	0.604002952576
2	1	0.56179690361
2	1	0.452425956726
2	1	0.378619909286
2	1	0.396120071411
2	1	0.354663848877
2	1	0.528934001923
2	1	0.396005153656
2	1	0.499571084976
2	1	0.418683052063
2	1	0.534341096878
2	1	0.410331964493
2	0	0.449454784393
2	1	0.413686990738
2	1	0.530967950821
2	1	0.499278068542
2	1	0.632596969604
2	1	0.466917991638
2	0	0.372283935547
2	1	1.30836606026
2	1	0.387336969376
2	1	0.386772155762
2	1	0.53880906105
2	1	0.426536083221
2	1	0.611013889313
2	0	0.459535837173
2	1	0.418576002121
2	1	0.332641124725
2	1	0.369095802307
2	0	0.402522802353
2	1	0.507662057877
2	0	0.596158027649
2	1	1.09129285812
2	1	1.09094405174
2	1	0.418299913406
2	1	0.41121006012
2	1	0.666692018509
2	1	0.428627967834
2	1	0.427877902985
2	0	0.417818069458
2	1	0.410844087601
2	1	0.410982131958
2	0	1.0267739296
2	1	0.387554168701
2	1	0.538331031799
2	1	0.492833852768
2	1	1.92948198318
2	1	0.549540996552
2	1	0.602701187134
2	0	0.467153072357
2	1	0.419198989868
2	1	0.371890068054
2	1	0.498162984848
2	1	0.731091976166
2	1	0.603940010071
2	1	0.803251981735
2	1	6.31277084351
2	1	0.459526062012
2	1	0.371619939804
2	1	0.811907052994
2	1	0.751850128174
2	0	1.88375091553
2	1	0.523339986801
2	1	0.411195993423
2	0	1.29202008247
2	1	0.658900976181
2	1	0.859586000443
2	1	3.25866508484
2	1	0.539431095123
2	1	1.23404717445
2	1	2.61228299141
2	1	0.90364408493
2	1	0.701750040054
2	1	0.457985877991
2	1	0.722203016281
2	1	0.427968025208
2	1	0.59383893013
2	1	0.513739824295
2	1	0.404415130615
2	1	0.42928314209
2	1	0.434245109558
2	1	0.403383970261
2	0	0.442004919052
2	1	0.561094045639
2	1	0.541230916977
2	0	0.923231840134
2	0	0.384495019913
7	1	0.708230018616
7	1	0.412254095078
7	1	0.457854032516
8	0	0.539106845856
7	1	0.421183109283
7	1	0.426591157913
7	1	0.659474134445
7	1	0.433670043945
8	1	0.467630147934
8	1	0.409713029861
7	1	0.362370014191
8	1	0.363849163055
8	1	0.372380971909
7	1	0.404166936874
7	1	0.513854980469
8	1	0.499737977982
7	1	0.666939020157
8	1	0.474655866623
8	1	0.500854969025
7	1	0.536350011826
7	1	0.445214033127
8	1	0.587561845779
8	1	0.43598985672
8	1	0.484141111374
8	1	0.474096059799
7	1	0.444072008133
8	1	0.401152133942
7	1	0.370738983154
8	1	0.492275953293
7	1	0.55428814888
7	1	0.403650045395
8	1	0.429044008255
7	0	0.705160856247
8	1	0.419415950775
7	1	0.47460603714
8	1	0.369787931442
8	1	0.387336015701
8	1	0.402462005615
7	1	0.459385871887
8	1	0.467880010605
7	1	0.44250702858
7	1	1.27459096909
7	1	0.483476877213
8	1	1.63375806808
8	1	0.506050109863
8	0	0.595765113831
8	1	0.523590087891
8	1	0.411415100098
8	1	0.4092669487
8	1	0.610014915466
8	1	0.451592922211
7	1	0.514912128448
8	1	0.595767021179
8	0	0.483673810959
7	1	1.88935685158
7	1	1.63587594032
7	1	0.444503068924
8	1	0.602048158646
7	0	1.63511896133
7	1	0.491286993027
7	1	0.492202043533
8	1	0.793757915497
8	1	0.450273990631
7	1	0.595265865326
8	1	0.435036897659
7	1	0.428483963013
7	1	0.361278057098
8	1	0.444229841232
8	1	0.500665903091
8	1	0.472902059555
8	1	0.460387945175
8	1	0.41913485527
8	1	0.555825948715
7	1	0.44362783432
7	1	0.427118062973
8	1	0.474901199341
7	1	0.908837080002
8	1	0.962778091431
7	1	0.636209011078
8	1	0.465257167816
8	1	0.475467920303
7	1	0.466263055801
7	1	0.491447925568
7	1	1.46112298965
7	1	0.900532007217
7	1	0.465274095535
8	1	0.531352996826
8	1	0.771452903748
7	1	0.556859970093
8	1	0.776968002319
8	1	0.466683149338
7	1	0.403162956238
7	1	0.851570129395
7	1	0.442551851273
7	1	1.00911712646
7	1	0.666938781738
7	1	0.618000984192
8	1	1.51503014565
8	1	0.491184949875
8	1	0.474067926407
7	1	0.425200939178
7	1	0.444053173065
7	1	0.739156961441
7	1	0.978631019592
7	1	2.06638789177
8	1	0.483681201935
7	1	0.427657842636
7	1	0.433229923248
7	1	0.508105993271
7	1	0.434610128403
7	1	0.373193025589
8	1	0.361304998398
8	1	0.363258123398
8	1	0.428169965744
8	1	0.451021909714
7	1	0.48260307312
7	1	0.45956492424
8	1	0.482305049896
7	1	0.442961931229
8	1	0.393221139908
8	1	0.460011959076
8	1	0.473320007324
8	1	0.428648948669
8	1	0.42805314064
8	1	0.457268953323
7	1	1.27604389191
7	1	0.466398000717
8	1	0.49914598465
7	1	0.468153953552
8	1	0.424965858459
8	0	1.4919321537
7	1	0.428448200226
7	1	0.4967918396
8	1	2.12387013435
7	1	0.492252111435
7	1	0.42923617363
8	1	0.459228038788
8	1	0.490258216858
8	1	0.49156999588
7	1	0.507630109787
8	1	1.3084230423
7	1	0.425987958908
7	1	0.418796062469
4	1	1.39686703682
4	1	0.433067083359
4	1	0.604619979858
4	1	0.447959899902
4	1	3.13967394829
4	1	0.643312931061
4	1	0.900609016418
4	1	0.52180981636
4	1	0.634261131287
4	1	0.434427976608
4	1	0.436793088913
4	1	0.507501840591
4	1	0.443339109421
4	1	0.424021959305
4	1	0.548106908798
4	1	0.480746030807
4	1	0.492182016373
4	1	0.435626029968
4	1	0.529961109161
4	1	0.564349889755
4	1	0.70635008812
4	1	0.475708007812
4	1	0.452431917191
4	1	0.475462913513
4	1	0.425313949585
4	1	0.474509954453
4	1	0.523962974548
4	1	0.659765958786
4	1	0.580708026886
4	1	0.586136102676
4	1	0.460083007812
4	1	0.459207057953
4	1	0.480870962143
4	1	0.490162134171
4	1	0.827389001846
4	1	0.522510051727
4	1	0.556967973709
4	1	2.04132199287
4	1	0.514554977417
4	1	0.395756006241
4	1	0.570177078247
4	1	0.435340881348
4	1	0.67346906662
4	1	0.548536062241
4	1	1.43778705597
4	1	0.538271903992
4	1	0.82013297081
4	1	0.634406089783
4	1	4.82041597366
4	1	1.50642991066
4	1	0.522536039352
4	1	0.482453107834
4	1	0.452178001404
4	1	0.514570951462
4	1	0.620397090912
4	1	0.425967931747
4	1	1.70523190498
4	1	0.628077983856
4	1	1.26814198494
4	1	2.00998497009
4	1	1.86021900177
4	1	0.874758958817
4	1	0.640426874161
4	1	0.9333319664
4	1	0.49971985817
4	1	0.601485967636
4	1	0.554121017456
4	1	0.635990858078
4	1	0.529839992523
4	1	0.491632938385
4	1	0.467153072357
4	1	0.468252897263
4	0	0.402335166931
4	1	0.426842927933
4	1	0.618456840515
4	1	0.94859290123
4	1	0.577856063843
4	1	0.419413089752
4	1	0.445294857025
4	0	0.537976026535
4	1	0.603286027908
4	1	0.369142055511
4	1	0.684034824371
4	1	0.466701030731
4	0	0.586560964584
4	1	0.474320888519
4	1	0.459535121918
4	1	0.500501871109
4	1	0.488415956497
4	1	0.531276941299
4	1	1.6844830513
4	1	0.521122932434
4	1	0.572425127029
4	1	0.763015985489
4	1	1.00952792168
4	0	0.77329993248
4	1	1.63406610489
4	1	0.48327088356
4	1	0.443753004074
4	0	0.513974189758
4	1	2.30898594856
4	1	0.46803188324
4	1	0.655740022659
4	1	0.659608125687
4	1	2.10079693794
4	1	0.803693056107
4	1	1.46465301514
4	1	1.03730297089
4	1	1.85890698433
4	1	3.55682182312
4	1	0.505196094513
4	0	0.603443861008
4	1	2.29869484901
4	1	0.57142996788
4	1	0.596312999725
4	1	0.457895040512
4	1	1.26653313637
4	1	1.77959108353
4	1	0.531023979187
4	1	1.70052695274
4	1	0.699094057083
4	1	3.70015692711
4	1	0.497437000275
4	0	0.556937932968
4	1	0.411639928818
4	1	0.459713935852
4	1	0.587023019791
4	1	0.491203784943
4	1	0.457757949829
