4	0	1.38621616364
4	1	1.30613493919
4	1	0.91982293129
4	1	0.826146125793
4	1	0.932718992233
4	0	1.02619290352
4	1	1.18597102165
4	1	2.13236308098
4	1	0.839937210083
4	1	0.932861089706
4	0	0.626167058945
4	0	1.70614409447
4	0	0.852837085724
4	0	2.18564891815
4	1	0.812731981277
4	0	1.41231799126
4	0	1.33276700974
4	1	1.87908506393
4	1	1.2126698494
4	1	1.42616200447
4	1	0.972855091095
4	1	0.706179141998
4	1	0.719961881638
4	0	0.919495105743
4	1	0.812829017639
4	0	0.559993028641
4	0	0.759953975677
4	1	1.41293597221
4	1	2.53257012367
4	1	1.15955996513
4	1	1.02623796463
4	1	0.999491930008
4	1	0.933017969131
4	1	0.812743902206
4	1	0.746158123016
4	1	0.81342792511
4	1	0.679479122162
4	1	0.599538087845
4	1	0.612755060196
4	1	0.62614107132
4	1	0.573028087616
4	1	0.666695833206
4	0	0.666694879532
4	1	3.05184483528
4	1	1.53243708611
4	1	1.21252799034
4	1	1.06616091728
4	1	0.919420957565
4	1	1.35896992683
4	0	2.97195386887
4	1	2.238904953
4	0	2.9051668644
4	1	1.13286495209
4	1	0.839437007904
4	1	1.02629899979
4	1	1.95903110504
4	1	0.892845869064
4	0	1.14605593681
4	1	1.03949403763
4	1	0.652739048004
4	1	0.706248998642
4	1	0.520048856735
4	0	0.79967713356
4	1	0.879506826401
4	0	0.559462070465
4	1	0.492957115173
4	1	0.799703121185
4	1	0.906157970428
4	0	0.826112031937
4	0	0.519779920578
4	1	0.893175840378
4	1	0.826118946075
4	1	1.01283407211
4	0	1.23952007294
4	0	1.05277109146
4	0	1.33266496658
4	0	0.906145095825
4	1	2.78522109985
4	1	1.1461648941
4	1	1.01278495789
4	1	1.05274105072
4	1	1.05273580551
4	1	1.3327691555
4	0	1.22614383698
4	1	1.41270494461
4	1	0.919556856155
4	1	0.839457035065
4	1	0.839497089386
4	1	0.946310043335
4	1	2.98523497581
4	1	1.38594102859
4	1	1.11911916733
4	0	1.46589398384
4	1	0.772855043411
4	0	1.49241805077
4	1	1.13285899162
4	1	0.932803869247
4	1	0.919438123703
4	1	1.14623713493
4	1	0.852879047394
4	1	1.77241396904
4	1	1.6923429966
4	1	0.812861204147
4	1	0.813387870789
4	1	1.21288108826
4	1	0.773316144943
4	1	0.919530153275
4	1	0.759526014328
4	1	0.759975194931
4	0	0.839554071426
4	0	0.546269893646
4	1	1.09288787842
4	1	0.772794008255
4	1	0.866236925125
5	1	2.58560204506
5	1	0.70667386055
5	1	0.573244094849
5	1	0.599467992783
6	0	1.02623391151
5	0	0.813343048096
6	1	0.959506988525
6	1	0.892726898193
6	1	0.812851905823
5	1	1.19957900047
6	1	0.759527921677
6	1	1.02620387077
5	1	0.733355998993
6	1	0.866166114807
6	1	0.626059055328
5	1	0.852885961533
6	1	0.852871894836
5	1	1.02623200417
5	1	0.919636011124
5	1	0.626181840897
6	1	0.692926883698
5	1	0.879531860352
6	1	0.746432065964
6	1	0.852897882462
6	0	0.852953195572
5	0	1.5727751255
5	1	0.786253929138
6	0	2.98516607285
5	1	1.02635788918
6	1	0.799489021301
6	1	0.812803030014
6	1	0.613313913345
5	1	0.812736988068
5	1	0.799422025681
5	1	0.90637087822
6	1	0.786245107651
5	1	0.879572153091
5	0	0.546712875366
5	0	0.733424186707
5	1	0.679577112198
5	1	0.86607003212
5	0	1.54567098618
5	1	1.14589595795
5	1	1.06616306305
5	1	0.986269950867
5	1	1.59911298752
5	0	1.13277816772
5	0	2.49221205711
6	0	1.17283010483
5	1	2.35903501511
5	1	1.45255279541
6	1	0.986231803894
5	1	1.09289097786
6	1	1.15946912766
5	1	0.759594917297
6	1	0.55969786644
5	0	0.733403921127
5	0	1.15947985649
5	0	2.26513910294
6	0	0.732769012451
6	1	0.839644908905
6	1	1.51955795288
6	1	0.839511871338
5	1	0.759555101395
6	1	1.0128698349
6	1	1.11942791939
6	1	0.640018939972
5	0	1.05274486542
5	1	1.13272809982
6	1	1.15959692001
5	1	1.17286396027
6	1	1.26568222046
5	0	1.67905592918
5	1	0.972872018814
6	1	0.892966985703
5	1	1.07941794395
5	1	0.93286895752
5	1	1.19956612587
5	0	1.0928401947
5	0	1.15920305252
6	1	1.54564881325
6	1	3.09177303314
6	0	1.86561393738
5	1	3.33150792122
6	1	1.07948112488
5	0	1.19954204559
5	1	0.746164798737
5	1	0.746689081192
6	0	1.75912094116
5	1	1.7056491375
5	0	4.42426609993
6	1	3.34467411041
5	1	2.69187307358
5	0	1.09273791313
6	1	0.839557886124
6	0	1.94577383995
5	0	0.799808979034
5	1	0.626141786575
6	1	0.826225996017
6	0	1.73244595528
6	1	0.906122922897
6	1	0.892884969711
6	1	0.986247062683
5	0	1.58577013016
5	0	1.58567595482
6	1	0.70626783371
6	1	1.37247085571
6	1	3.99799108505
6	1	1.10623216629
6	1	1.02627491951
5	1	0.906228065491
6	1	0.613457918167
5	0	0.653503894806
5	0	0.946110010147
6	1	0.639453172684
5	1	0.946376800537
6	1	0.852833986282
6	1	0.58610701561
6	1	0.612859010696
5	1	0.653183937073
6	1	0.759944915771
5	1	0.519735097885
6	0	0.852944850922
6	1	0.973219871521
5	1	0.772893190384
5	1	1.10621500015
6	1	1.05275201797
6	1	0.866082906723
6	1	0.826462984085
5	1	0.866125106812
6	1	0.879435777664
5	0	2.62569594383
6	1	1.13279914856
6	1	0.826554059982
5	1	1.98573088646
5	1	1.97231197357
5	1	1.17284178734
5	1	0.933179140091
5	1	0.74623298645
5	1	2.27881908417
5	1	0.892781019211
5	0	0.79957818985
5	0	1.27957892418
5	1	6.63665509224
6	1	2.41222405434
5	1	1.25277900696
6	1	1.50565004349
5	1	1.09281206131
6	1	0.932830095291
5	1	0.999521017075
6	1	0.839536905289
5	1	1.03953790665
6	0	2.83847689629
5	0	1.97245502472
6	0	1.06608510017
6	1	0.812813997269
5	1	1.63912415504
5	1	1.46626400948
5	1	2.25245785713
5	0	2.39847707748
5	0	2.45180797577
5	0	1.02611994743
6	1	1.74598097801
6	1	2.43895506859
6	1	0.373401880264
5	1	1.41287016869
5	1	1.23943114281
5	1	1.01291513443
6	0	1.15942907333
5	1	0.666585922241
5	1	1.07959508896
6	0	0.986186981201
5	0	1.50614881516
5	1	0.83944606781
5	1	2.06572794914
5	1	1.09299898148
6	0	0.786395788193
5	0	3.82470297813
6	1	1.90577197075
5	0	3.38512802124
5	1	1.30561208725
5	1	0.652894973755
6	1	0.612882852554
6	1	0.93313908577
6	1	0.786267995834
6	1	0.772891044617
6	1	1.15928292274
5	1	0.959526062012
6	1	0.733299016953
6	1	1.17277002335
5	1	0.719882965088
5	0	1.07947897911
5	0	0.972831010818
6	1	0.812834024429
6	1	0.706130981445
5	1	0.639579057693
6	1	0.773345947266
5	1	0.786036968231
5	1	0.719475984573
6	0	0.772774934769
5	1	0.946130990982
6	0	1.19949507713
5	0	1.21277499199
6	1	2.43891096115
5	1	2.67859005928
5	1	1.07949304581
5	0	2.7184741497
5	0	1.05265307426
5	1	0.706166982651
6	1	0.626106023788
5	1	0.639474868774
5	1	0.813199996948
6	1	1.45275306702
5	0	0.732930183411
5	1	0.826052904129
5	0	2.38523602486
5	1	1.18613910675
6	1	1.0126581192
2	1	0.946224927902
2	1	0.626176118851
2	1	0.75969004631
2	0	0.71994805336
2	1	0.839504003525
2	1	0.839423179626
2	0	0.999469995499
2	1	0.612823963165
2	1	0.759533166885
2	1	0.733253002167
2	1	0.653182983398
2	0	0.612775802612
2	1	0.626173973083
2	1	1.03958797455
2	0	0.946041107178
2	1	1.45228004456
2	1	1.33254003525
2	0	1.0395359993
2	1	0.946504116058
2	0	0.986132144928
2	1	1.39924788475
2	0	3.7714509964
2	1	1.74617481232
2	0	2.42563199997
2	0	0.852813005447
2	0	0.506219148636
2	1	0.692889928818
2	1	0.67952299118
2	1	0.946217060089
2	1	0.559494018555
2	0	1.05286407471
2	0	0.679938077927
2	1	0.866196870804
2	0	0.719613075256
2	1	0.386333942413
2	1	2.5850789547
2	0	1.26584005356
2	1	1.37232899666
2	1	0.719551086426
2	0	0.852947950363
2	0	0.39995098114
2	1	0.82654094696
2	1	0.852784872055
2	1	0.759572982788
2	0	0.626590967178
2	0	0.879498958588
2	1	0.652796030045
2	1	0.639440059662
2	0	1.10593700409
2	0	0.692856788635
2	1	0.386142969131
2	1	0.999536037445
2	0	1.14619493484
2	0	0.639567136765
2	0	1.49235987663
2	0	0.826164960861
2	1	0.719811916351
2	0	2.23894810677
2	0	0.44001698494
2	1	0.799809217453
2	0	2.93174695969
2	1	1.10581302643
2	1	1.41289591789
2	1	1.09289288521
2	1	4.19811105728
2	1	5.94369697571
2	1	2.75880599022
2	1	2.02566695213
2	1	3.47835588455
2	1	1.65267491341
2	1	1.10620903969
2	0	0.892906188965
2	1	0.613334178925
2	1	4.2247531414
2	1	0.94637298584
2	0	4.18467593193
2	1	1.15947508812
2	1	7.70260500908
2	0	3.25184988976
2	1	1.19908094406
2	0	0.986142873764
2	0	1.02604484558
2	1	2.78520178795
2	0	1.82556986809
2	0	2.09239602089
2	0	2.17218208313
2	1	0.44002199173
2	1	0.533313035965
2	0	0.493272781372
2	1	0.360066890717
2	1	0.506613016129
2	1	0.67982006073
2	0	0.599456787109
2	0	0.919554948807
2	0	2.26567101479
2	1	0.573347806931
2	0	0.773276805878
2	1	0.46665596962
2	0	0.70623087883
2	0	0.586158037186
2	1	0.493358135223
2	1	0.639741897583
2	1	1.34626793861
2	0	0.253359079361
2	0	0.999573945999
7	0	0.519578933716
8	1	0.372731924057
7	0	0.213311910629
8	1	0.29300403595
7	0	0.386151075363
8	1	0.466197967529
8	1	0.53297996521
8	0	0.853138923645
7	0	0.386588096619
8	1	0.332844018936
8	0	0.452778100967
8	1	0.572781085968
8	1	0.892760038376
8	0	2.54568791389
7	1	0.87958407402
8	1	2.35877394676
7	1	1.21286702156
7	1	1.57295298576
8	0	1.82573604584
8	0	1.8522670269
8	0	3.02507996559
7	0	3.47811102867
8	0	0.799507856369
7	1	0.30620598793
8	0	0.359654188156
8	1	0.613344907761
8	0	0.333430051804
7	0	0.32009601593
7	0	0.479747056961
8	0	0.386386871338
8	1	0.74617099762
8	1	4.10465407372
7	0	1.93218493462
8	0	2.45238900185
7	0	0.373319864273
7	1	0.573218822479
8	1	1.07945084572
8	0	1.5195479393
7	1	1.49278783798
7	1	0.466596126556
8	0	0.746788978577
7	1	0.333548069
7	0	1.26615619659
7	0	0.346608877182
8	1	0.346130132675
7	0	0.559469938278
8	0	0.679517030716
8	0	0.253196001053
7	0	0.532800197601
7	1	4.18435883522
7	1	0.666165113449
7	1	0.732763051987
8	0	0.95954990387
8	0	0.506725072861
8	0	1.25277805328
7	1	0.786530017853
8	1	0.719537973404
7	1	0.492743015289
8	1	0.93286895752
7	1	0.892972946167
7	0	4.53073501587
8	0	1.05280303955
8	1	2.46571493149
8	1	1.45286202431
7	1	1.47950315475
8	0	1.55947113037
8	1	2.07904911041
8	0	1.33237290382
8	1	0.506306171417
7	0	0.826236963272
7	0	0.386123895645
8	1	0.292839050293
7	1	0.493227005005
7	1	0.292963027954
7	1	0.572902917862
8	1	0.333218097687
7	0	0.559576034546
8	0	0.279917001724
8	1	1.30564594269
8	0	0.479639053345
7	0	0.479619026184
7	0	0.519585132599
7	1	0.639580011368
7	0	1.11952114105
7	0	1.26618790627
7	1	0.746651887894
7	1	0.732858181
8	0	0.81285405159
8	0	0.399449825287
8	0	0.252760887146
7	1	0.306583881378
8	0	0.346791028976
7	0	0.466639041901
7	1	0.306609869003
7	1	0.879863023758
8	1	0.74612903595
7	0	0.879487037659
7	1	0.373409986496
8	0	1.09247517586
7	0	0.906173944473
8	0	0.78610086441
7	1	0.252782821655
7	1	0.412949085236
8	0	0.320053100586
7	1	0.333396911621
8	1	0.520016908646
7	1	0.546658039093
8	0	0.892881155014
8	1	0.946233987808
8	1	0.613322019577
8	0	1.90558791161
7	0	0.359614849091
8	1	0.626724004745
7	1	0.266633033752
8	0	0.306761026382
7	0	0.292956113815
1	0	0.719501972198
1	1	1.31920695305
1	1	0.639498949051
1	1	0.599568843842
1	1	0.680001974106
1	1	0.759647846222
1	1	1.06605911255
1	1	0.573288917542
1	1	0.546761035919
1	1	0.50666809082
1	1	0.546638011932
1	1	0.639883995056
1	1	0.812765836716
1	0	0.919443130493
1	0	0.639901161194
1	1	0.479964017868
1	1	0.666383981705
1	0	0.586143016815
1	1	0.506185054779
1	1	0.786128044128
1	1	0.90619301796
1	0	0.746098995209
1	0	0.359966993332
1	1	0.706170082092
1	1	0.746160984039
1	1	0.692923069
1	1	0.826640844345
1	1	0.652863025665
1	0	0.719548940659
1	1	0.852791070938
1	1	0.679993867874
1	1	0.772832870483
1	1	0.892822027206
1	0	2.47895312309
1	1	0.759902000427
1	1	0.693073034286
1	1	0.932968854904
1	0	4.05116677284
1	1	1.21289420128
1	1	0.720016956329
1	1	0.746220111847
1	1	0.692927837372
1	1	0.692825078964
1	1	0.733381986618
1	1	0.906136989594
1	1	0.666084051132
1	1	0.772858142853
1	1	0.546583890915
1	0	0.599990844727
1	1	0.652966976166
1	1	0.586050033569
1	1	0.586266994476
1	1	0.599477052689
1	0	0.532894134521
1	1	0.572762012482
1	1	0.652878046036
1	1	0.653379917145
1	0	0.546841144562
1	1	0.719558954239
1	1	0.679510831833
1	1	1.98562312126
1	1	0.573357820511
1	1	0.613319158554
1	1	0.586381912231
1	1	0.639553070068
1	1	0.599496126175
1	0	0.719532966614
1	0	0.639813899994
1	1	2.09231185913
1	1	0.999516963959
1	1	0.826093912125
1	1	0.959509849548
1	1	0.680037975311
1	1	0.653297901154
1	1	0.799403905869
1	1	0.612826108932
1	0	1.62733078003
1	1	0.599609851837
1	1	0.759920835495
1	0	1.29278898239
1	1	2.2123529911
1	1	0.879556894302
1	1	1.06629896164
1	1	0.692961931229
1	1	0.759878158569
1	1	0.826090097427
1	1	0.652845144272
1	1	1.10614395142
1	1	0.652937173843
1	1	0.599520921707
1	1	0.626290082932
1	1	0.572844028473
1	0	0.492969989777
1	1	0.69287109375
1	1	0.573399066925
1	1	0.520005941391
1	1	0.520083904266
1	1	0.626634836197
1	0	1.15950703621
1	1	0.733047008514
1	1	0.586713075638
1	1	0.533257961273
1	1	0.613116025925
1	1	0.586110115051
1	1	0.572817087173
1	1	0.532824993134
1	1	0.719571113586
1	1	0.759536981583
1	1	0.573414802551
1	1	0.573400020599
1	1	0.586562156677
1	1	0.892752885818
1	1	0.546063184738
1	1	0.532867908478
1	1	0.492810964584
1	0	0.532886981964
1	1	0.559746980667
1	1	0.626660108566
1	1	0.493310928345
1	1	1.11937594414
1	1	0.826164007187
1	0	0.720002174377
1	1	0.666244029999
1	0	0.626142978668
1	1	0.732764005661
1	0	0.679571151733
1	1	0.600035905838
1	1	0.932980060577
1	0	0.652904987335
1	0	0.86620092392
1	1	0.693274021149
8	1	2.67852306366
7	1	0.866334915161
7	1	0.746178865433
7	1	0.559497117996
8	1	0.479462862015
8	0	0.559392929077
7	1	0.799566030502
7	1	0.559787988663
7	0	0.706642150879
7	1	0.83953499794
8	0	0.812960863113
8	1	0.826375961304
8	1	1.33285593987
7	0	1.49295806885
8	0	1.83939695358
7	1	0.866250991821
7	1	0.946121931076
8	1	0.839491128922
7	1	1.01279091835
8	0	0.813174009323
8	1	0.82618188858
7	1	0.679430961609
7	1	0.759864091873
8	0	0.93282699585
7	0	0.599546909332
7	1	0.612739086151
8	1	0.812908887863
7	1	0.73299908638
7	1	0.759475946426
7	0	0.772968053818
8	1	0.6400411129
7	1	0.812998056412
8	1	0.679425001144
7	1	0.759339094162
8	1	1.0393140316
7	1	0.612858057022
8	0	0.746242046356
7	0	0.853003978729
8	0	0.573382139206
8	0	0.653099060059
8	1	0.559497117996
7	1	0.706191062927
7	1	0.559511184692
8	1	0.786139011383
7	1	0.679990053177
7	1	0.653175115585
8	1	0.533033847809
8	1	0.586407899857
7	1	0.532804965973
8	1	0.692860126495
8	1	0.546203136444
8	0	0.546140193939
7	1	0.532881975174
7	1	0.586354970932
7	1	0.560045957565
8	1	0.479932069778
8	1	0.506639003754
8	1	0.493217945099
7	1	0.506624937057
8	1	0.586739063263
8	1	0.439997911453
7	1	0.533371925354
8	1	0.520021915436
8	1	0.466656923294
8	1	0.453352212906
7	1	0.640015125275
8	1	0.679567098618
7	1	0.546082019806
8	1	0.506143093109
8	1	0.652851104736
7	0	0.399585962296
7	1	0.466105937958
8	1	0.586241006851
8	1	0.506238937378
8	1	0.492787837982
7	1	0.492784023285
8	1	0.506245851517
7	1	0.439528942108
7	1	0.572715044022
7	1	0.586102962494
7	1	0.41285610199
8	1	0.532907009125
7	1	0.452832937241
7	1	0.652929067612
8	1	0.493043899536
8	1	0.759749174118
7	1	0.453298091888
7	1	0.466619968414
7	1	0.480026006699
7	0	0.360018014908
8	1	0.466669082642
7	1	0.693133831024
8	1	0.546646118164
8	1	0.480015039444
7	1	0.680092096329
8	1	0.546425104141
7	1	0.546115875244
7	1	0.453027963638
7	0	0.453154087067
7	1	0.453316926956
7	1	0.520010948181
8	1	0.533069849014
8	1	0.679472923279
7	0	0.559463024139
7	1	0.599474191666
8	1	0.492830991745
8	1	0.546128034592
8	1	0.559494972229
8	1	0.492887973785
7	1	0.612943887711
8	1	0.573260068893
7	1	0.493270158768
7	1	0.493285894394
8	1	0.586550951004
8	0	0.320020914078
8	1	0.640079021454
7	0	0.573454856873
7	0	0.439903020859
8	1	0.626778841019
7	1	0.626332998276
7	1	0.612737894058
8	1	0.532727003098
8	0	1.19953107834
7	0	0.306676149368
7	1	0.799762010574
8	1	0.679435968399
7	1	0.652894020081
7	1	0.612855911255
8	1	0.773064136505
7	0	0.706550836563
7	1	0.67942905426
8	1	0.692830085754
7	1	0.692822933197
8	1	0.680013895035
7	1	0.559993982315
7	1	0.732954978943
7	1	0.62621307373
8	1	0.585978031158
7	1	0.532804965973
3	1	0.799501895905
3	1	0.520056009293
3	0	0.733300924301
3	1	0.439952135086
3	1	0.479995965958
3	1	0.320050001144
3	0	0.626570940018
3	0	0.43997502327
3	0	0.466686010361
3	1	1.01282310486
3	1	0.719492912292
3	0	0.959510087967
3	1	0.746252059937
3	1	0.373153209686
3	0	0.333345890045
3	0	0.306745052338
3	0	0.946031808853
3	0	4.49093794823
3	1	1.01286816597
3	0	0.640051841736
3	1	0.493340015411
3	0	0.666642904282
3	1	0.559727907181
3	0	0.972738981247
3	1	0.532931089401
3	1	0.466449975967
3	1	0.479668855667
3	1	0.386369228363
3	1	0.413334131241
3	1	0.293372154236
3	0	0.319931030273
3	1	0.333181858063
3	1	0.34614109993
3	1	0.519500017166
3	0	0.372745037079
3	1	0.293247938156
3	1	0.30655503273
3	0	0.440002918243
3	1	0.440020084381
3	1	0.30659198761
3	0	0.252659082413
3	1	0.279833078384
3	1	0.519737005234
3	1	0.320019006729
3	1	0.333296060562
3	0	0.306211948395
3	0	0.213344812393
3	0	0.532900094986
3	0	0.33302283287
3	0	0.239516019821
3	0	0.253315925598
3	0	0.479994058609
3	0	0.280086040497
3	1	0.266723871231
3	1	0.266120910645
3	0	0.213230848312
3	0	0.732687950134
3	1	1.01273202896
3	1	1.34611392021
3	0	0.799757003784
3	1	1.93231105804
3	1	3.61123514175
3	1	1.73232698441
3	1	2.53215408325
3	1	2.06559300423
3	1	0.999446153641
3	1	0.786342144012
3	1	0.719496965408
3	1	0.639524936676
3	0	0.959597826004
3	1	0.919606924057
3	1	1.06610107422
3	1	1.18619394302
3	1	0.919841051102
3	1	0.639443159103
3	1	0.612713813782
3	1	0.572818994522
3	1	0.58616900444
3	1	0.519482135773
3	1	0.519465923309
3	1	0.67960691452
3	1	0.932920217514
3	1	2.21234703064
3	1	0.586629867554
3	1	0.426573991776
3	1	0.573213100433
3	1	2.5852599144
3	1	0.919466972351
3	1	0.799474000931
3	1	1.39952301979
3	1	0.600044965744
3	1	0.573330879211
3	1	0.772732973099
3	1	1.06618714333
3	0	0.826426029205
3	0	0.879473924637
3	1	0.386240959167
3	1	0.746156930923
3	1	0.733232021332
3	1	0.986166954041
3	1	0.612897872925
3	1	0.599470853806
3	1	0.546445846558
3	1	0.733350992203
3	1	0.600049972534
3	1	0.652839183807
3	0	0.692761898041
3	1	0.49279499054
3	1	0.586133956909
3	1	0.652810096741
3	1	0.613257884979
3	1	0.600062847137
3	1	0.772873163223
3	1	0.572859048843
3	1	0.692743062973
3	1	1.46554112434
3	1	4.39751505852
3	1	0.972779035568
3	1	0.866232872009
3	0	0.759593963623
3	1	0.866106987
3	1	1.61290812492
3	1	0.8528008461
3	1	0.772819042206
3	0	0.839527845383
3	1	0.852730989456
3	1	0.866097927094
3	1	0.613206863403
2	1	0.715061903
2	1	0.601010084152
2	1	0.916971921921
2	1	0.665498971939
2	1	0.557035923004
2	1	0.970263004303
2	1	0.545698881149
2	1	1.29835605621
2	1	0.693536996841
2	1	0.985495090485
2	1	0.986707925797
2	0	0.859307050705
2	1	0.881612062454
2	1	0.73926615715
2	0	1.18664193153
2	1	1.10953402519
2	1	1.13848805428
2	1	0.90593290329
2	1	0.737659931183
2	1	0.651298999786
2	1	0.929435968399
2	1	0.724900960922
2	1	0.649852991104
2	1	0.867664813995
2	1	1.05278706551
2	1	0.769510030746
2	1	0.5795981884
2	1	0.513787984848
2	1	0.61910700798
2	1	0.73344707489
2	0	1.07533097267
2	1	0.593152999878
2	1	0.627278089523
2	1	0.580903053284
2	1	0.947819948196
2	1	0.817967891693
2	1	0.555089950562
2	1	1.52903485298
2	1	0.802970170975
2	1	0.741608858109
2	1	0.714634895325
2	1	0.810436010361
2	1	0.722095966339
2	1	0.77115893364
2	1	1.11580204964
2	1	0.531106948853
2	1	0.739293813705
2	1	2.38618397713
2	1	0.634739160538
2	1	0.626460075378
2	1	1.35439109802
2	1	0.611267805099
2	1	0.597029924393
2	1	0.74026799202
2	1	1.19304180145
2	1	0.842303991318
2	1	0.762380123138
2	1	0.706203937531
2	1	0.917430877686
2	1	0.793971776962
2	1	0.706861019135
2	0	0.739781141281
2	0	0.796398878098
2	1	0.60818195343
2	1	0.837378025055
2	0	0.633489847183
2	0	0.514237165451
2	1	1.12478899956
2	0	1.95537805557
2	0	0.6420109272
2	1	0.763204813004
2	1	2.38746094704
2	1	0.890461921692
2	1	0.922466039658
2	1	1.10127401352
2	1	0.585264921188
2	1	0.506654024124
2	1	0.676305055618
2	0	0.691328048706
2	1	1.01023602486
2	0	0.953280210495
2	0	0.66833615303
2	1	0.769728899002
2	1	1.3221719265
2	0	1.45183682442
2	0	0.792945146561
2	0	1.0705370903
2	1	2.08002996445
2	1	3.31546616554
2	1	0.96418094635
2	0	1.4042301178
2	1	1.29708409309
2	1	2.87431097031
2	1	2.18177819252
2	1	0.984055995941
2	1	1.25836992264
2	1	0.678690195084
2	1	0.770612955093
2	1	0.841957092285
2	1	1.00371003151
2	1	0.617216825485
2	1	0.58091211319
2	1	0.994390964508
2	1	0.666969776154
2	1	0.658004999161
2	1	0.549908876419
2	0	1.25699210167
2	1	0.619846820831
2	0	0.731961011887
2	0	0.761383771896
2	1	1.35466504097
2	1	1.17168903351
2	1	1.10751581192
2	1	0.692279100418
2	1	0.825953006744
2	1	1.20357489586
2	0	1.15426015854
2	1	0.549659013748
2	1	0.624038934708
2	1	0.731943130493
2	1	0.604182958603
2	1	0.971695899963
2	1	0.97868013382
7	1	1.32320809364
8	1	0.626250982285
7	1	0.699378967285
7	1	1.1966650486
7	1	1.38951301575
7	1	0.646916151047
7	0	1.98707890511
8	1	0.73811006546
7	1	1.65104699135
8	1	0.724447965622
8	1	0.658780097961
7	1	0.665875911713
7	1	0.45311498642
7	1	0.673548936844
8	1	0.522161006927
8	0	0.477772951126
8	1	0.848771095276
8	1	1.21123480797
8	1	1.03602600098
7	0	0.643864870071
7	1	3.92093205452
7	1	1.21959805489
7	1	1.26711297035
8	1	0.690649032593
7	1	3.26850795746
7	1	0.817464828491
8	1	1.93900299072
7	1	0.667432069778
8	1	0.562484025955
8	1	0.864575147629
8	1	0.611576795578
8	1	0.477749824524
8	1	0.546277046204
8	1	0.803982973099
8	1	0.968980073929
7	0	0.805035114288
8	1	0.79376411438
7	1	0.673973083496
8	1	0.563042879105
8	1	0.67439198494
7	1	0.874456882477
8	1	0.740292787552
7	1	0.729902029037
7	1	0.931688785553
8	1	0.898252010345
8	0	1.15547800064
8	1	0.650766849518
8	0	0.650815010071
8	0	1.09162998199
8	1	0.992928028107
7	0	0.972556829453
8	1	0.86739897728
7	1	0.612618923187
7	1	0.595682859421
7	0	0.833315849304
8	0	4.32400894165
7	1	2.52932906151
7	1	1.00520396233
8	0	1.32138800621
8	1	0.858647823334
8	1	4.73120498657
7	1	1.67590808868
7	0	1.5631878376
8	1	0.917688131332
7	1	1.25972604752
8	1	0.727771997452
7	1	0.659767866135
8	0	1.72479605675
8	1	1.04190897942
7	1	0.78683590889
8	1	0.54788684845
7	1	0.896431922913
8	1	0.563586950302
7	1	1.17951583862
7	1	0.528367042542
8	1	0.635785102844
7	1	0.804635047913
8	1	0.544544935226
8	1	0.804144859314
7	0	1.14593911171
8	1	0.707927942276
7	0	1.02649903297
7	1	0.595705032349
8	1	0.540061950684
7	1	0.571707010269
7	0	0.770457029343
7	0	1.11416292191
7	0	1.34612202644
8	1	0.804787874222
8	1	2.84463787079
8	1	0.873554944992
8	1	0.803292989731
8	0	1.04500794411
8	0	1.9226269722
7	1	0.938434123993
8	1	1.54988884926
8	0	1.3924369812
7	1	1.12313890457
8	1	0.740099906921
7	1	2.27341890335
7	1	2.5070309639
8	0	2.0433318615
7	0	1.2700779438
8	1	1.305809021
7	0	2.32138490677
8	0	2.61137294769
7	0	1.84360599518
8	0	1.93948101997
7	1	3.39453983307
8	1	1.37261795998
7	1	1.52240777016
3	1	0.674633026123
3	1	0.795883893967
3	0	1.07323002815
3	1	0.61279296875
3	1	0.667120933533
3	0	1.30723714828
3	1	0.772483110428
3	0	0.935932159424
3	0	1.42048287392
3	1	2.7884888649
3	1	2.37805008888
3	1	1.06910300255
3	1	1.31573414803
3	1	0.722404003143
3	1	2.45181012154
3	0	0.923053979874
3	1	0.778197050095
3	1	0.626448154449
3	1	0.620805978775
3	0	1.69948506355
3	1	0.922641992569
3	1	0.618995904922
3	1	0.745945930481
3	1	0.690917015076
3	1	0.610124111176
3	1	0.523416042328
3	1	0.513267040253
3	1	0.412852048874
3	1	1.6265809536
3	1	0.517244100571
3	1	0.818476200104
3	1	0.874656200409
3	0	0.779055118561
3	1	0.610059976578
3	1	0.538881063461
3	1	0.401748895645
3	1	0.54799413681
3	1	0.856778860092
3	1	0.412040948868
3	1	0.594489812851
3	1	0.475991010666
3	1	0.609959840775
3	1	0.434803009033
3	1	0.483196973801
3	1	0.481644153595
3	1	0.693248987198
3	0	0.465092897415
3	1	0.443619966507
3	1	0.579407930374
3	1	1.12216496468
3	1	2.22024393082
3	1	0.57039308548
3	1	0.703959941864
3	1	0.532494068146
3	1	0.546404838562
3	1	0.459530115128
3	1	0.536153078079
3	0	1.22882795334
3	1	0.491801023483
3	1	0.512634038925
3	1	0.412734031677
3	1	0.532029151917
3	1	0.529591083527
3	1	0.571644067764
3	0	0.657409906387
3	1	0.530738115311
3	1	0.547983169556
3	1	0.570927143097
3	1	0.482221126556
3	1	0.561475992203
3	1	0.381464004517
3	1	0.593878984451
3	1	0.476423025131
3	1	0.49073600769
3	1	0.59459900856
3	1	0.442185163498
3	1	0.516762018204
3	1	0.482004165649
3	1	0.460994005203
3	1	0.643187046051
3	1	0.595764160156
3	0	0.849347829819
3	1	0.466424942017
3	0	0.42692399025
3	1	6.59394001961
3	1	0.95511007309
3	1	1.18078804016
3	1	0.618074893951
3	1	0.821273088455
3	1	0.691668987274
3	1	0.577755212784
3	0	0.770524978638
3	1	0.6614818573
3	1	0.585568904877
3	1	0.618533849716
3	1	0.796676874161
3	1	0.592767000198
3	1	0.522957086563
3	1	0.490571022034
3	1	0.891535043716
3	1	0.533221006393
3	1	1.61740088463
3	1	0.70543885231
3	1	0.634346008301
3	1	0.763427019119
3	1	0.62007188797
3	1	0.985616922379
3	1	0.557685136795
3	1	0.595628023148
3	1	0.544579982758
3	0	1.03633284569
3	1	0.618307828903
3	1	0.466922044754
3	1	0.762840986252
3	1	0.533043146133
3	1	0.612272977829
3	1	0.624866008759
3	1	0.555703878403
3	1	0.881792068481
3	1	0.531672000885
3	1	0.475671052933
3	1	0.785526990891
3	1	0.524868011475
3	1	0.706202983856
3	1	0.432855844498
3	1	0.493431091309
3	1	0.594158887863
3	1	0.493674039841
3	1	0.511564016342
3	1	0.588005065918
3	1	0.498169898987
3	1	0.498918056488
5	1	0.762201786041
5	1	0.729997158051
6	1	0.579411029816
6	1	0.452251911163
6	1	0.513075113297
5	1	0.630028009415
6	1	0.544270992279
6	1	0.611994028091
5	1	0.579159021378
6	1	0.515609025955
5	0	0.770984888077
5	1	0.425037145615
6	1	0.56547999382
5	0	0.787070989609
5	1	1.14535784721
5	1	0.667141914368
6	1	0.675681829453
5	0	2.64235806465
6	1	0.596053123474
5	0	0.899283885956
6	1	0.777627944946
5	1	0.817394018173
5	1	0.613431930542
5	1	0.873760938644
6	1	1.36282396317
5	1	1.01100516319
5	1	0.788528203964
5	1	0.604092121124
5	0	0.591902971268
6	1	0.597327947617
6	1	0.449739933014
5	1	0.428159952164
5	1	0.562742948532
5	1	0.860410928726
6	1	0.513988018036
6	1	0.49738407135
6	1	0.611319065094
6	1	0.452490091324
6	1	0.538683891296
5	1	0.819125890732
6	1	0.474342107773
5	1	0.691959857941
6	1	1.33815383911
5	0	0.994616031647
5	1	0.954587936401
6	1	0.539515972137
5	1	0.588291168213
6	1	0.512445211411
6	1	0.669322013855
5	1	0.554214000702
5	1	0.506398200989
6	1	0.605031967163
6	1	0.620609998703
6	1	0.815430879593
5	1	0.558353185654
6	1	0.570911884308
6	1	0.538248062134
5	1	0.481603860855
5	1	0.603975057602
6	1	1.377794981
6	0	0.418585062027
5	1	0.589467048645
6	1	0.569442033768
6	1	0.685909986496
5	1	0.406757831573
5	1	0.682142972946
6	1	0.660385131836
5	1	0.698178052902
6	1	0.732357025146
5	1	0.68998503685
6	1	0.482679128647
5	1	1.06773495674
6	1	0.497963905334
6	1	0.466507911682
6	1	0.594171047211
6	1	1.03719496727
5	1	0.625347852707
6	1	0.459939956665
5	1	0.561331987381
5	1	0.620181083679
6	1	0.491905927658
5	0	1.88085389137
5	1	1.01420307159
6	1	0.514761924744
5	1	0.553461074829
6	1	0.7385160923
6	1	0.451740980148
5	1	0.355543136597
6	1	0.578242063522
5	1	0.525987148285
5	1	0.609241962433
5	1	0.627778053284
6	1	0.545139074326
6	1	0.843405008316
5	1	0.642660140991
6	1	0.443485975266
5	1	0.635315895081
5	1	1.57850790024
5	1	0.570970058441
6	1	0.603031873703
6	1	0.890472888947
5	1	0.654161930084
5	1	0.473432064056
5	1	0.597491025925
5	1	0.641815900803
5	0	0.444284200668
6	1	0.746320009232
6	1	0.690819978714
5	1	0.788643121719
5	1	0.554105043411
6	0	0.85930109024
5	1	0.554291009903
6	1	0.500081062317
6	1	0.532804012299
5	1	0.55309009552
6	1	0.474563121796
6	0	0.56459903717
6	1	0.755389928818
6	1	0.804060935974
6	1	0.633423089981
5	1	0.4354429245
6	1	0.467730998993
6	1	0.37692117691
5	1	0.525391101837
5	1	0.538115024567
6	1	0.500887870789
6	1	0.416820049286
6	1	0.668387174606
5	1	0.507325172424
5	1	0.536639213562
6	1	0.347831010818
5	1	0.467506885529
5	0	0.394950151443
5	1	0.531256914139
6	1	0.595030069351
5	1	0.736462831497
5	1	0.561796188354
5	1	0.498908996582
1	1	0.63489985466
1	1	0.4847240448
1	1	0.443107128143
1	1	0.618748903275
1	1	0.707745075226
1	1	0.595175981522
1	1	0.483498811722
1	1	0.637636899948
1	1	0.570738077164
1	0	0.388047933578
1	1	0.61741399765
1	1	0.515781164169
1	0	0.514385938644
1	1	0.579665184021
1	0	3.340102911
1	1	0.737967014313
1	1	1.78626203537
1	1	0.706546068192
1	1	0.603955984116
1	1	0.633493185043
1	1	0.612977981567
1	1	0.675575017929
1	1	0.556790113449
1	1	0.481974840164
1	1	0.627827167511
1	1	0.533329963684
1	1	0.478935956955
1	1	0.555790901184
1	1	0.547393798828
1	1	0.89827299118
1	1	0.713736772537
1	1	0.490571975708
1	1	0.611444950104
1	1	0.547183990479
1	1	0.53857588768
1	1	0.475189208984
1	1	0.586429834366
1	1	0.492779016495
1	1	0.560494184494
1	1	0.644414186478
1	1	0.500429868698
1	1	0.451052904129
1	1	0.49937415123
1	1	0.651752233505
1	1	0.642735958099
1	1	0.489813804626
1	1	0.506197929382
1	0	1.29882001877
1	1	1.22931599617
1	1	3.72400188446
1	1	2.65786385536
1	1	0.892619848251
1	1	1.01267004013
1	1	1.06506586075
1	1	0.740941047668
1	0	0.906527042389
1	1	0.785019874573
1	1	1.03458404541
1	1	0.652935028076
1	1	0.761969804764
1	1	0.667237043381
1	1	0.636728048325
1	1	1.45825099945
1	1	0.610951900482
1	1	0.769706964493
1	1	0.724207162857
1	0	0.823883056641
1	1	0.774403095245
1	1	0.911985874176
1	1	0.773506164551
1	1	0.503839015961
1	1	0.604243993759
1	1	0.586532115936
1	1	0.577350854874
1	1	0.678026199341
1	1	0.57639503479
1	1	0.627220869064
1	1	0.66016292572
1	1	0.690051078796
1	1	0.579307079315
1	1	1.19942784309
1	1	1.14479899406
1	1	1.11366295815
1	1	0.629036903381
1	1	0.497341871262
1	1	0.658933162689
1	1	0.475456237793
1	1	0.521766901016
1	1	0.581633090973
1	1	0.505870103836
1	1	1.0097219944
1	1	0.483071804047
1	1	0.532492876053
1	1	0.73971581459
1	1	0.425374984741
1	1	0.47462105751
1	1	0.509567022324
1	1	0.601793050766
1	1	0.593792915344
1	1	0.540205001831
1	1	0.680325984955
1	1	0.771883964539
1	1	1.2419052124
1	1	0.621926784515
1	1	0.641284942627
1	1	0.611748933792
1	1	0.587451934814
1	1	0.627394914627
1	1	0.739294052124
1	1	0.651652097702
1	1	0.48480796814
1	0	0.576359987259
1	1	0.802138090134
1	1	0.660704135895
1	1	0.691099882126
1	1	0.506865978241
1	1	0.498164176941
1	1	0.491965055466
1	1	0.498794078827
1	1	0.761482000351
1	1	0.49280500412
1	1	0.635987997055
1	1	0.505026102066
1	1	0.538564920425
1	1	0.765240907669
1	0	1.12333202362
1	0	0.8086810112
1	1	3.20285010338
1	0	2.84505009651
1	1	1.12110495567
1	1	0.982409954071
4	1	1.5224378109
4	0	0.986206054688
4	1	0.802049875259
4	1	0.644026994705
4	1	0.620764970779
4	0	0.681040048599
4	1	0.723122835159
4	0	0.773290157318
4	1	0.984231948853
4	1	1.23757791519
4	1	0.929673910141
4	1	0.562242031097
4	1	0.720515966415
4	1	0.717627048492
4	1	1.34579896927
4	1	0.827729940414
4	1	0.609503030777
4	1	0.715860128403
4	1	0.810544013977
4	1	1.73172497749
4	1	0.930063009262
4	1	0.827673912048
4	1	0.715437173843
4	0	1.25009083748
4	1	1.17206978798
4	1	0.986602067947
4	1	0.537264108658
4	1	0.685032844543
4	1	0.683273077011
4	1	0.931713819504
4	1	0.652004003525
4	1	0.979196071625
4	0	0.658396959305
4	1	0.484121084213
4	1	0.610311985016
4	1	0.578500986099
4	1	0.585873126984
4	1	0.578190088272
4	1	0.532231092453
4	1	0.611696958542
4	1	0.523936986923
4	1	0.576236963272
4	0	0.796051979065
4	1	0.417402029037
4	1	0.653704881668
4	1	0.576128005981
4	1	0.625624895096
4	0	0.468013048172
4	0	0.729891061783
4	1	0.354391098022
4	1	0.563097000122
4	0	0.827335834503
4	0	0.356002092361
4	1	3.57886099815
4	1	0.554594993591
4	1	0.573449134827
4	0	0.633625030518
4	1	0.636240959167
4	0	0.826639890671
4	1	1.41757798195
4	1	2.96595096588
4	0	1.28229117393
4	1	0.793693780899
4	1	3.65806293488
4	1	0.827845811844
4	1	3.19390392303
4	1	2.02015399933
4	1	1.01107597351
4	1	0.764268159866
4	1	4.03373599052
4	1	1.24361014366
4	1	2.38796019554
4	1	3.12369012833
4	1	1.1057240963
4	1	2.30871510506
4	1	1.42379498482
4	1	1.73283314705
4	1	0.858837127686
4	1	0.707525968552
4	1	0.596430063248
4	1	1.11346197128
4	1	0.498342990875
4	1	0.811834096909
4	1	0.610695123672
4	1	0.522556066513
4	1	0.459839105606
4	1	0.769873857498
4	1	0.724440097809
4	1	0.555811166763
4	1	0.81868314743
4	0	0.922981977463
4	1	1.29852700233
4	1	1.35562896729
4	1	0.634279966354
4	1	0.58850312233
4	1	0.784232139587
4	1	0.604357004166
4	1	0.852571964264
4	1	0.666766881943
4	1	2.26754689217
4	0	0.777827978134
4	1	1.85838890076
4	1	1.19833493233
4	0	1.75360918045
4	0	1.13908100128
4	1	0.722559928894
4	1	0.706215143204
4	1	0.597962856293
4	1	0.602247953415
4	1	0.731424093246
4	1	0.634369134903
4	0	0.754294157028
4	1	2.17242407799
4	0	0.913365125656
4	1	3.11455702782
4	1	2.65888500214
4	0	0.971022129059
7	1	0.818680047989
8	1	0.579658031464
7	1	0.66574716568
7	1	0.805657863617
7	1	0.600871086121
8	1	0.564114093781
8	1	0.569586038589
8	1	0.725276947021
8	0	0.754086017609
8	0	1.49873590469
8	1	0.946518182755
7	0	1.45120596886
8	0	1.11484313011
8	1	1.98231601715
8	1	4.80354404449
7	1	3.23525500298
7	0	3.20357084274
8	1	0.795984983444
8	1	0.761770963669
7	1	1.5944750309
7	0	1.73065900803
7	1	0.755941867828
8	1	0.835870981216
7	1	1.89898681641
7	1	0.907371044159
8	1	0.658254146576
7	1	0.945790052414
7	1	1.29148006439
8	1	0.698193073273
7	1	1.59734296799
8	1	0.968708992004
7	1	1.08214092255
7	1	1.02111816406
8	1	1.37091398239
8	0	0.890824079514
7	1	3.79564595222
8	1	1.52379584312
7	1	0.802496910095
7	1	0.906219959259
8	1	1.57003688812
7	1	3.83599114418
7	1	1.2586350441
7	1	1.17945289612
7	1	0.890206098557
8	1	0.733881950378
7	1	1.25686693192
8	1	0.971398830414
7	1	1.12404799461
7	1	0.864500045776
7	0	0.980114936829
7	1	0.835957050323
7	1	0.538532018661
8	1	0.649973154068
7	1	0.581594944
7	1	0.490520000458
8	1	0.676729917526
7	0	1.40942978859
8	1	0.545419931412
7	1	0.827743053436
7	1	1.2217900753
7	1	0.715480089188
7	1	0.643450021744
7	0	1.09720396996
8	0	0.939569950104
8	1	0.651553153992
8	1	0.75471997261
7	1	0.708070039749
8	1	0.92310500145
7	0	1.11592006683
8	1	0.723883867264
7	1	1.76794505119
7	1	2.02161312103
7	1	0.961730957031
8	1	1.54512500763
8	1	1.08335208893
8	1	0.605097055435
8	0	0.697750091553
8	1	0.748350858688
7	0	0.859611988068
8	0	0.745688915253
8	1	1.39439797401
8	1	0.701710939407
8	1	0.610321998596
7	1	1.50506687164
7	1	0.674674034119
8	1	0.747582197189
7	1	0.706093072891
8	0	0.444221019745
8	1	0.705867052078
8	0	1.8951280117
8	1	2.32697510719
8	1	0.674636125565
7	1	1.05319595337
7	1	0.994879961014
7	1	1.20301413536
7	1	0.625761985779
8	0	0.949396848679
7	0	0.850133180618
8	0	0.978505134583
8	0	0.982003927231
7	1	0.512791872025
8	1	0.685807943344
7	1	0.625170230865
7	1	0.581453084946
8	1	1.38569092751
7	1	0.864728927612
7	0	0.676077842712
7	1	0.875762939453
8	1	0.832127094269
8	1	1.80414700508
7	1	1.62534594536
7	1	0.677079916
8	0	0.738085031509
8	0	1.21200084686
5	0	1.00155377388
6	1	1.61261701584
5	1	0.610178947449
6	1	0.724111795425
5	1	0.481408119202
5	0	1.53186392784
5	1	1.34598588943
6	1	0.976415872574
5	1	0.758074045181
6	1	0.450313806534
5	1	0.648485898972
5	1	0.898670911789
5	0	0.522330999374
5	1	3.97189903259
5	1	0.722137928009
5	1	0.70613694191
5	1	0.508074045181
5	1	0.618942975998
6	1	0.458637952805
5	1	0.579080104828
5	1	0.610840082169
5	1	0.517572164536
5	1	0.658581972122
6	1	0.673784017563
6	1	0.474092960358
6	1	0.581871032715
5	1	0.929690122604
5	0	0.449620008469
6	1	0.371865034103
6	1	0.484325885773
5	0	0.410512924194
5	0	0.960156917572
5	1	0.652256011963
6	0	0.620445966721
5	0	1.66665196419
6	0	1.49835395813
5	1	5.77770400047
6	1	2.32502007484
6	1	2.612210989
6	1	1.60039710999
5	0	1.04573011398
6	1	1.60895204544
6	1	1.94727015495
5	1	0.804744005203
5	1	0.973237037659
5	1	0.985633134842
6	1	0.92159986496
5	1	1.31485795975
5	1	0.788516044617
6	0	3.4017059803
6	1	0.769399881363
5	1	0.778635025024
6	1	0.491422891617
6	1	0.48113489151
6	1	0.740391016006
5	1	0.787082910538
6	1	2.12995195389
5	1	0.68202495575
6	1	0.612706899643
6	1	0.890902042389
5	1	1.12193989754
5	1	0.587080001831
5	1	0.54763007164
6	1	0.41081404686
5	1	0.43655705452
5	1	0.49232006073
5	1	0.377865791321
5	1	0.43529510498
6	1	0.530907869339
6	1	0.595297813416
5	1	0.610832929611
6	1	0.539022922516
5	1	0.369472026825
5	1	0.539312124252
6	1	0.548707962036
5	1	0.523164987564
6	0	0.506593942642
5	1	0.964797019958
5	1	1.56937384605
6	1	0.971976995468
6	1	2.58622097969
6	1	0.652079105377
6	1	0.604135036469
6	1	0.642255067825
5	1	0.796606063843
6	1	0.498506784439
6	1	0.995091915131
6	1	0.5700340271
6	1	0.539956092834
5	1	0.635355949402
5	0	1.28271818161
5	0	0.834804058075
6	1	0.561273097992
6	1	0.540536165237
6	1	0.555510997772
6	1	0.56480884552
5	1	0.523694992065
5	1	0.538795948029
6	1	0.634789943695
6	1	0.634974002838
6	1	0.738631010056
5	1	0.610572099686
5	1	0.54764509201
6	1	0.700157880783
5	1	2.07541203499
6	1	1.26774001122
5	1	0.657430887222
6	1	0.49978685379
5	1	0.419166088104
6	1	0.516113042831
6	1	0.415559053421
5	1	0.435417890549
6	0	0.417741060257
6	1	0.483948945999
6	1	0.589168071747
5	1	0.554460048676
6	0	1.11514496803
6	0	1.13273906708
5	1	0.816093921661
5	1	0.7971367836
5	0	0.626783847809
5	1	0.643013954163
6	1	0.508343935013
5	0	0.745459079742
6	1	0.76362991333
4	1	1.07962584496
4	1	0.653142929077
4	1	0.50647187233
4	1	0.599875926971
4	1	0.573229074478
4	1	0.46656703949
4	1	0.746366024017
4	1	0.626459121704
4	1	0.693054199219
4	1	0.586428165436
4	1	0.693113088608
4	1	0.466536998749
4	0	0.479876995087
4	1	0.693018913269
4	1	0.56147813797
4	1	0.43981218338
4	1	0.519787073135
4	1	0.506510019302
4	1	0.479862928391
4	1	0.533095121384
4	1	0.466500997543
4	1	0.626477003098
4	1	0.653153896332
4	1	0.479876041412
4	1	0.493170976639
4	1	0.533113002777
4	1	0.613065004349
4	1	0.599814176559
4	1	0.493048191071
4	1	0.453195095062
4	1	0.428381919861
4	1	0.413130044937
4	1	0.546517848969
4	1	0.599761962891
4	1	0.893070936203
4	0	0.4798579216
4	1	0.506421089172
4	1	0.573143959045
4	1	0.599843025208
4	1	0.479787111282
4	1	0.533088922501
4	1	0.506424188614
4	1	0.439884901047
4	1	0.639849901199
4	1	0.426485061646
4	1	0.586495876312
4	1	0.641447067261
4	0	0.559768915176
4	1	0.573092937469
4	1	0.479829788208
4	1	0.906316995621
4	1	0.57527589798
4	1	0.506505012512
4	1	0.508287191391
4	1	0.439912080765
4	1	0.573175907135
4	1	0.559907913208
4	1	0.61306810379
4	1	0.573077917099
4	1	0.466438770294
4	1	0.56146812439
4	1	0.426429033279
4	1	0.479871988297
4	1	1.00127196312
4	1	0.559755802155
4	1	0.546499013901
4	1	0.641466140747
4	1	0.506468057632
4	1	0.506546974182
4	1	0.533112049103
4	1	0.494908094406
4	1	0.494874000549
4	1	0.466444015503
4	1	0.428363800049
4	1	0.879763841629
4	1	0.413187980652
4	1	0.519722938538
4	1	0.42641711235
4	1	0.7730281353
4	1	0.746371030807
4	1	1.07956409454
4	0	1.05295610428
4	1	1.53275895119
4	1	0.493088960648
4	1	0.479837179184
4	1	0.506502866745
4	1	0.426551818848
4	1	0.586426019669
4	1	0.506526947021
4	1	0.573067903519
4	1	0.453192949295
4	1	0.573127985001
4	0	0.613101005554
4	1	0.466568946838
4	1	0.466464996338
4	1	0.426526069641
4	1	0.586460113525
4	1	0.466441869736
4	1	0.493106126785
4	1	0.986377954483
4	1	0.519829034805
4	1	0.519833087921
4	1	0.479875087738
4	1	0.468259096146
4	1	0.439814090729
4	1	0.453195095062
4	1	0.454850196838
4	1	0.453236818314
4	1	0.986387968063
4	1	0.426550149918
4	1	0.455065011978
4	1	0.759772062302
4	1	0.373246908188
4	1	0.399843931198
4	1	0.386599063873
4	1	0.466516971588
4	1	0.3465487957
4	1	0.399878978729
4	1	0.479871988297
4	1	0.506436824799
4	1	0.454850196838
4	1	0.506427049637
4	1	0.413161039352
4	1	0.426463127136
4	1	0.359838008881
4	1	0.453164100647
4	1	0.399871826172
4	1	0.533200979233
4	1	0.399787187576
4	1	0.373267889023
4	1	0.453183889389
4	1	0.479840993881
4	1	0.466565847397
4	1	0.346560955048
4	1	0.4264960289
4	1	0.466503143311
4	1	0.374927997589
4	1	0.586457967758
4	1	0.466547966003
4	1	0.359930038452
4	0	0.348258018494
4	1	0.559882164001
4	1	0.479799032211
4	1	0.413153886795
4	1	0.306564092636
4	1	0.426478862762
7	1	0.666450977325
8	1	0.479743003845
7	1	0.46826505661
7	1	0.399904966354
8	0	0.253296852112
8	1	0.413212776184
8	1	0.413280963898
8	1	0.414883136749
8	1	0.399811029434
7	0	0.453188896179
8	1	0.414933204651
8	1	0.439792871475
7	1	0.772978067398
7	1	0.399824857712
7	1	0.399917125702
8	1	0.373142004013
7	1	0.439862966537
7	1	0.401557922363
7	1	0.439838171005
7	1	0.466534852982
8	1	0.481541156769
7	0	0.546490907669
7	1	0.439808130264
8	1	0.399979829788
8	1	0.373305797577
8	1	0.399854898453
7	1	0.599760055542
8	1	0.386533975601
8	1	0.414901018143
7	1	0.479848861694
8	1	0.426554918289
8	1	0.426470994949
7	1	0.428200006485
8	1	0.38650393486
7	1	0.386542081833
7	1	0.414865970612
8	1	0.453214168549
8	1	0.5063829422
7	1	0.359879970551
8	1	0.401669025421
7	1	0.546466112137
7	1	0.413226127625
7	1	0.47974896431
7	1	0.479876995087
7	1	0.839668989182
7	1	0.814776182175
7	1	0.559789896011
7	1	0.599748849869
8	1	0.546512126923
8	1	0.399942159653
7	1	0.493162155151
8	1	0.37319111824
8	1	0.359863042831
7	1	0.493108987808
8	1	0.479732990265
7	1	0.479841947556
8	1	0.401553869247
7	1	0.533114910126
7	1	0.519825935364
8	1	0.479809999466
7	1	0.39982008934
8	1	0.413152933121
8	1	0.493121147156
8	1	0.439773082733
8	1	0.37327003479
8	1	0.506502151489
8	1	0.57314991951
8	1	0.399888038635
7	1	0.346557855606
8	1	0.466583967209
8	1	0.466606855392
8	1	0.374900102615
7	1	0.439946174622
8	1	0.413241863251
7	1	0.439835786819
7	1	0.453261137009
7	1	0.359889984131
8	1	0.466497898102
7	1	0.346630811691
8	0	0.346610069275
8	1	0.453125
7	1	0.426477909088
8	1	0.479830026627
8	1	0.386509895325
7	1	0.453172922134
8	1	0.453243017197
7	1	0.413228034973
7	1	0.493184089661
8	1	0.666460990906
7	1	0.48157119751
7	1	0.666517972946
8	1	0.479841947556
7	1	0.373337030411
8	1	0.49310708046
8	1	0.493109941483
7	1	0.508276939392
7	1	0.359901189804
7	1	0.69313287735
7	1	0.386570930481
7	1	0.426489114761
8	1	0.388258934021
7	0	0.359848976135
7	1	0.399830818176
8	1	0.426507949829
8	1	0.399873971939
8	1	0.43988609314
7	1	0.479747056961
7	1	0.413242101669
7	1	0.45322394371
8	1	0.45317697525
8	1	0.453152179718
8	1	0.428234100342
8	1	0.359930992126
7	1	0.414931058884
7	1	0.453197956085
7	1	0.373162984848
8	1	0.386507034302
8	1	0.388273000717
7	1	0.519740104675
7	1	0.439836978912
7	1	0.373197078705
7	0	0.466469049454
7	1	0.519784927368
7	1	1.85273218155
8	1	0.479813814163
8	1	0.41326212883
7	1	0.493176937103
8	1	0.399818897247
8	1	0.493260145187
8	1	0.399838924408
7	0	0.333222150803
7	1	0.439877033234
7	1	0.453200101852
8	1	0.493216991425
8	1	0.359884977341
8	1	0.373202085495
7	1	0.466490030289
7	1	0.59977889061
8	1	0.348361968994
8	1	0.359818935394
7	1	0.35987496376
7	1	0.386563062668
7	1	0.413203001022
8	1	0.454885959625
8	1	0.466552019119
7	1	0.479879140854
8	1	0.666412830353
8	1	0.43973493576
8	1	0.54652094841
7	1	0.31986117363
7	1	0.386592149734
7	1	0.439882993698
5	1	1.30618786812
5	1	0.773078918457
5	1	0.546410083771
6	1	0.386612176895
5	1	0.559829950333
5	1	0.426517963409
5	1	0.426543951035
6	1	0.481625080109
6	1	0.414868116379
6	1	0.439857959747
5	1	0.506494045258
5	0	0.89297580719
5	1	0.58646607399
5	1	0.455219984055
5	1	0.454843044281
5	1	0.479850053787
5	0	0.559736967087
5	1	0.426480054855
5	1	0.493160009384
5	1	0.42652797699
6	1	0.399807929993
6	1	0.453183889389
6	1	0.399913072586
6	1	0.399875879288
6	1	0.959759950638
5	1	0.373060941696
6	1	0.479840040207
6	1	0.453263998032
5	1	0.333154916763
6	1	0.399836063385
5	1	0.506579875946
6	1	0.494824886322
6	1	0.453159093857
6	0	0.71973991394
6	1	0.373248100281
5	1	0.599820137024
6	1	0.508327960968
6	1	0.426568984985
5	1	0.466642141342
6	1	0.426534175873
6	1	0.666464090347
6	1	0.959635972977
5	1	0.493129968643
5	1	0.439788103104
6	1	0.399946928024
5	1	0.439872026443
5	1	0.399816036224
6	1	0.679723978043
5	1	0.373192071915
6	1	0.466461896896
5	1	0.41493678093
5	1	0.466615915298
6	1	0.413244962692
6	1	0.439828872681
5	1	0.4265229702
5	1	0.439827919006
5	1	0.413266897202
6	1	0.373154163361
5	1	0.479825973511
6	1	0.506437063217
6	1	0.359848022461
6	1	0.479820013046
6	1	0.519781827927
5	1	0.386579990387
5	1	0.599759817123
5	0	0.333209037781
5	1	0.413214921951
5	1	0.466513156891
6	1	0.374861001968
5	1	0.613131046295
6	1	0.479767799377
5	1	0.693072080612
6	1	0.466444015503
5	1	0.453121185303
6	1	0.519819974899
5	1	0.546543836594
6	1	0.42647600174
6	1	0.401654005051
6	1	0.479782104492
5	1	0.812953948975
6	1	0.413129091263
5	1	0.506431102753
6	1	0.441520929337
6	1	0.706431865692
5	1	0.506531000137
5	1	0.45321893692
5	1	0.399894952774
5	1	0.453086137772
6	1	0.49481678009
6	1	0.626481771469
6	1	0.386543989182
5	1	0.466477870941
5	1	0.586550951004
5	1	0.373209953308
5	1	0.453188896179
6	1	0.479836940765
6	1	0.413242101669
6	1	0.466552019119
5	1	0.721478939056
6	1	0.453202962875
5	1	0.559694051743
6	1	0.559725999832
5	1	0.439848184586
5	1	0.479796886444
5	1	0.35986495018
6	1	0.439841985703
6	1	0.533203125
5	1	0.373183012009
5	0	0.413123130798
5	1	0.399856805801
5	1	0.426553010941
5	1	0.506453037262
5	1	0.41315984726
5	1	0.466478824615
5	1	0.426567077637
5	1	0.506514072418
6	1	0.639772176743
6	1	0.373245954514
6	1	0.466481924057
5	1	0.453197002411
5	1	0.481598138809
6	1	0.453155994415
6	1	0.373226881027
6	1	0.386543989182
5	1	0.359830141068
6	1	0.401598930359
5	1	0.453117847443
5	1	0.333281040192
6	1	0.426628112793
5	1	0.439890146255
6	1	0.493098974228
6	1	0.466518878937
6	1	0.494945049286
5	1	0.386631965637
6	1	0.413287162781
6	1	0.413161039352
6	0	0.426485061646
5	1	0.386533975601
5	1	0.45320391655
6	1	0.559810876846
5	1	0.466499090195
5	1	0.479838132858
5	1	0.49311709404
5	1	0.453269004822
5	1	0.506408929825
6	1	0.601428985596
5	1	0.439852952957
6	1	0.43986082077
5	1	0.479882955551
6	1	0.453145980835
5	1	0.972944021225
6	1	0.466475963593
5	1	0.481495141983
5	0	0.479789972305
6	1	0.439835071564
6	1	0.453144073486
5	1	0.466489076614
5	1	0.386586904526
5	1	1.37290406227
6	1	0.413228034973
5	1	0.413187980652
6	1	0.399799108505
5	1	0.399873018265
6	1	0.386539936066
6	1	0.373224020004
5	1	0.49309015274
6	1	0.479902982712
5	1	0.373262882233
5	1	0.439870834351
5	1	0.413182973862
6	1	0.373171806335
5	1	0.348299980164
5	1	0.599842071533
6	1	0.41491985321
5	1	0.386615991592
5	1	0.666398048401
6	1	0.34653711319
5	1	0.586490869522
5	1	0.348197937012
5	1	0.386447906494
6	1	0.346498012543
5	1	0.479808807373
5	1	0.468258857727
5	1	0.479801893234
6	1	0.373148918152
5	1	0.319947004318
5	1	0.533196926117
6	1	0.559858083725
5	1	0.693129062653
6	1	0.399866104126
6	1	0.373142004013
6	1	0.506493091583
5	1	0.519859790802
6	1	0.479811906815
6	1	0.439898014069
5	1	0.45310997963
5	1	0.521450996399
5	1	0.506480932236
6	1	0.508203983307
5	1	0.479829072952
6	1	0.413188934326
6	1	0.453103780746
6	1	0.399956226349
6	1	0.852991819382
6	1	0.42648601532
6	1	0.481595993042
5	1	0.43984413147
5	1	0.506510972977
6	1	0.439908981323
5	1	0.359884977341
5	1	0.428216934204
6	1	0.613127946854
6	1	0.359895944595
6	1	0.454948186874
6	1	0.479785919189
6	1	0.373245000839
6	1	0.453160047531
5	1	0.546433925629
5	1	0.399793148041
5	1	0.546424865723
5	1	0.308335065842
5	1	0.454894065857
6	1	0.50647687912
5	1	0.493144989014
5	0	0.413193941116
6	1	0.428782939911
5	1	0.466501951218
6	1	0.732939004898
6	1	0.413206100464
5	1	0.399748086929
5	1	0.586516857147
5	1	0.426440954208
5	1	0.533133983612
6	1	0.439878940582
5	1	0.506496906281
6	0	0.479838132858
5	1	0.413192033768
6	0	0.453127145767
6	1	0.506563901901
6	1	0.413213014603
5	1	0.493155956268
6	1	0.426480054855
6	1	0.413269996643
6	1	0.386507987976
5	1	0.359856843948
5	1	0.586467027664
6	1	0.439815044403
5	1	0.519869089127
6	1	0.439831018448
6	1	0.493133068085
6	1	0.413166999817
5	1	0.519886016846
6	1	0.359858989716
6	1	0.479789972305
5	1	0.506534099579
5	1	0.588045120239
6	1	0.42641210556
6	1	0.601485967636
5	1	0.506510972977
6	1	0.679761886597
6	1	0.373315095901
5	0	0.693084001541
5	1	0.373288869858
5	1	0.373203992844
6	1	0.493170976639
6	1	0.573226928711
5	1	3.39874577522
5	1	0.559795856476
5	1	0.413182973862
6	1	0.439881086349
5	1	0.479890108109
6	1	0.399921894073
5	1	0.359883069992
6	1	0.453219890594
5	1	0.43989109993
5	1	0.493130922318
6	1	0.479868173599
5	1	0.479779958725
5	1	0.51976108551
5	1	0.454876899719
5	1	0.479846000671
5	1	0.426512956619
5	0	0.39985203743
6	1	0.386569023132
6	1	0.521534204483
5	1	0.573209047318
6	1	0.626447916031
6	1	0.866345882416
5	1	0.49320602417
6	1	0.519798994064
6	1	0.799802780151
5	1	0.506506919861
5	0	1.04138088226
6	1	0.399906158447
6	1	0.479756116867
6	1	0.426512956619
5	1	0.45515704155
5	1	0.45317697525
5	1	0.599828958511
7	1	0.679713964462
8	1	0.493169784546
7	1	0.414860963821
7	1	0.426553010941
8	1	0.453137159348
8	1	0.5464220047
8	1	0.399856090546
7	1	0.426513910294
7	1	0.40164399147
8	1	0.426532030106
8	1	0.306554079056
8	1	0.359848976135
7	1	0.413188934326
7	1	0.506545066833
7	1	0.346493005753
8	1	0.386464834213
8	1	0.454870939255
7	0	0.439846992493
7	1	0.399892091751
8	1	0.439866065979
8	1	0.426513910294
7	1	0.426553010941
8	1	0.43983912468
7	1	0.519727945328
7	1	0.428295850754
8	1	0.426559925079
7	1	0.399830102921
7	1	0.426494836807
8	1	0.439822912216
7	1	0.693037986755
7	1	0.588248968124
8	1	0.546531200409
8	1	0.439893960953
8	1	0.506599187851
7	1	0.468209028244
7	1	0.413264036179
8	1	0.413240909576
7	1	0.506494998932
8	1	0.468498945236
7	1	0.506442070007
7	1	0.399839878082
7	1	0.78644490242
7	1	0.506534099579
7	1	0.426528930664
7	1	0.55979681015
8	1	0.441532850266
7	1	0.613157987595
8	1	0.439778089523
8	1	0.439821958542
7	1	0.506548166275
8	1	0.41323018074
7	0	0.426437854767
7	1	0.453243970871
7	1	0.493119001389
7	1	1.45463609695
8	1	0.719773054123
8	1	0.506468057632
7	1	0.4398021698
8	1	0.399919033051
7	1	0.46821808815
8	1	0.399796009064
7	1	0.494913101196
7	1	0.399920940399
7	1	0.719814062119
8	1	0.466580152512
7	1	0.454814195633
7	1	0.679692029953
7	1	0.373220920563
8	1	0.546555042267
8	1	0.493168830872
8	1	0.453243017197
7	1	0.719783067703
8	1	0.493173837662
8	1	0.721389055252
7	1	0.639813184738
8	1	0.559777021408
7	0	0.346566915512
7	1	0.639778852463
7	1	0.439770936966
7	1	0.466539859772
8	1	0.586545944214
8	1	0.413120031357
8	1	0.653115987778
8	1	0.468180179596
7	1	0.386537075043
7	0	0.373151063919
8	1	0.453142881393
7	1	0.708209991455
7	0	0.866316080093
7	1	0.468305110931
8	1	0.399818897247
8	1	0.479776859283
7	1	0.45313000679
8	1	0.439836978912
8	1	0.426602125168
7	0	0.426535129547
8	1	0.441482067108
7	1	0.506478071213
8	1	0.45308303833
7	1	0.493136167526
7	1	0.428354024887
8	1	0.559716939926
7	1	0.386495828629
8	1	0.426563978195
7	1	0.399851083755
8	1	0.361657857895
8	1	0.386555194855
8	1	0.386504888535
8	0	0.386495828629
8	1	0.493098020554
8	1	0.559849977493
8	1	0.479911088943
8	1	0.53310918808
8	1	0.519824981689
8	1	0.493180036545
7	1	0.506556034088
7	1	0.386564970016
8	1	0.813058137894
8	1	0.37330198288
8	1	0.306653022766
7	1	0.493134021759
7	0	0.666418075562
7	0	0.386506080627
8	1	0.466510057449
8	1	0.373171806335
7	1	0.47976899147
8	1	0.348332166672
7	1	0.319828033447
7	1	0.479789972305
8	0	0.399900197983
8	1	0.506477117538
8	1	0.879653930664
8	1	0.559751987457
7	0	1.05300593376
8	1	0.826390981674
8	1	0.41494011879
7	1	0.479719161987
7	1	0.479737043381
8	1	0.466479063034
8	1	0.453188896179
8	1	0.479885816574
7	1	0.519735097885
7	1	0.639717102051
8	1	0.453155040741
7	1	0.399850845337
7	1	0.346493005753
7	1	0.479871988297
8	1	0.426473140717
8	1	0.413271903992
7	1	0.414947032928
1	1	0.586452007294
1	1	0.413147211075
1	1	0.399944067001
1	1	0.453165054321
1	1	0.506567955017
1	1	0.546391010284
1	1	0.706367015839
1	1	0.439820051193
1	1	0.426570892334
1	1	0.373144865036
1	1	0.533091068268
1	1	0.359884023666
1	1	0.613196849823
1	0	0.466524839401
1	1	0.479799985886
1	1	0.479751110077
1	1	0.428206205368
1	1	0.533121109009
1	1	0.439795017242
1	1	0.359951019287
1	1	0.37330698967
1	1	0.45316696167
1	1	0.42661190033
1	1	0.479882955551
1	1	0.453128099442
1	1	0.519948005676
1	1	0.506502866745
1	1	0.761445045471
1	0	0.399936914444
1	1	0.534791946411
1	1	0.599747896194
1	0	0.866355895996
1	1	0.533173084259
1	1	2.02589201927
1	1	0.466482877731
1	1	0.45319890976
1	1	0.666431903839
1	1	0.719697952271
1	1	0.493138074875
1	1	0.759730100632
1	1	0.801447153091
1	1	0.759756088257
1	1	2.37431287766
1	1	0.719708919525
1	1	0.454831123352
1	0	0.706426858902
1	1	0.706430912018
1	1	0.519817113876
1	1	0.599752902985
1	1	0.386492013931
1	1	0.493145942688
1	1	0.546494960785
1	1	0.386541128159
1	1	0.373142004013
1	1	0.413188934326
1	1	0.373157978058
1	1	0.466467142105
1	1	0.466508865356
1	1	0.546397924423
1	1	0.573103189468
1	1	0.693047046661
1	1	0.533201932907
1	1	0.386511087418
1	1	0.399873018265
1	1	0.506520032883
1	1	0.67972111702
1	1	0.373286008835
1	1	0.466578006744
1	1	0.426528930664
1	1	0.413156032562
1	1	0.51981306076
1	1	0.466444969177
1	1	0.399832963943
1	1	0.439810991287
1	1	0.508150815964
1	1	0.38650894165
1	1	0.413126945496
1	1	0.493205070496
1	1	0.386558055878
1	1	0.346524000168
1	1	0.333281993866
1	1	0.359941005707
1	1	0.493214130402
1	0	0.653110980988
1	0	0.413154125214
1	1	0.653048038483
1	1	0.426545143127
1	1	0.439865112305
1	1	0.453189849854
1	1	0.466471910477
1	1	0.439835071564
1	1	0.53321313858
1	0	1.26617217064
1	1	0.493098020554
1	1	0.439872980118
1	1	0.428214073181
1	0	0.439877986908
1	1	0.47980594635
1	1	0.588168859482
1	1	0.386579036713
1	1	0.399909973145
1	1	0.481555938721
1	1	0.439819097519
1	1	0.426558017731
1	1	0.439843893051
1	1	0.493201971054
1	1	0.719861984253
1	1	0.479899168015
1	0	2.2925491333
1	1	0.453239202499
1	1	0.453150987625
1	1	0.414827823639
1	1	0.454859972
1	1	0.439870119095
1	0	0.746333837509
1	1	0.519876003265
1	1	0.626461982727
1	1	0.426645994186
1	1	0.506510019302
1	1	0.481505155563
1	1	0.506438016891
1	1	0.573113918304
1	1	0.479869127274
1	1	0.546473026276
1	0	0.773022890091
1	1	0.37491106987
1	1	0.399856805801
1	1	0.359819889069
1	1	0.46822309494
1	1	0.413181066513
1	1	0.466526985168
1	0	0.733090877533
1	1	0.373214006424
1	1	0.508270025253
1	1	0.359815835953
1	1	0.373207092285
1	1	0.454898834229
1	1	0.453113079071
1	1	0.479788064957
1	1	0.519709825516
1	1	0.548142910004
1	1	0.439876079559
1	1	0.49311709404
1	1	0.386537075043
1	1	0.373214006424
1	1	0.453099966049
2	1	0.948042869568
2	1	0.746482133865
2	1	0.479914903641
2	1	0.439889907837
2	1	0.59974694252
2	1	0.519754171371
2	1	0.588285923004
2	1	0.534882068634
2	1	0.479824066162
2	1	0.39986205101
2	1	0.386583089828
2	1	0.413131952286
2	1	0.613234996796
2	1	0.413120031357
2	1	0.799731016159
2	0	0.413149118423
2	1	0.441722869873
2	1	0.439876079559
2	1	0.439874887466
2	1	0.426582098007
2	1	0.373172044754
2	1	0.974691867828
2	1	0.49314904213
2	1	0.426620960236
2	1	0.466547966003
2	1	0.533195972443
2	1	0.466508865356
2	1	0.493115901947
2	1	0.426492929459
2	1	0.413217067719
2	1	0.506533145905
2	0	0.333230018616
2	1	0.359803199768
2	0	0.546490907669
2	1	0.639798879623
2	1	0.428232192993
2	1	0.479740858078
2	1	0.466497898102
2	1	0.521501064301
2	1	0.454905986786
2	1	0.626415014267
2	1	0.42650103569
2	1	0.559799909592
2	1	0.479929924011
2	1	0.548251867294
2	1	0.573100805283
2	1	0.493197917938
2	1	0.413165092468
2	0	0.466516017914
2	1	0.573137044907
2	1	0.50660610199
2	1	0.453254938126
2	1	0.66641998291
2	1	0.439902067184
2	1	0.466539144516
2	1	0.494980096817
2	0	0.413156032562
2	1	0.373205900192
2	1	0.586530923843
2	1	0.493238925934
2	1	0.413082122803
2	1	0.493097066879
2	1	0.534942150116
2	1	0.466542005539
2	1	0.466449975967
2	1	0.426488161087
2	1	0.519876003265
2	1	0.426529884338
2	1	0.506442070007
2	1	0.519742965698
2	0	0.479853868484
2	1	0.413189888
2	1	0.466511964798
2	1	0.466480970383
2	1	0.481543064117
2	1	0.453237056732
2	1	0.386512994766
2	1	0.573184967041
2	1	0.666440010071
2	1	0.546413898468
2	1	0.386584997177
2	1	0.43983912468
2	1	0.439805984497
2	1	0.628093957901
2	1	0.426542043686
2	1	0.426531076431
2	1	0.413200855255
2	1	0.359848976135
2	1	0.35995721817
2	0	0.306658029556
2	1	0.49325299263
2	1	0.359793186188
2	1	0.719847917557
2	1	0.519912004471
2	1	0.441524028778
2	1	0.453211069107
2	1	0.479809045792
2	1	0.519799947739
2	1	0.359915018082
2	1	0.43984413147
2	1	0.746484994888
2	1	0.733078956604
2	1	0.466588973999
2	1	0.479861974716
2	1	0.453233003616
2	1	0.586517810822
2	1	0.559826135635
2	1	0.62639093399
2	1	0.666478157043
2	0	0.5197930336
2	1	0.399897098541
2	1	0.413152933121
2	1	0.453138113022
2	1	0.373152017593
2	1	0.319911003113
2	1	0.348259925842
2	0	0.294950962067
2	1	0.494953155518
2	1	0.386539936066
2	1	0.348341941833
2	0	0.293195962906
2	1	0.479856014252
2	1	0.46647310257
2	1	0.42648100853
2	1	0.799764156342
2	1	0.453158140182
2	1	0.466542005539
2	1	0.49320101738
2	1	0.466581106186
2	1	0.359915018082
2	1	0.77307009697
2	1	0.401557207108
2	1	0.359815835953
2	1	0.719732999802
2	1	0.573075056076
2	1	0.386518001556
2	1	0.413283109665
2	1	0.426500082016
2	1	0.413139820099
2	0	0.413270950317
2	1	0.494963169098
2	0	0.614894866943
2	1	0.47981595993
2	1	0.479835987091
2	1	0.413239002228
2	1	0.533170938492
2	1	0.506562948227
2	1	0.54650592804
2	1	0.668148994446
2	1	0.399811029434
3	1	0.439763069153
3	1	0.426479101181
3	1	0.386549949646
3	1	0.453191041946
3	1	0.359858036041
3	1	0.386478900909
3	1	0.453199863434
3	1	0.506542921066
3	1	0.359905004501
3	1	0.386592149734
3	1	0.359887838364
3	1	0.533164978027
3	0	0.506448030472
3	1	0.479890108109
3	1	0.548140048981
3	0	0.413156032562
3	1	0.561517000198
3	1	0.399889945984
3	1	0.49322104454
3	1	0.46652007103
3	1	0.46654510498
3	1	0.639764070511
3	1	0.439862966537
3	1	0.426531076431
3	1	0.46820306778
3	1	0.519849061966
3	1	0.426542043686
3	1	0.466536998749
3	1	0.506494998932
3	1	0.466487169266
3	1	0.453112125397
3	1	0.533134937286
3	1	0.46822810173
3	1	0.479875087738
3	1	0.399811029434
3	1	0.413119792938
3	1	0.413209915161
3	1	0.479702949524
3	1	0.508167028427
3	0	0.559720993042
3	1	0.479836940765
3	1	0.439871072769
3	1	0.413104057312
3	1	0.413225889206
3	1	0.439903020859
3	1	0.626494169235
3	1	0.479824066162
3	1	0.413244962692
3	1	0.373216152191
3	1	0.559838056564
3	1	0.426495075226
3	1	0.719870090485
3	1	0.468258142471
3	1	0.454949140549
3	1	0.63981294632
3	1	0.493157863617
3	1	0.573069810867
3	1	0.439749956131
3	1	0.386518001556
3	1	0.493293046951
3	1	1.71946716309
3	1	1.14623594284
3	1	0.693069934845
3	1	0.493110895157
3	1	0.519748926163
3	1	0.453106880188
3	1	0.439831018448
3	1	0.479849815369
3	1	0.426536083221
3	1	0.428273200989
3	1	0.426635980606
3	1	0.45317697525
3	1	0.533205032349
3	1	0.468271017075
3	1	0.413244962692
3	1	0.439864873886
3	1	0.374876976013
3	1	0.506530046463
3	1	0.466500043869
3	1	0.386584043503
3	1	0.359932899475
3	1	0.694792032242
3	1	0.479799985886
3	1	0.413219928741
3	1	0.599816799164
3	1	0.43981385231
3	1	0.506493806839
3	1	0.386534929276
3	1	0.426587820053
3	1	0.493173122406
3	1	0.359817028046
3	1	0.493182897568
3	1	0.613060951233
3	1	0.426516056061
3	1	0.521560907364
3	1	0.495027065277
3	1	0.413228988647
3	1	0.453090906143
3	1	0.481446027756
3	1	0.479855060577
3	1	0.573045969009
3	1	0.479917049408
3	1	0.399820804596
3	1	0.519869089127
3	1	0.399852991104
3	1	0.854798078537
3	1	0.46649980545
3	1	0.506407976151
3	1	0.519812107086
3	1	0.479780912399
3	1	0.426503896713
3	1	0.49489402771
3	1	0.55979514122
3	1	0.533228158951
3	1	0.466471910477
3	1	0.426522016525
3	1	0.399791002274
3	1	0.413111925125
3	1	0.653090953827
3	1	0.453155040741
3	0	0.586460828781
3	1	0.599791049957
3	1	0.493156909943
3	1	0.934673070908
3	0	0.479806900024
3	1	0.639706850052
3	1	0.613152980804
3	1	0.506557941437
3	1	0.559882879257
3	1	0.626492023468
3	1	1.17282819748
3	1	0.573167085648
3	0	0.453173160553
3	1	0.959631919861
3	1	0.893013000488
3	1	0.559742927551
3	1	1.02627778053
3	1	0.559845924377
3	1	0.639807939529
3	1	1.04135107994
3	0	1.42609381676
3	1	0.548099040985
3	1	0.506422996521
3	1	0.413107872009
3	1	0.988052129745
3	1	1.98595309258
