6	0	1.57907390594
5	1	1.09313106537
6	1	1.22901988029
6	1	0.667065143585
6	1	0.94704413414
5	0	1.2433052063
6	1	1.72154188156
5	1	2.12532806396
5	0	0.81013584137
5	1	1.25828909874
5	1	0.994465827942
6	0	0.9709379673
5	1	2.41222715378
5	1	0.81103181839
5	0	2.45320987701
5	1	1.96798110008
6	1	0.843428134918
6	0	2.07539486885
5	1	0.660074949265
5	0	1.44138002396
6	1	0.93385887146
6	0	2.02455186844
6	1	2.21126294136
5	1	1.83517003059
5	0	1.25242996216
6	1	2.21935892105
6	0	1.82082104683
5	1	2.80134797096
6	1	1.34090185165
6	1	0.803342103958
6	0	0.722313165665
6	1	0.634859085083
6	1	1.66144990921
6	1	0.680073022842
6	0	0.956783056259
5	1	1.61740803719
6	1	0.587636947632
6	1	1.43736505508
6	0	0.675690889359
6	1	0.69851899147
5	1	0.633985042572
5	1	0.483076095581
5	1	0.434828042984
5	1	0.813207864761
6	0	0.560817956924
6	0	0.532402992249
6	0	0.667573928833
5	1	1.09751701355
6	1	0.71456193924
6	0	1.18798899651
5	1	0.931569814682
6	0	1.7083568573
6	1	0.666861057281
6	0	2.17963314056
5	1	1.94840097427
6	1	0.592519044876
6	1	0.59704208374
5	0	2.55427193642
6	1	1.18920993805
6	0	0.706308841705
5	1	0.523597955704
6	1	1.18770694733
6	1	2.62719082832
6	1	1.23555994034
5	1	2.91569900513
5	1	1.97149610519
5	0	1.08193182945
6	0	1.06007599831
6	1	0.699642896652
5	1	0.747854948044
6	0	0.819446086884
6	1	0.575966835022
6	1	0.860756158829
5	1	0.690850019455
5	1	0.476092100143
5	1	0.784440040588
5	0	0.478137016296
6	1	0.858221054077
5	0	0.546947956085
5	1	0.699434995651
5	0	0.836879968643
5	1	0.697055101395
6	1	0.894243955612
5	0	1.09213495255
5	0	1.80188298225
6	0	0.56825709343
5	0	1.21204590797
6	1	1.5043118
6	1	0.573602199554
5	0	1.64264512062
5	1	1.21123194695
6	1	0.731357812881
5	1	2.11543512344
5	1	1.51363396645
5	1	1.65962195396
5	1	0.962085008621
6	1	0.874905109406
6	1	0.843288898468
5	1	1.02773404121
6	1	0.827115058899
6	1	0.971790075302
5	1	0.691460847855
6	1	0.689322948456
5	1	0.635219097137
5	1	0.96254992485
5	1	0.89196395874
6	1	0.585464954376
6	1	0.586714029312
5	1	0.722567081451
5	0	0.515722990036
5	0	0.989176988602
6	0	0.362604856491
6	1	0.675702095032
5	0	0.778950929642
4	0	0.683001041412
4	1	1.23470783234
4	1	1.33960008621
4	1	1.11558794975
4	1	1.64368915558
4	0	1.48208189011
4	1	2.30608320236
4	1	1.56448507309
4	1	0.746683120728
4	1	1.10765314102
4	1	0.603008985519
4	0	0.668402910233
4	1	1.60900092125
4	1	0.61763715744
4	1	0.661111116409
4	1	0.53128194809
4	0	0.859194993973
4	0	0.520542860031
4	1	0.683218955994
4	1	0.730075120926
4	0	1.1241710186
4	1	0.483060121536
4	1	0.747267007828
4	0	0.444138050079
4	0	0.319180011749
4	1	0.635405063629
4	1	1.62161016464
4	0	0.576850891113
4	1	1.22792100906
4	1	0.555588006973
4	1	0.523119926453
4	1	0.761404037476
4	1	0.587403059006
4	1	0.636385202408
4	1	0.704957008362
4	1	0.514694213867
4	1	0.782053947449
4	0	0.474154949188
4	1	0.705097913742
4	1	0.812534809113
4	1	0.562491893768
4	1	0.625638961792
4	1	0.667979955673
4	1	0.793744087219
4	1	1.02976679802
4	1	1.17588591576
4	1	1.14021897316
4	1	1.22419095039
4	1	0.652936935425
4	1	0.595690965652
4	1	1.05932998657
4	1	0.777698993683
4	1	0.629173994064
4	1	0.538949012756
4	1	0.593357801437
4	1	0.562064170837
4	1	0.669162034988
4	0	0.969800949097
4	1	1.31530880928
4	1	0.626324176788
4	1	0.669569015503
4	1	0.747387886047
4	0	0.642521858215
4	1	0.930304050446
4	1	0.548146009445
4	1	0.698313951492
4	1	0.60237622261
4	1	0.579139947891
4	1	0.507770061493
4	1	0.529495954514
4	1	0.547373056412
4	1	0.656825065613
4	1	0.501511096954
4	1	0.563760995865
4	1	0.696858882904
4	0	0.387185096741
4	1	0.443583011627
4	1	0.611306905746
4	1	0.465759038925
4	1	0.435651063919
4	1	0.610963106155
4	1	0.47279214859
4	0	0.46971487999
4	0	0.491453886032
4	1	0.777900934219
4	1	0.723154067993
4	1	0.587631225586
4	1	0.681516885757
4	1	0.579988956451
4	1	0.602813959122
4	1	0.786034822464
4	1	0.548323154449
4	1	0.617937088013
4	1	0.460979938507
4	1	0.529883861542
4	1	0.827294111252
4	0	0.433096170425
4	1	0.700365066528
4	1	0.611581087112
4	1	0.866153001785
4	1	0.529857873917
4	1	0.843439817429
4	1	0.681200027466
4	1	0.715580224991
4	1	0.554415941238
4	0	0.626847982407
4	1	0.570801973343
4	1	0.523743152618
4	0	0.499370098114
4	1	0.578683137894
4	1	0.619765996933
4	1	0.532275915146
4	1	0.850251197815
4	1	1.16372299194
4	1	0.464323997498
4	1	0.444447040558
4	1	0.537796020508
4	1	0.493544816971
4	1	0.386230945587
4	1	0.571777105331
4	1	0.416726112366
4	1	0.36331820488
4	1	0.424703836441
4	1	0.492080926895
4	1	0.476611852646
4	1	0.505589008331
4	0	0.395701885223
4	1	0.746656894684
4	1	0.554511070251
4	0	0.674977064133
4	0	0.880916118622
4	1	0.601174116135
4	0	0.411703109741
4	0	0.480921030045
4	1	0.851167917252
7	0	1.2763030529
8	0	1.25134801865
8	1	1.94730401039
8	0	1.32285499573
7	0	1.29888892174
7	1	0.802058935165
7	1	0.612416028976
7	1	0.961709022522
8	0	0.666740894318
7	1	0.779977083206
7	1	0.538900852203
8	1	0.475277900696
7	0	0.698204994202
7	1	0.587369918823
8	0	0.482859134674
8	1	1.16332101822
8	1	0.738522052765
8	1	0.642071962357
7	1	0.595505952835
7	1	1.11417412758
8	0	0.652809143066
8	1	2.54622888565
7	1	0.972511053085
8	1	0.666440010071
7	1	0.548483133316
8	0	1.05061602592
8	1	0.474242925644
8	1	0.587999820709
7	1	0.625564098358
8	1	0.541249990463
7	1	0.753167867661
7	0	0.483094930649
7	1	0.745985984802
7	0	2.18845891953
7	1	0.603422164917
8	1	0.530467987061
8	1	0.514302968979
8	1	0.45147395134
8	1	0.523658037186
7	1	0.498673915863
7	1	0.491482019424
8	0	0.627110004425
8	1	0.883632898331
7	0	2.03324699402
7	1	0.64489197731
8	1	0.612205028534
7	0	0.905831813812
8	1	0.857346057892
8	0	1.3890838623
7	1	1.13989901543
8	1	1.3052418232
7	1	0.667618989944
8	1	0.556297063828
7	1	0.994126081467
7	1	1.18641996384
7	1	0.645785093307
8	1	0.539304018021
8	1	0.560960054398
7	1	0.515598058701
8	1	0.531186103821
8	1	0.498564004898
7	1	0.411159038544
8	1	0.580145835876
8	1	0.539684057236
7	1	0.450980186462
7	1	0.43288898468
7	1	0.381777048111
7	1	0.432799816132
7	1	0.514846086502
8	1	0.386395931244
8	1	0.462986946106
8	1	0.48122882843
8	1	0.45738697052
7	1	0.418610811234
8	0	0.57969212532
8	1	0.537668943405
8	1	0.411983013153
8	1	0.578845024109
8	1	0.5148229599
8	1	0.457904815674
8	1	0.589369058609
7	0	0.635252952576
7	1	0.785531997681
8	1	0.629024028778
7	1	0.706321001053
8	1	0.680507898331
7	1	0.812431812286
8	1	0.779227018356
7	1	0.586042881012
8	1	0.508903026581
7	1	0.708409070969
7	1	0.50589299202
7	1	0.706920862198
8	1	0.579470157623
7	1	0.938316106796
7	1	0.537901163101
7	0	0.586802959442
7	1	0.57913517952
8	1	0.61274600029
8	0	0.674031019211
8	1	0.713621139526
7	0	0.794485092163
7	1	0.915843963623
8	1	0.642692089081
7	0	0.530906915665
8	0	1.10626792908
8	1	0.5710709095
7	1	0.546815156937
8	1	0.500924825668
7	1	0.537738084793
7	0	0.419694900513
8	1	0.706702947617
8	1	0.634475946426
8	1	0.540143966675
8	1	0.451653003693
7	1	0.507311820984
7	1	0.49063205719
7	1	0.515650987625
7	1	0.809769153595
8	1	0.508010149002
8	1	0.456753015518
8	1	0.522771120071
8	1	0.372689962387
7	0	1.0820069313
7	0	0.60346198082
8	1	0.378319978714
7	0	0.413717031479
8	1	0.610944986343
7	1	0.658092975616
7	0	0.715160131454
8	0	1.22136092186
8	1	0.841202020645
7	0	1.99647307396
7	1	1.77129197121
1	1	1.33932304382
1	1	0.945966005325
1	0	1.19540214539
1	1	0.716305971146
1	1	1.46808004379
1	1	0.785177946091
1	1	0.548582077026
1	0	1.16187691689
1	1	0.961731910706
1	0	0.635879039764
1	0	2.25787615776
1	1	2.10059714317
1	1	3.09050798416
1	1	2.82945895195
1	1	2.8193230629
1	1	5.52193808556
1	1	1.9641699791
1	1	1.8812019825
1	0	2.09286308289
1	0	1.93129706383
1	1	1.49136900902
1	0	1.94603681564
1	1	1.0995349884
1	1	0.963542938232
1	1	1.02660989761
1	1	1.9308860302
1	0	2.97303318977
1	1	3.03450107574
1	0	3.06730389595
1	1	3.69080805779
1	1	1.90768098831
1	1	2.28927898407
1	1	2.3381729126
1	1	1.73315000534
1	1	1.74778914452
1	0	2.68278503418
1	1	2.46621394157
1	1	1.86789011955
1	1	1.36173915863
1	0	3.12610697746
1	1	1.94498896599
1	0	3.93945002556
1	1	2.08524298668
1	0	2.81846404076
1	0	2.14777517319
1	1	1.32134795189
1	1	0.988948106766
1	1	0.938162088394
1	1	0.579344987869
1	0	0.642206192017
1	1	0.922948122025
1	1	1.24505400658
1	0	0.776856899261
1	1	0.723200082779
1	1	0.8338971138
1	1	0.980314016342
1	1	0.683912038803
1	0	0.892168998718
1	1	0.673687934875
1	1	0.513892889023
1	1	0.659364938736
1	0	0.642841100693
1	1	0.681807041168
1	1	0.708296775818
1	1	0.897003889084
1	0	0.813151836395
1	1	0.657157182693
1	0	0.491690158844
1	1	0.77793598175
1	0	0.555835008621
1	1	0.985058784485
1	1	0.843248844147
1	0	0.996448993683
1	1	1.315762043
1	0	1.61898589134
1	1	1.17238807678
1	1	0.891866922379
1	1	0.842550039291
1	0	0.754734992981
1	1	0.764924049377
1	0	0.699540138245
1	1	1.54573106766
1	1	0.677239894867
1	1	1.22565698624
1	0	1.33071517944
1	1	1.30829596519
1	1	0.93892288208
1	1	0.595291137695
1	1	0.684601068497
1	1	0.993405818939
1	1	0.596169948578
1	1	0.450593948364
1	1	0.475461006165
1	0	0.448464870453
1	1	0.62837100029
1	0	0.956566810608
1	0	0.772466897964
1	1	0.753484010696
1	0	0.670179843903
1	1	1.02685689926
1	1	0.514787197113
1	1	1.05726885796
1	1	0.97116112709
1	1	0.594947099686
6	1	0.794199943542
5	1	0.482834100723
5	1	0.644736051559
6	1	0.948013067245
5	1	1.96317982674
5	1	0.7484998703
6	0	1.02735495567
5	1	0.952596902847
6	1	0.72394490242
6	0	1.0099670887
5	1	0.674852848053
6	1	0.612853050232
6	1	0.691334962845
5	1	0.490555047989
6	1	0.532339811325
5	1	0.482869148254
6	1	0.675308942795
5	1	0.792506933212
6	1	1.31721591949
5	1	0.792412042618
6	1	0.834318161011
6	1	1.01381087303
6	1	0.657619953156
6	1	0.563481807709
6	1	0.637292146683
5	1	0.810470819473
5	1	0.692124128342
6	1	0.708232164383
6	1	0.648482084274
6	1	0.443368911743
6	1	0.652373075485
5	1	0.466894865036
5	1	0.475322008133
5	1	0.402313947678
5	1	0.371648073196
6	1	0.380666971207
5	1	0.705316066742
5	1	0.755874156952
5	1	0.553697824478
5	1	0.995173931122
6	1	0.586835861206
6	1	0.538831949234
6	1	0.613566160202
5	1	0.539747953415
5	1	0.584401130676
5	1	0.701907873154
5	0	0.689579963684
6	1	0.563308954239
5	1	0.57168507576
5	1	0.704523086548
5	1	0.549127101898
6	0	0.921856880188
6	1	0.762779951096
5	1	0.644629955292
5	1	0.594779968262
6	1	0.603554964066
6	1	1.16188001633
6	1	0.677097082138
6	1	0.660567045212
6	1	0.648649930954
5	1	0.65383887291
6	1	0.522105932236
5	0	0.530349969864
6	1	0.859097003937
5	1	0.538426160812
5	0	0.789073944092
5	1	0.874914884567
5	1	0.977216005325
5	1	1.02741718292
5	1	0.599289894104
6	1	0.656471014023
5	1	0.52277302742
5	1	0.569444894791
6	1	0.53768491745
6	1	0.557755947113
6	1	0.449342012405
6	1	0.522917032242
6	1	0.459621906281
5	1	0.490458011627
6	1	0.420916080475
6	1	0.596435070038
6	1	0.497615814209
6	1	0.420336008072
6	1	0.379557847977
6	1	0.459909915924
5	1	0.441418886185
6	1	0.499868869781
6	1	0.417707920074
6	1	0.395941972733
5	1	0.427550077438
6	1	0.417529821396
6	1	0.458698034286
6	1	0.396300792694
6	1	0.481364965439
6	1	0.385844945908
5	1	0.820280075073
5	1	0.721942186356
5	1	0.458382129669
6	1	0.637253046036
6	1	0.706694841385
5	0	0.587036132812
5	1	0.746793031693
5	1	0.546483039856
5	1	0.698436975479
6	0	0.756860017776
5	1	0.619050979614
5	1	0.914355993271
6	1	0.929352998734
6	0	0.843595027924
6	1	0.794564008713
5	1	0.762825965881
6	1	1.92463493347
6	1	0.874490976334
6	1	1.24222111702
5	1	0.56386089325
5	1	0.691154003143
6	1	0.682054042816
6	1	0.756400108337
6	1	0.571246862411
5	1	0.563782930374
6	1	0.458322048187
6	1	0.548067092896
5	1	0.50509595871
5	1	0.395781040192
5	1	0.43520283699
6	1	0.433234930038
6	1	0.373480796814
5	1	0.680716991425
5	1	0.531459093094
5	1	0.458659887314
5	1	0.387028932571
6	1	0.553056955338
6	1	0.37918305397
5	1	1.54023313522
5	1	0.444355010986
6	1	0.850392103195
6	1	0.523730993271
6	1	0.411102056503
3	1	1.07526612282
3	1	0.475041151047
3	1	0.579842805862
3	1	0.716225862503
3	1	0.706722974777
3	1	0.790499925613
3	0	0.609513998032
3	0	0.731672048569
3	1	1.01108002663
3	0	0.842031002045
3	1	0.740751028061
3	1	1.06781315804
3	1	1.01773500443
3	1	0.522603988647
3	1	1.03558397293
3	1	0.515500068665
3	1	1.15453600883
3	1	0.498640060425
3	1	0.629117965698
3	1	0.577958106995
3	1	0.467250823975
3	1	0.536904096603
3	0	2.03468894958
3	1	2.34728217125
3	1	1.23796391487
3	0	1.51284384727
3	0	1.52505779266
3	1	0.763535022736
3	1	0.664952039719
3	1	2.11612701416
3	1	1.02097702026
3	1	1.02733278275
3	0	1.50518202782
3	1	1.62139201164
3	1	0.841269016266
3	1	0.468334913254
3	1	1.80244088173
3	1	0.660434007645
3	1	0.482039928436
3	1	0.739760875702
3	1	0.576601028442
3	1	0.836535930634
3	1	0.394740104675
3	1	0.48298406601
3	1	0.544893026352
3	1	0.540972948074
3	0	0.476190805435
3	1	1.04172110558
3	1	0.603574991226
3	1	0.644664049149
3	1	0.519501924515
3	1	0.857554912567
3	1	3.07669401169
3	1	0.548053979874
3	1	0.457479953766
3	1	1.21171689034
3	1	0.539938926697
3	0	1.21074104309
3	1	0.706983089447
3	1	0.450181007385
3	1	0.525060892105
3	1	0.762328147888
3	1	0.475107908249
3	1	2.34764790535
3	1	0.889775037766
3	1	0.554727077484
3	1	0.554155826569
3	1	0.523751020432
3	1	0.571684837341
3	1	0.46701002121
3	1	0.426214933395
3	1	0.541527032852
3	1	0.644017934799
3	1	0.857023000717
3	1	0.538838148117
3	1	0.539204120636
3	1	0.691627979279
3	1	0.857836961746
3	1	0.47421503067
3	1	0.693186044693
3	1	0.48849105835
3	0	0.469219923019
3	1	0.617871999741
3	1	0.386793136597
3	1	0.412366867065
3	1	0.468214035034
3	1	0.651376962662
3	1	0.594078063965
3	1	0.450096130371
3	1	0.587455034256
3	1	0.513996124268
3	1	0.450911998749
3	1	0.435867071152
3	1	0.722136974335
3	1	0.557275056839
3	1	0.464059114456
3	1	0.42827796936
3	1	0.401283025742
3	1	1.08369994164
3	1	1.22214889526
3	1	1.11325192451
3	1	0.593888998032
3	1	0.634326219559
3	1	0.507328033447
3	1	0.692157030106
3	1	0.530811071396
3	1	0.505474090576
3	1	1.58099985123
3	1	0.737094163895
3	1	0.483788013458
3	1	0.483494997025
3	1	0.427659034729
3	1	0.657622098923
3	0	0.466361045837
3	1	0.460126876831
3	1	0.394161939621
3	1	0.456978082657
3	1	0.492338180542
3	1	0.635675907135
3	1	0.49776506424
3	1	0.403069972992
3	0	0.466981887817
3	1	0.395796060562
3	1	0.780300855637
3	1	2.31215691566
3	1	0.476124048233
3	1	1.09955000877
3	1	0.501034021378
3	1	0.507029056549
3	1	0.634181976318
3	1	2.00254797935
2	1	1.53123688698
2	1	1.01080298424
2	1	1.20525097847
2	1	1.76862192154
2	0	2.2982199192
2	1	1.17923378944
2	1	2.98594999313
2	0	2.89872789383
2	1	0.74888086319
2	1	0.864370107651
2	0	4.45183897018
2	1	1.40241909027
2	0	3.42961382866
2	1	1.05032896996
2	1	5.21969199181
2	1	3.5958969593
2	1	0.77718091011
2	1	0.644541025162
2	0	1.15534186363
2	1	1.40447902679
2	1	3.25886082649
2	1	0.632555007935
2	1	2.70811796188
2	0	1.61013889313
2	1	0.627609968185
2	1	0.611089944839
2	1	0.64385008812
2	1	0.467813968658
2	1	0.593904018402
2	0	0.916754961014
2	1	1.8807091713
2	1	0.963147163391
2	1	0.475324869156
2	1	0.483103990555
2	1	0.443178892136
2	1	0.489228010178
2	1	0.757384061813
2	1	0.667078018188
2	1	0.939519166946
2	1	0.890487909317
2	1	0.569750785828
2	1	1.22736811638
2	1	0.611237049103
2	0	0.626881837845
2	1	2.63519406319
2	1	0.778698921204
2	1	0.946372032166
2	1	0.554646968842
2	1	0.675738096237
2	1	0.753431081772
2	1	0.587896823883
2	1	0.545510053635
2	1	0.483201980591
2	1	0.435559034348
2	1	2.21200895309
2	1	0.55365395546
2	1	1.29940295219
2	1	0.491333961487
2	1	0.449900150299
2	1	0.507797002792
2	0	1.3966729641
2	1	0.52920794487
2	1	0.627706766129
2	1	0.75674700737
2	1	0.552124023438
2	1	0.636367797852
2	1	1.86632013321
2	0	2.52399897575
2	1	1.61849093437
2	1	0.594213008881
2	1	0.867566823959
2	1	0.588871955872
2	1	0.675416946411
2	1	0.595236778259
2	1	0.609241008759
2	1	0.604645013809
2	1	0.522542953491
2	1	1.00330281258
2	0	0.595560073853
2	0	1.25034189224
2	1	1.15592217445
2	1	0.563712120056
2	1	1.11516904831
2	1	0.683780908585
2	1	1.33166694641
2	1	1.10700201988
2	1	0.564545869827
2	1	0.706697940826
2	1	0.80468416214
2	1	2.68857192993
2	0	0.891428947449
2	1	1.96188616753
2	0	1.49942803383
2	1	0.804958105087
2	1	0.963232040405
2	0	1.04878497124
2	1	2.99315619469
2	0	2.49912190437
2	1	1.59613585472
2	1	1.05178403854
2	1	1.2822830677
2	1	0.780683040619
2	1	0.489423036575
2	1	0.764925956726
2	1	0.69081401825
2	0	0.873490095139
2	1	1.12419700623
2	0	0.787252902985
2	1	2.05848884583
2	0	1.94115495682
7	0	2.18854689598
8	1	3.89851117134
8	1	0.982318162918
8	0	1.0661509037
8	1	0.856954097748
7	1	0.763515949249
8	0	0.729252815247
8	1	0.597365856171
8	1	0.618246078491
7	1	0.690547943115
7	1	1.01836204529
7	1	0.884203910828
8	0	0.644690036774
8	1	1.61974787712
8	1	0.976928949356
8	1	0.859716176987
7	1	0.859004974365
7	1	0.730391979218
8	1	0.67441701889
8	1	1.06565904617
7	1	1.19609999657
8	1	0.8195271492
7	1	1.04385304451
8	1	0.650768041611
7	1	0.674349069595
8	1	0.819157123566
7	1	0.555635929108
7	0	0.595014810562
8	1	0.572690010071
7	1	1.44334602356
7	1	0.673226833344
7	1	0.705734014511
8	1	0.531804084778
7	1	0.764687776566
8	1	0.721931934357
7	1	0.786221981049
7	0	0.715624094009
8	1	0.722878932953
7	1	0.564383983612
8	1	0.530272006989
8	1	0.876166820526
8	1	0.492032051086
8	1	0.475096225739
7	1	0.587564945221
8	0	0.546653032303
7	0	0.946676015854
7	0	1.12302684784
8	1	0.977210044861
8	1	0.683192968369
8	1	0.491841077805
7	1	0.708453178406
7	0	0.424677848816
7	1	1.16279315948
8	1	0.757282972336
7	1	1.45057797432
8	1	1.0821750164
8	1	1.01007604599
8	1	0.628263950348
7	1	0.785327196121
8	1	0.666903972626
8	1	0.562910079956
8	1	0.636144161224
8	1	0.969780921936
7	1	0.938699007034
8	1	0.795959949493
7	1	0.808203935623
7	1	0.667452096939
7	1	0.899468898773
8	1	0.587023019791
8	1	0.563876867294
8	1	0.657942056656
8	1	0.813290119171
8	1	0.608583927155
8	1	1.05146217346
8	1	1.01835107803
8	1	0.702568054199
8	1	0.688988924026
7	1	0.796665906906
8	1	0.548499107361
8	1	0.522047042847
8	1	0.811506986618
8	1	0.585822105408
7	1	0.722543954849
7	1	0.683347940445
8	0	0.900805950165
8	1	0.706449985504
8	1	0.522806167603
7	1	0.868096113205
8	1	0.665339946747
7	1	0.515426158905
7	1	0.69825220108
8	1	0.634483098984
7	1	0.707499027252
8	1	0.635984897614
8	1	0.818495035172
7	1	0.964228868484
8	1	0.578172922134
8	0	0.844014883041
8	1	0.682722806931
7	1	0.721418857574
8	1	0.698464155197
8	1	0.540998935699
8	1	0.512941122055
8	1	0.819811105728
8	1	0.555796861649
7	1	0.572252988815
7	1	0.620339155197
8	1	0.538131952286
7	1	0.946974039078
8	1	0.596106052399
7	1	0.993894815445
7	1	0.997117042542
8	1	0.737091064453
8	1	0.498250961304
7	1	0.595747947693
8	1	0.546910047531
7	1	0.907613992691
7	0	0.66751909256
8	1	0.978006124496
7	1	0.530724048615
7	0	0.9528901577
7	1	1.0112259388
7	0	2.02808713913
8	1	0.826165914536
8	1	0.641003131866
8	1	0.924198865891
8	1	1.7472550869
7	1	0.884212970734
4	1	0.719420909882
4	1	0.746098995209
4	1	0.666465997696
4	1	1.26626300812
4	1	0.746140003204
4	1	0.87944984436
4	1	0.532905101776
4	0	1.29286193848
4	1	0.89276599884
4	1	1.25222802162
4	0	1.21273708344
4	1	0.639935970306
4	1	0.652828931808
4	1	0.679421901703
4	1	1.33225297928
4	1	0.999504089355
4	1	0.906210899353
4	1	0.586276054382
4	1	0.612858057022
4	1	1.06616282463
4	1	1.30608320236
4	1	0.586594104767
4	1	0.7465031147
4	1	0.532958030701
4	1	0.572879076004
4	1	0.639440059662
4	1	0.466236114502
4	1	0.492909193039
4	1	0.532833099365
4	1	0.559410810471
4	1	0.532842159271
4	1	0.599562883377
4	0	1.63927292824
4	1	0.653398990631
4	1	0.560058832169
4	1	0.533427000046
4	1	0.493283987045
4	0	0.559823989868
4	1	0.799403905869
4	1	0.679558992386
4	1	0.626250982285
4	1	0.879790782928
4	1	0.626299858093
4	1	0.53301692009
4	1	1.01284003258
4	1	0.972898006439
4	1	0.652837991714
4	1	0.49285697937
4	1	0.559653043747
4	1	0.506208896637
4	1	0.506129026413
4	1	0.799538135529
4	1	0.493321180344
4	1	0.680021047592
4	1	0.493399858475
4	1	0.493385076523
4	1	0.54656791687
4	1	0.532959938049
4	1	0.826105117798
4	1	0.586256980896
4	1	0.492829084396
4	1	0.666085004807
4	1	0.613270998001
4	1	0.533263921738
4	1	0.693190097809
4	1	0.839734077454
4	1	0.719494104385
4	1	0.733327150345
4	1	0.62664604187
4	1	0.546540021896
4	1	0.519834041595
4	0	0.746112108231
4	1	0.839544057846
4	1	0.853371858597
4	1	1.0128569603
4	1	0.626306056976
4	1	0.57336306572
4	1	0.63992190361
4	1	0.626502037048
4	1	0.679610967636
4	1	0.639622926712
4	0	0.746165990829
4	0	1.81269097328
4	0	2.9451110363
4	1	4.85078310966
4	0	3.21179699898
4	0	6.10336303711
4	1	3.29199385643
4	1	1.10619211197
4	0	1.62560200691
4	1	3.43847107887
4	0	1.97233510017
4	1	2.13227295876
4	1	0.999488115311
4	0	4.69084501266
4	1	2.46517682076
4	1	1.65231919289
4	1	3.23821806908
4	0	3.1452050209
4	1	0.906172037125
4	1	2.77182388306
4	1	1.02608799934
4	1	2.70507001877
4	1	1.26564097404
4	1	0.639517068863
4	1	0.626161813736
4	1	0.492845058441
4	1	0.519521951675
4	1	0.532802820206
4	1	0.612770080566
4	1	0.53328704834
4	0	0.666742086411
4	1	1.71924614906
4	0	0.839504957199
4	1	0.906122922897
4	1	0.626602172852
3	1	1.1858689785
3	1	0.679558038712
3	1	0.546149015427
3	1	0.799453020096
3	1	0.546676874161
3	0	0.879506111145
3	1	0.572936058044
3	1	0.572877168655
3	1	0.559472084045
3	1	0.532920122147
3	1	0.586146116257
3	0	0.639829874039
3	1	2.27906298637
3	1	0.599563121796
3	1	0.586667060852
3	1	0.519905090332
3	0	0.706689834595
3	1	1.90561389923
3	1	0.786194086075
3	1	2.07907414436
3	1	0.55953502655
3	1	1.99907493591
3	1	0.892791986465
3	0	0.839488983154
3	1	1.21256899834
3	1	0.719489812851
3	1	0.626276016235
3	1	0.533232927322
3	1	0.586590051651
3	1	0.586715936661
3	0	0.653224945068
3	1	0.679415941238
3	0	0.719564914703
3	1	0.812642097473
3	1	0.546657085419
3	1	0.786222934723
3	1	0.626155853271
3	1	0.532787084579
3	1	0.532736063004
3	1	0.759426832199
3	1	0.559905052185
3	1	0.45333981514
3	1	0.493275880814
3	0	1.1194601059
3	1	0.572855949402
3	1	0.572813987732
3	1	0.599543094635
3	1	0.959676980972
3	1	0.719532966614
3	1	0.51943898201
3	1	1.43893313408
3	1	0.546215057373
3	1	0.506092071533
3	1	0.62642121315
3	1	0.492852926254
3	1	0.479463100433
3	1	0.492878913879
3	1	0.692914009094
3	1	0.559839010239
3	1	1.11939191818
3	1	0.532805919647
3	1	0.572863817215
3	1	0.572891950607
3	0	0.772950172424
3	1	0.733372926712
3	1	0.759537935257
3	1	0.626172065735
3	1	0.906190156937
3	1	0.799610137939
3	1	0.532890796661
3	1	0.506108045578
3	1	0.626279115677
3	1	0.666167020798
3	1	0.519538164139
3	1	0.492845058441
3	1	0.5463078022
3	1	0.693022966385
3	0	0.759928941727
3	1	0.692680120468
3	1	0.679471969604
3	1	0.679556846619
3	1	0.879804134369
3	1	0.639483213425
3	1	1.25292301178
3	1	0.759510040283
3	1	0.652812004089
3	1	1.11943483353
3	1	0.666176080704
3	0	0.532742977142
3	1	0.55946803093
3	1	0.852674007416
3	1	0.546459197998
3	1	0.8533680439
3	1	0.586534023285
3	1	0.666162967682
3	1	0.519569158554
3	1	0.439499139786
3	1	0.506211042404
3	1	0.706163883209
3	0	0.346153020859
3	1	0.626155138016
3	1	0.906183004379
3	1	0.586570978165
3	1	0.652985095978
3	1	0.612874984741
3	1	0.492757081985
3	1	0.812844991684
3	1	0.573045969009
3	1	0.479918956757
3	1	0.666524171829
3	1	0.533350944519
3	1	0.613263845444
3	1	0.52010512352
3	1	0.586432933807
3	1	0.639522075653
3	1	0.506250143051
3	1	0.54621386528
3	1	0.426127910614
3	1	0.839578866959
3	1	0.519675970078
3	1	1.03928494453
3	1	0.946182012558
3	1	0.533288002014
3	1	0.573418140411
3	1	0.640022039413
3	1	0.493317842484
3	1	0.73296713829
3	1	0.746120929718
3	1	0.479506969452
3	1	0.63963508606
3	1	0.786166906357
3	1	0.66662812233
3	1	0.586629867554
3	1	0.666164159775
3	1	0.612725019455
7	1	0.986242055893
8	1	0.479789018631
7	0	0.892809867859
8	1	0.626228094101
8	1	0.573360919952
8	1	0.533352136612
7	0	0.813286066055
8	1	0.626083135605
8	1	0.519526958466
7	1	0.959409952164
7	1	0.61331486702
8	1	0.586541891098
7	1	0.919440984726
8	1	0.786073923111
7	1	0.599818944931
7	1	0.573319911957
8	0	0.746507167816
8	1	0.572846889496
8	1	0.906124830246
8	1	0.613044977188
8	1	0.879935026169
8	1	0.812745094299
8	1	0.519474029541
8	1	0.586194038391
7	1	0.586160182953
7	1	0.626386165619
7	1	0.626513957977
8	1	0.67994093895
7	1	0.626211166382
8	1	0.61283993721
7	1	0.879409790039
7	1	0.546490907669
8	1	0.813186168671
8	1	0.599520921707
8	1	0.799629926682
8	1	0.772906064987
7	1	0.506692886353
8	1	0.533221006393
8	1	0.573324918747
7	1	0.573242902756
8	1	0.74614906311
8	1	0.439482927322
8	1	0.519510984421
8	1	0.746212005615
7	1	0.746173858643
8	1	0.466727018356
8	1	0.466678142548
8	1	0.71980381012
8	1	0.506613969803
8	0	0.573304891586
7	1	1.22616291046
8	1	0.626750946045
7	1	0.573431015015
8	1	0.546666145325
8	1	0.493252038956
7	1	0.519852876663
7	1	0.62627196312
7	1	0.453076124191
8	1	0.639518022537
8	0	0.839468955994
7	1	0.799712896347
8	1	0.946119070053
7	1	0.532887935638
8	1	0.799539089203
7	1	0.826514005661
8	1	0.533208847046
8	1	0.493222951889
8	1	0.61282491684
8	1	0.599489927292
7	1	0.999534845352
7	1	0.573357105255
7	1	0.54688000679
8	1	0.586762189865
8	1	0.719467878342
8	1	0.57285785675
7	1	0.652927875519
7	1	0.533117055893
7	1	0.652829885483
8	1	0.493458986282
7	1	0.62668800354
8	1	0.706783056259
8	1	0.519843101501
8	1	0.466778039932
8	1	0.586305141449
7	1	1.06614208221
7	1	0.893062114716
8	1	0.586126089096
7	1	0.5594830513
8	1	0.559447050095
7	1	0.612785100937
7	1	0.932864904404
8	1	0.866251945496
8	1	0.599574804306
7	1	0.532804965973
8	1	0.626152992249
8	1	0.559582948685
8	1	0.679765939713
8	1	0.653375864029
8	1	0.839476823807
7	1	0.532869815826
7	1	0.83944106102
8	1	1.06603908539
8	1	0.572833061218
8	1	0.62603187561
7	1	0.719508886337
7	1	0.559937000275
7	1	0.520006895065
8	1	0.546719074249
7	1	0.812908887863
7	0	1.77237486839
7	1	0.852922916412
8	0	0.613373994827
7	1	0.62669301033
8	1	0.63947892189
7	1	0.532838106155
8	1	0.532861948013
8	1	0.772775888443
7	1	0.746305942535
7	1	0.640003919601
7	1	1.55951309204
7	1	0.759531974792
8	1	0.572850942612
8	1	0.506114959717
8	1	0.546155929565
8	1	0.599537849426
8	1	0.532949924469
7	1	0.879787921906
8	1	0.533451080322
7	1	0.74613404274
7	1	0.492784976959
7	1	0.532747030258
7	1	0.519514083862
7	1	0.73290514946
8	1	0.599633932114
7	1	0.693295955658
7	1	0.986161231995
8	1	0.63950586319
1	1	0.6394572258
1	1	0.706238031387
1	1	0.573315143585
1	1	0.626585006714
1	1	0.82622218132
1	1	0.479466915131
1	1	0.732880115509
1	1	0.506271839142
1	1	0.586205005646
1	1	0.640110969543
1	0	0.95956993103
1	1	0.626172065735
1	1	0.666287183762
1	1	0.599725008011
1	0	1.07951307297
1	1	0.866172075272
1	1	2.15898895264
1	1	0.559550046921
1	0	0.932882785797
1	1	0.959522008896
1	1	1.41238617897
1	1	0.586096048355
1	1	0.692784070969
1	1	0.852905988693
1	1	0.65335392952
1	1	0.759467124939
1	1	0.626178026199
1	1	1.22571492195
1	1	0.532737970352
1	1	0.706157922745
1	1	0.586189985275
1	1	0.492964029312
1	1	0.613028049469
1	0	0.613165855408
1	1	0.733397960663
1	1	0.559931993484
1	0	1.15948581696
1	1	0.599797010422
1	1	0.53325009346
1	1	0.60001707077
1	0	1.14606809616
1	1	1.51929807663
1	1	2.99849390984
1	1	0.772835969925
1	1	0.599536895752
1	1	0.799463033676
1	1	0.693248987198
1	1	1.10616517067
1	1	0.626704931259
1	1	0.640003919601
1	1	0.599938869476
1	1	0.586295843124
1	1	1.03958106041
1	1	0.653277873993
1	1	0.546688079834
1	1	0.972869157791
1	1	0.679465055466
1	1	0.533044099808
1	1	0.533154964447
1	1	0.986207008362
1	1	0.599419116974
1	1	0.506119012833
1	1	0.612794160843
1	1	0.812594890594
1	1	0.613269805908
1	1	0.679934024811
1	1	0.546663999557
1	1	0.839366912842
1	0	0.959496974945
1	1	1.3994820118
1	1	0.626657009125
1	1	0.560013055801
1	1	0.480192899704
1	1	0.772941827774
1	0	1.63895606995
1	1	0.719477176666
1	1	0.559895992279
1	1	0.546638011932
1	1	0.573245048523
1	1	0.773078918457
1	1	0.466531991959
1	1	0.706107139587
1	1	0.666224956512
1	0	0.652853012085
1	1	0.573203086853
1	1	0.653364181519
1	1	0.57331609726
1	1	0.573362827301
1	1	0.772775173187
1	1	0.959566116333
1	1	0.826552152634
1	1	1.09289097786
1	1	0.559933900833
1	1	0.693350076675
1	0	0.626353025436
1	1	0.572844028473
1	1	0.532840967178
1	1	0.46614408493
1	1	1.02616786957
1	1	0.932754039764
1	1	0.652808904648
1	1	0.852792978287
1	1	0.61331486702
1	1	0.573325872421
1	1	0.613312959671
1	0	0.812834978104
1	1	0.74619603157
1	0	0.773055076599
1	1	0.613355875015
1	1	0.61304807663
1	1	0.506551980972
1	1	0.839504957199
1	1	0.612847805023
1	1	0.519689083099
1	0	0.573031902313
1	1	0.626570940018
1	1	0.573345184326
1	0	1.05278897285
1	1	1.17246603966
1	1	0.946316003799
1	1	0.666418075562
1	1	0.813079118729
1	1	0.519858121872
1	1	0.532989025116
1	1	0.719420909882
1	1	0.652754068375
1	1	0.919620990753
1	1	1.38618803024
1	0	0.839524030685
1	1	0.852958917618
1	1	1.07920193672
1	1	0.612883090973
5	1	1.85232114792
6	1	0.546745061874
6	1	0.812906980515
5	1	1.31931400299
6	0	0.946261882782
6	1	0.652915000916
6	1	0.586652040482
6	1	0.506515026093
6	1	0.733325958252
6	1	0.639524936676
5	1	1.14611887932
5	0	1.13284397125
6	0	2.17185997963
6	1	3.01184105873
5	1	0.693341970444
5	1	1.93234395981
5	1	1.47907805443
5	0	0.812724113464
6	1	1.79938101768
6	1	2.03905892372
5	1	1.47896385193
5	1	1.50553202629
6	1	0.786149024963
5	1	0.573421001434
5	1	0.719704151154
6	1	0.86625790596
6	1	0.519483089447
5	1	0.586189985275
5	1	0.866392850876
5	1	0.51993393898
6	1	0.546649932861
6	1	0.692705154419
5	0	1.0128159523
5	1	1.94565987587
5	1	0.986170053482
6	1	0.773335933685
6	1	0.719544887543
6	1	1.19952702522
6	0	0.759568929672
6	1	4.37129211426
6	1	2.21229791641
5	0	3.0385248661
6	1	0.906080007553
5	1	0.640015125275
5	1	0.546570062637
5	1	0.466723918915
6	1	0.506693840027
5	1	0.546712875366
5	1	0.852869987488
6	1	0.572797060013
5	1	0.759598016739
6	1	1.09267997742
6	1	1.98560404778
6	1	0.90626001358
6	1	2.35891699791
6	1	3.21185708046
6	1	0.68004322052
6	1	0.692863941193
5	1	1.2529361248
5	1	0.852823019028
6	1	0.586206912994
5	1	0.546133995056
6	1	0.666275024414
5	1	0.773251056671
6	1	0.506656885147
6	1	0.932806015015
5	1	0.572760820389
5	1	1.93233418465
6	1	1.34624385834
5	1	0.733215093613
6	1	0.626356124878
5	0	0.532968044281
6	1	0.706176996231
5	1	0.572834014893
6	1	0.719496965408
5	1	0.75994515419
6	1	0.892831087112
5	1	0.746080875397
6	1	0.572980165482
5	1	0.813289880753
5	0	1.31946396828
6	1	1.67946004868
6	0	1.25288701057
6	0	1.19955706596
6	1	0.62624001503
5	1	0.533008098602
5	1	1.37271308899
6	0	1.38569021225
5	1	1.1328420639
5	1	1.86559391022
5	1	0.932762861252
6	1	2.61227798462
5	1	1.18615198135
5	1	0.546664953232
6	1	0.559888124466
6	1	1.07947802544
5	0	0.692803144455
6	1	0.879559993744
5	1	1.23945903778
6	1	0.626593828201
5	1	0.546622037888
5	1	0.546700954437
5	1	0.679594039917
5	1	0.786067008972
6	1	0.612790822983
6	0	1.11913704872
6	1	0.586123943329
6	1	0.439548015594
5	1	0.946159124374
5	1	0.933215141296
5	0	0.679521083832
5	1	0.692816972733
5	0	1.35905694962
5	1	0.639451980591
6	1	1.07930707932
6	1	0.692703962326
6	1	0.50615811348
5	0	0.532836914062
8	1	2.092222929
7	1	1.17285490036
8	1	0.666713953018
7	1	0.69294500351
8	1	1.03949189186
8	0	0.626642942429
8	1	0.586699962616
8	1	0.519989967346
8	1	0.573307037354
8	1	0.666161060333
8	0	0.572772979736
8	1	0.639450073242
7	1	2.01233506203
7	0	0.759510993958
7	0	1.02625703812
8	1	2.17247200012
8	0	0.932823896408
7	0	0.693293094635
8	1	1.81238412857
8	1	0.652813911438
7	1	0.773032188416
8	1	0.599992990494
7	0	1.13280177116
7	1	1.2525138855
7	1	0.546209096909
8	1	1.01297593117
7	1	0.57331609726
8	1	1.02620792389
7	0	1.11906814575
8	1	1.30611205101
8	0	0.799510002136
7	1	0.852824926376
8	1	0.639820098877
7	1	0.613348960876
8	1	0.626768112183
7	0	0.74623298645
7	1	0.786041975021
8	0	0.479635953903
8	1	0.799506902695
8	1	1.07957315445
7	1	0.626219987869
7	0	0.853126049042
8	0	0.613338947296
7	1	0.906172990799
7	1	0.599440097809
8	1	0.479715108871
8	1	0.639576911926
7	1	0.46660399437
8	1	0.466679811478
8	0	0.733267068863
7	1	0.586699008942
7	1	0.63964009285
8	1	0.466491937637
8	0	0.639523983002
8	1	0.572772979736
8	1	0.532799959183
8	1	0.532868146896
7	0	0.759569168091
8	1	0.453279018402
8	1	0.546608924866
8	0	0.600024938583
8	1	0.653219223022
7	1	0.6797311306
7	1	0.599553108215
8	1	0.879500865936
8	1	0.533232927322
8	1	0.519913911819
8	1	0.62664103508
7	1	0.533314943314
7	0	0.533257007599
7	1	0.972729921341
7	0	1.41230106354
7	1	0.786092996597
7	1	0.546601057053
7	1	0.91974902153
7	1	0.586114883423
8	1	0.559479951859
7	1	0.466221094131
7	1	1.39901804924
7	1	1.11939287186
8	1	0.573205947876
7	0	0.852854013443
7	1	0.692708969116
8	1	0.506098985672
8	1	1.45235204697
7	1	0.852838993073
7	1	0.71995806694
7	1	0.546461105347
7	1	0.732935905457
8	1	0.639457941055
7	1	0.679508924484
7	1	0.626384019852
8	1	0.640163898468
8	1	0.826161146164
7	1	0.826122999191
8	1	0.70619392395
7	1	0.680001020432
8	1	0.71947312355
7	1	0.692757129669
7	0	0.919574022293
7	1	0.826241016388
8	1	0.666084051132
7	0	0.759540081024
7	1	0.732877969742
8	1	0.693334102631
7	0	0.892848014832
7	1	0.746183872223
7	1	0.519994020462
8	0	0.65319609642
8	1	0.626586914062
8	1	0.892804145813
8	1	0.479439020157
8	1	0.492822170258
7	1	0.426105976105
8	1	0.466225147247
8	1	0.466105937958
8	1	0.559444904327
8	1	0.532965898514
8	1	0.999485969543
8	1	1.75909399986
7	1	0.572863101959
7	1	0.49276304245
7	1	0.572728872299
8	1	0.466153860092
8	1	0.546298027039
8	0	0.679440021515
8	1	0.919497013092
7	1	0.706215143204
7	1	0.65279507637
7	0	0.652924060822
8	1	0.892767906189
8	1	0.559983968735
2	0	0.959583044052
2	1	0.732725858688
2	0	1.38588309288
2	1	0.919430017471
2	1	0.652734994888
2	1	0.573332071304
2	1	0.506596088409
2	1	0.573354959488
2	1	2.22570991516
2	0	1.1191971302
2	1	1.07957100868
2	1	1.0927491188
2	1	1.1326918602
2	1	0.652781963348
2	1	0.972827911377
2	1	0.573338031769
2	1	0.666615962982
2	0	0.959523916245
2	1	0.626189947128
2	1	0.93283700943
2	1	0.932851076126
2	1	0.612890958786
2	1	0.732886075974
2	0	0.759994983673
2	1	0.5464220047
2	0	0.479749917984
2	1	0.772850036621
2	1	0.86622095108
2	1	0.65328502655
2	1	0.732959032059
2	1	0.639482975006
2	1	0.732933998108
2	1	1.62559914589
2	1	0.879921913147
2	1	0.666131019592
2	0	0.73278093338
2	1	0.692816019058
2	1	0.626602888107
2	1	0.760020971298
2	1	0.559646129608
2	0	0.666165828705
2	1	0.932956218719
2	1	0.73344707489
2	0	0.719534873962
2	0	0.852852106094
2	0	1.29255604744
2	0	3.94468307495
2	0	4.19800305367
2	1	4.90428304672
2	1	1.46613001823
2	1	0.839421033859
2	1	0.732919931412
2	1	0.599514961243
2	1	0.613114833832
2	1	0.573355913162
2	1	0.546805858612
2	0	0.666656017303
2	1	1.78556394577
2	1	1.30575609207
2	1	1.13296508789
2	1	0.520088911057
2	1	0.73329782486
2	1	0.506651163101
2	0	0.573022127151
2	1	0.599539041519
2	1	0.586251020432
2	1	0.666166067123
2	0	0.986104011536
2	1	0.626308917999
2	1	0.732781887054
2	0	0.626176834106
2	0	0.905999898911
2	1	0.599905014038
2	1	0.480057001114
2	1	0.480033874512
2	1	0.772798061371
2	0	0.599524021149
2	1	0.62619304657
2	1	1.26571917534
2	1	0.519505977631
2	1	0.506203889847
2	1	0.639556884766
2	1	0.799495220184
2	1	0.520051956177
2	1	0.573394060135
2	1	0.400082111359
2	1	0.413307905197
2	1	0.493305206299
2	1	0.54673409462
2	1	0.653403043747
2	0	0.519966125488
2	1	0.692778110504
2	1	0.706165790558
2	1	0.679508924484
2	1	0.61295580864
2	0	0.613341808319
2	1	0.986241102219
2	1	0.652859210968
2	1	0.586184024811
2	1	0.599581003189
2	1	1.01328992844
2	1	0.599463939667
2	1	0.572733163834
2	1	0.599524974823
2	1	0.839501142502
2	1	0.679907083511
2	1	0.572993993759
2	1	0.479860067368
2	1	0.666170835495
2	1	0.812834024429
2	1	0.879692077637
2	1	0.706175088882
2	1	0.826140165329
2	0	0.732847929001
2	1	0.813150882721
2	1	0.666265010834
2	1	0.652801990509
2	1	0.666172981262
2	1	1.30573606491
2	1	0.652878046036
2	1	0.719516992569
2	0	2.05227899551
2	1	0.892735004425
2	1	0.786580085754
2	1	1.43956899643
2	0	1.25272417068
6	1	3.46465301514
6	1	0.972776889801
6	1	0.772716999054
5	1	0.666126012802
5	1	1.11944293976
6	1	0.826137065887
6	1	0.559512853622
6	1	0.612831830978
6	1	0.626160860062
6	1	0.640025854111
5	0	0.559993028641
5	1	0.693303823471
5	1	0.61296916008
5	1	0.799414157867
6	1	0.746250152588
5	1	0.680042028427
6	0	0.719447851181
5	1	0.732814073563
6	1	0.692720890045
6	1	0.693045854568
6	1	0.759952068329
6	1	0.866192102432
6	1	0.945905923843
5	1	0.653269052505
6	1	0.546430826187
5	0	0.82622218132
6	1	0.719484806061
5	0	0.77339887619
5	1	0.719516992569
5	1	0.786256074905
6	1	0.679506063461
6	1	0.600005865097
6	1	0.733314990997
5	1	0.812776088715
5	1	0.612833976746
6	1	0.7061419487
6	1	0.573331832886
5	1	0.573336839676
5	0	0.586755990982
5	0	1.03953289986
6	1	0.612760066986
6	1	0.826465129852
5	0	0.666381120682
6	1	0.799362897873
6	1	0.946184158325
6	1	0.66662812233
6	1	0.599711179733
5	1	0.786120891571
5	1	0.732928037643
5	1	0.573392868042
6	1	0.720021009445
6	1	0.706214189529
5	0	0.626134872437
6	1	0.599591970444
5	0	1.02614116669
6	1	0.7461810112
6	1	0.706167936325
5	1	0.63947892189
6	1	0.586284160614
5	0	0.853278875351
5	1	0.559798002243
6	1	0.572900056839
6	0	0.639492988586
6	1	0.706160068512
6	1	0.772833824158
6	1	0.706705093384
6	1	1.17275595665
5	1	0.653250932693
5	1	0.812818050385
6	1	0.679602861404
5	1	0.852850914001
5	1	0.573358058929
6	1	0.733337879181
5	1	0.626108884811
5	1	0.612793922424
5	0	0.919509887695
6	0	0.693361997604
6	0	0.826224088669
5	1	0.879449129105
6	1	0.946335792542
5	1	0.839477062225
6	1	0.666221857071
6	1	0.653115987778
6	1	0.640105009079
6	1	0.706279039383
6	1	0.719531059265
6	1	0.852990150452
6	1	0.706723928452
6	1	0.759510993958
5	1	0.692897081375
6	1	0.852880001068
5	1	0.786494970322
6	1	0.759471178055
6	1	0.706174135208
6	0	0.692801952362
5	1	0.599924087524
6	1	0.613389015198
6	1	0.559982061386
5	1	0.626258134842
6	1	0.692857027054
5	0	0.612868070602
5	1	1.02619504929
5	1	0.652760982513
5	1	0.719429016113
6	0	0.706142902374
6	0	0.733040094376
5	1	0.719787120819
6	1	0.772850036621
6	1	0.612882137299
5	0	0.999512910843
6	0	0.826233148575
5	1	1.26589798927
6	1	0.679619073868
5	1	0.946183919907
5	1	1.19948720932
6	1	0.612915992737
6	1	1.06586790085
5	1	0.879425048828
6	1	0.706146001816
6	1	0.70662689209
5	1	0.626539230347
6	0	0.626116037369
5	1	0.652803182602
5	0	0.839476823807
5	1	0.786646127701
5	1	0.652719974518
5	1	0.639760971069
6	0	1.21289610863
6	1	0.692778110504
6	1	0.893007993698
6	1	0.666716098785
5	1	0.786317825317
2	1	0.572109937668
2	1	0.698158979416
2	1	0.616764068604
2	1	0.539599895477
2	1	0.484389066696
2	1	0.448926925659
2	1	0.413342952728
2	1	0.577599048615
2	1	0.425366163254
2	1	0.445014953613
2	1	0.41844701767
2	1	0.393379926682
2	1	0.381404161453
2	1	0.355980157852
2	0	0.547101974487
2	1	0.499122858047
2	1	0.537287950516
2	1	0.371006965637
2	1	0.435034036636
2	1	0.421319007874
2	1	0.433334827423
2	1	0.501466989517
2	1	0.450018167496
2	1	0.402546882629
2	1	0.402262926102
2	1	0.63548707962
2	0	0.579305171967
2	1	0.6517598629
2	1	0.644113063812
2	1	0.497841835022
2	1	0.684185028076
2	0	0.652609825134
2	1	0.737004995346
2	1	0.677743911743
2	1	0.392097949982
2	1	0.45965218544
2	1	0.419384002686
2	1	0.429118871689
2	1	0.610456943512
2	1	0.756850004196
2	1	0.474927902222
2	1	0.690989017487
2	1	0.499159097672
2	1	0.44297003746
2	1	0.459280967712
2	1	0.466625928879
2	1	0.458098888397
2	1	0.499634027481
2	1	0.50630402565
2	1	0.685961008072
2	1	0.466160058975
2	1	0.402455091476
2	1	0.587225198746
2	1	0.458300828934
2	1	0.523583889008
2	1	0.704787969589
2	1	0.508077144623
2	1	0.385549068451
2	1	0.388154029846
2	1	0.827146053314
2	1	0.492501974106
2	1	0.506968975067
2	1	0.457211017609
2	1	0.396903991699
2	1	0.506807088852
2	1	0.779064893723
2	1	0.546941995621
2	0	0.530788898468
2	0	0.682632923126
2	1	0.668761968613
2	1	0.474020957947
2	1	1.15403008461
2	1	0.645056009293
2	1	0.634784936905
2	1	0.442764997482
2	1	0.547338962555
2	1	0.500377893448
2	1	0.516875982285
2	1	0.737857103348
2	1	0.604733943939
2	1	0.507760047913
2	1	0.48206615448
2	1	0.69150686264
2	1	0.682667970657
2	0	0.645011901855
2	1	0.610300064087
2	1	0.601160049438
2	1	0.516611099243
2	1	0.643722057343
2	1	0.475774049759
2	1	0.539877891541
2	1	0.540235996246
2	1	0.642287015915
2	1	0.531249046326
2	1	0.563765048981
2	1	0.881402015686
2	0	0.994776010513
2	1	0.682445049286
2	1	0.65200304985
2	1	0.41231584549
2	1	0.49747300148
2	1	0.562772989273
2	1	0.419075012207
2	1	0.388789892197
2	0	0.481502056122
2	1	0.64492893219
2	1	0.410477161407
2	1	0.41046500206
2	1	0.795562982559
2	1	0.471273899078
2	1	0.378428936005
2	1	0.532553911209
2	1	0.604732990265
2	1	1.18281412125
2	1	0.445224046707
2	1	0.549192905426
2	1	0.424775838852
2	1	0.604526996613
2	1	0.481482028961
2	1	0.48438000679
2	1	0.416927099228
2	1	0.588725090027
2	1	0.458303928375
2	1	0.660132169724
2	1	0.683092832565
2	1	0.555521011353
2	1	0.49062204361
2	1	0.514063835144
2	1	0.459912061691
2	1	0.580374956131
2	1	0.697592020035
2	0	0.498380899429
2	1	0.484559059143
2	1	0.595758914948
2	1	0.474678039551
2	1	0.97553396225
2	1	0.493613958359
2	1	0.452016115189
2	1	0.548605203629
2	1	0.578225135803
2	1	0.450604915619
2	1	1.08414101601
2	1	0.600939035416
2	1	0.645030975342
2	1	0.441437005997
8	1	1.49193310738
8	1	0.70153093338
7	0	0.536572933197
7	1	0.699533939362
8	1	0.50793504715
7	1	0.576977014542
8	1	0.491744995117
8	1	0.555899858475
8	1	0.442096948624
7	1	0.426679134369
8	1	0.443555831909
8	1	0.578969955444
7	1	1.19546198845
7	1	1.176019907
8	1	0.58104300499
7	1	0.676069974899
7	1	0.561191797256
8	1	0.41724395752
7	0	0.628487110138
8	1	0.443295001984
8	1	0.460706949234
7	1	0.594091892242
7	1	0.394558906555
8	1	0.430944919586
7	1	0.561902999878
8	1	0.48214006424
7	0	0.619688034058
7	1	0.466070890427
8	1	0.419251918793
7	1	0.521535158157
8	1	0.749571084976
8	1	0.707038879395
8	1	0.449520111084
8	1	0.395626068115
8	0	0.627465963364
8	1	0.603904008865
8	1	0.504897117615
8	1	0.404937982559
8	1	0.402932167053
8	1	0.425995826721
8	1	0.41249704361
7	1	0.40078997612
7	1	0.523942947388
7	1	0.466526985168
8	0	0.796061038971
8	1	0.528847932816
8	1	0.388113975525
8	1	0.810633897781
7	1	0.458885908127
8	1	0.402550935745
8	1	0.842475891113
8	1	0.579346179962
8	1	0.517143011093
8	1	0.668067216873
8	1	0.545459032059
8	1	0.509016036987
8	1	0.394568920135
7	1	0.456799030304
8	1	0.393686056137
7	1	0.563014030457
7	1	0.540778160095
8	1	1.04947113991
8	0	0.954866886139
8	1	0.490574121475
7	1	0.704661130905
8	1	0.66025185585
7	1	0.530609846115
8	0	0.62754201889
8	1	0.649477005005
8	1	0.539504051208
8	1	0.397426128387
8	1	0.720746040344
8	1	0.596212863922
8	1	0.417678833008
7	1	0.739196062088
8	1	0.457510948181
7	1	0.668812036514
7	1	0.538467884064
7	1	0.50036406517
7	1	0.425781011581
7	1	0.475065946579
7	1	0.474296092987
8	1	0.723040103912
7	1	1.37157607079
8	1	0.611671924591
7	1	0.820243120193
8	1	0.624875068665
8	0	0.635075092316
7	1	0.531283140182
8	1	0.427002906799
8	1	0.483752965927
7	1	0.707180023193
8	1	0.54529094696
8	1	0.507454872131
8	1	0.738064050674
7	1	0.507521152496
7	1	0.586854934692
7	1	0.562607049942
7	1	0.603241920471
7	1	0.61871099472
8	1	0.570948839188
8	1	0.580176115036
7	0	0.625665903091
7	1	0.76347899437
7	1	0.451776027679
7	1	0.635201931
7	1	0.636927127838
8	1	0.530139923096
8	1	0.410554885864
7	1	0.37849187851
7	1	0.45938706398
8	1	0.425605773926
8	1	0.571130990982
8	1	0.588235855103
7	1	0.53954410553
7	1	0.672929048538
8	0	0.620668172836
8	1	0.496716022491
7	1	0.586394786835
8	1	0.612195014954
8	1	0.435133934021
7	1	0.540507078171
8	1	0.452022075653
8	1	0.538834095001
7	1	0.64296412468
8	1	0.451503992081
7	1	0.547253131866
7	1	0.497035980225
7	1	0.627709150314
7	0	0.747656106949
8	1	0.489474058151
8	1	0.588332891464
8	0	0.769894838333
8	1	0.74514913559
7	1	0.564949035645
7	1	0.481283903122
8	1	0.918802976608
7	1	0.945043087006
7	1	0.602317810059
7	1	0.634308815002
8	1	0.836641073227
7	1	0.578718185425
7	1	0.572553157806
3	1	0.834630012512
3	1	0.47389292717
3	1	0.467573165894
3	1	0.403683185577
3	1	0.48145198822
3	1	0.451497077942
3	1	0.502008914948
3	1	0.537703990936
3	1	0.417769908905
3	1	0.420397996902
3	1	0.404397964478
3	1	0.376908063889
3	1	0.443376064301
3	1	0.436855077744
3	1	0.721207857132
3	1	0.490478038788
3	1	0.477334022522
3	1	0.362486124039
3	1	0.420472145081
3	1	0.457909107208
3	1	0.579280853271
3	1	0.371860027313
3	1	0.44261598587
3	1	0.442599773407
3	1	0.435852050781
3	1	0.442312955856
3	1	0.481927871704
3	1	0.403478145599
3	1	0.466293096542
3	0	0.580547094345
3	1	0.642201900482
3	1	0.556537866592
3	1	0.49818778038
3	1	0.698862075806
3	1	0.802804946899
3	1	0.522115945816
3	1	0.411416053772
3	1	0.509908914566
3	1	0.419430971146
3	1	0.522800922394
3	1	0.435087203979
3	1	0.411560058594
3	1	0.43482708931
3	1	0.587779045105
3	1	0.378852128983
3	1	0.409368038177
3	1	0.586303949356
3	1	0.475880146027
3	1	0.426524877548
3	1	0.42991900444
3	1	0.657773017883
3	1	0.440871953964
3	1	0.402469158173
3	1	0.467298030853
3	1	0.428385019302
3	1	0.450163125992
3	0	0.435276985168
3	1	0.403409957886
3	1	0.450685024261
3	1	0.361368894577
3	1	0.418477058411
3	1	0.331637859344
3	1	0.468730926514
3	1	0.424731016159
3	1	0.637256145477
3	1	0.545343875885
3	1	0.51003408432
3	1	0.562544107437
3	1	0.419080018997
3	1	0.393183946609
3	1	0.386327981949
3	1	0.485405921936
3	1	0.36091709137
3	1	0.834287166595
3	1	0.426905155182
3	1	0.60607790947
3	1	0.43337392807
3	1	0.442543029785
3	1	0.428853988647
3	1	0.354465961456
3	1	0.421724081039
3	1	0.384006977081
3	1	0.3468708992
3	1	0.652348041534
3	1	0.361872911453
3	1	0.452477931976
3	1	0.433317184448
3	1	0.580291032791
3	1	0.450887918472
3	1	0.355331897736
3	1	0.379375934601
3	1	0.425118923187
3	1	0.586515903473
3	1	0.356423854828
3	1	0.6662940979
3	1	0.563200950623
3	1	0.388998031616
3	1	0.386794090271
3	1	0.459933996201
3	1	0.521475076675
3	1	0.413436174393
3	1	0.40096116066
3	1	0.386349916458
3	0	0.699600934982
3	1	0.516487121582
3	1	0.62727189064
3	0	0.484039068222
3	1	0.707244873047
3	0	0.464813947678
3	1	0.506337881088
3	1	0.475686073303
3	1	0.788312911987
3	1	0.570510864258
3	1	0.71407699585
3	1	0.507302999496
3	1	0.458187103271
3	1	0.42093706131
3	1	0.369415044785
3	1	0.500613927841
3	1	0.458784103394
3	1	0.458373069763
3	1	0.39425611496
3	1	0.473877191544
3	1	0.467433929443
3	0	0.588207006454
3	1	0.571405172348
3	1	0.53861784935
3	1	0.489440202713
3	1	0.636461019516
3	1	0.515340805054
3	1	0.400882005692
3	1	0.402202129364
3	1	0.429796934128
3	1	0.640869855881
3	1	1.06166505814
3	1	0.46585392952
3	1	0.459048986435
3	1	0.572355985641
3	1	0.417651891708
3	1	1.02789306641
3	1	0.572183132172
3	1	0.617708206177
3	1	0.547576904297
3	1	0.433938980103
3	1	0.451890945435
3	1	0.640261888504
3	1	0.540147066116
3	1	0.786640882492
3	1	0.54988193512
1	1	0.707222938538
1	1	0.385574102402
1	1	0.437418937683
1	1	0.472681045532
1	1	0.341177940369
1	1	0.419245004654
1	1	0.585829019547
1	1	0.434216022491
1	1	0.380000829697
1	1	0.458722114563
1	1	0.418049097061
1	0	0.577800035477
1	1	0.620032072067
1	1	0.417728900909
1	1	0.425303220749
1	1	0.435175895691
1	1	0.380532979965
1	1	0.378509044647
1	1	0.498611927032
1	1	0.483310937881
1	0	0.618280172348
1	1	0.668395042419
1	1	0.602205038071
1	1	0.539870023727
1	1	0.548300981522
1	1	0.523180961609
1	1	0.52216386795
1	1	0.777031898499
1	1	0.684536933899
1	1	0.611742973328
1	1	0.586618900299
1	1	0.516050815582
1	1	0.577612876892
1	1	0.610303878784
1	1	0.44405412674
1	1	0.466871023178
1	1	0.553870201111
1	1	0.603986978531
1	1	0.619312047958
1	1	0.563609838486
1	1	0.573163032532
1	1	0.58479309082
1	1	0.506848096848
1	1	0.42015504837
1	1	0.55588388443
1	1	0.578032016754
1	0	0.537719011307
1	0	1.67738294601
1	1	0.539305210114
1	1	0.584857940674
1	1	0.714779138565
1	1	0.735611915588
1	1	1.15961694717
1	1	0.973008871078
1	1	0.69008398056
1	1	0.72236084938
1	1	0.704783916473
1	1	0.667197942734
1	1	0.691930055618
1	1	0.723410129547
1	1	0.753988981247
1	1	0.634104967117
1	1	0.642688035965
1	1	0.692149877548
1	1	0.833801984787
1	1	0.668945074081
1	1	0.72069311142
1	1	0.659512042999
1	1	0.828059196472
1	1	0.778369903564
1	1	0.673936843872
1	1	0.62668800354
1	1	0.586194992065
1	1	0.643677949905
1	1	0.561434984207
1	1	0.59543299675
1	1	0.803045034409
1	1	0.668738126755
1	1	0.751903057098
1	1	0.709179878235
1	1	0.63395190239
1	0	0.728278875351
1	1	0.740058898926
1	1	0.675198078156
1	1	0.596367120743
1	1	0.594352006912
1	1	0.602875947952
1	1	0.539863109589
1	1	0.599761962891
1	1	0.501975059509
1	1	0.627429008484
1	1	0.473572015762
1	1	0.613309860229
1	1	0.53164601326
1	1	0.673289060593
1	1	0.693836927414
1	1	0.618544101715
1	1	0.651561975479
1	1	0.706249952316
1	1	0.612691164017
1	0	0.794890880585
1	1	0.644362926483
1	1	0.674829006195
1	1	0.658846855164
1	1	0.794803142548
1	1	0.683229923248
1	1	0.652028799057
1	1	0.601509094238
1	0	0.721563816071
1	0	0.685173034668
1	1	0.681080102921
1	1	0.716203927994
1	1	0.601089000702
1	1	0.702142953873
1	1	0.755789041519
1	1	0.553783178329
1	1	0.505093097687
1	1	0.572630882263
1	1	0.579817056656
1	1	0.634860992432
1	1	0.769106864929
1	1	0.54022693634
1	1	0.545782089233
1	1	0.827045917511
1	1	0.523119926453
1	1	0.769929885864
1	1	0.645254135132
1	1	0.619119882584
1	1	0.435725927353
1	1	0.529672145844
1	1	0.449681997299
1	1	0.594488143921
1	1	0.514961004257
1	0	0.548358917236
1	1	0.521431922913
1	0	0.626085996628
1	1	0.836282014847
1	1	0.602896928787
1	1	0.570676088333
1	0	1.17138791084
1	0	0.868029117584
5	1	1.33243012428
5	1	0.593899965286
5	1	0.550313949585
5	1	0.522430896759
5	1	0.61946606636
6	1	0.633848905563
6	0	0.810923099518
6	1	0.714869976044
5	1	0.628216028214
5	0	0.649239063263
6	1	0.724097967148
5	1	1.13676404953
6	1	0.787044048309
5	1	0.692061901093
5	0	0.714585065842
5	0	2.31059288979
5	1	1.17729210854
6	1	1.01165103912
6	1	0.651213169098
5	1	1.40261912346
5	1	0.763052940369
5	1	1.10458397865
5	1	0.563582897186
5	1	0.578869104385
5	0	0.690583944321
6	1	0.628044843674
5	1	0.747624874115
5	0	0.786213874817
5	1	0.972116947174
5	1	0.843109130859
6	1	0.578581094742
6	1	0.603414058685
6	1	0.552733898163
6	1	0.571110010147
5	1	0.612210988998
6	1	0.468214035034
6	1	0.603866100311
5	1	0.69042301178
5	1	0.75363278389
5	1	0.498986005783
6	1	0.593939781189
5	1	0.554673910141
6	1	0.907557010651
5	1	0.844138145447
5	1	0.954894781113
5	1	0.612437963486
5	1	0.578325033188
5	1	0.730337142944
6	1	0.637834072113
5	1	0.505032062531
6	1	0.610980033875
6	1	0.609017848969
5	1	0.607301950455
6	1	0.691731929779
6	1	0.496676921844
6	1	0.512713909149
5	1	0.509876966476
5	1	0.44344997406
5	1	0.673722028732
5	1	0.642609119415
6	1	0.46889591217
5	1	0.706556081772
5	1	0.49994301796
5	1	0.552791118622
5	1	1.3799059391
5	1	1.03253388405
6	1	1.64354205132
6	1	0.659894943237
5	0	0.721319913864
5	0	0.666275978088
5	1	0.644627094269
6	1	0.467585086823
6	1	0.418877124786
6	1	0.538534879684
5	1	0.793957948685
5	1	0.49198102951
5	1	0.476022005081
5	1	0.586061954498
6	1	0.524965047836
6	1	0.442383050919
5	1	0.569344997406
6	1	0.435513973236
6	1	0.636600017548
6	0	0.754768848419
6	1	0.675628900528
5	1	0.403819084167
5	1	0.481564998627
6	1	0.450875043869
5	1	0.428308010101
5	1	0.499154090881
5	1	0.43679690361
5	1	0.714730024338
6	1	0.627014160156
6	1	0.489680051804
6	1	0.47563791275
6	1	0.475428819656
6	1	0.675348997116
6	1	0.850291013718
5	1	0.51736998558
5	1	0.610054969788
5	1	0.572726011276
5	1	0.594138145447
5	1	0.844433069229
5	1	0.490874052048
6	1	0.506016969681
6	1	0.476155996323
6	1	0.481630086899
6	1	0.435553789139
6	1	0.449203968048
6	1	0.436420917511
5	1	0.532719135284
6	1	0.434563875198
5	1	0.506394147873
5	1	0.66855597496
5	1	0.489172935486
6	1	0.651094913483
6	1	0.473056793213
5	1	0.460036993027
6	1	0.395036935806
5	1	0.435487985611
6	1	0.442433834076
5	1	0.490467071533
6	1	0.443367004395
6	1	0.548573970795
6	1	0.673360109329
6	1	0.701344013214
6	1	0.483445167542
6	1	0.43436217308
6	1	0.594676971436
5	1	0.388815879822
5	1	0.587276935577
5	1	0.584851980209
5	1	0.524504899979
5	1	0.633480072021
6	1	0.416580200195
5	1	0.475541830063
6	1	0.386770009995
6	1	0.404664993286
6	1	0.570651054382
6	0	0.642117023468
5	1	2.02864718437
6	1	0.755248069763
5	1	0.586199998856
6	1	0.723161935806
6	1	0.62644982338
5	0	0.692217826843
5	1	0.657161951065
6	1	0.524561166763
5	1	0.545328855515
6	1	0.491506099701
6	1	0.498667001724
5	1	0.611600160599
5	1	0.570694923401
6	1	0.523652076721
5	1	0.634421825409
5	1	0.507347106934
5	1	0.635629892349
5	1	0.691191911697
6	1	0.540817975998
5	1	0.552683830261
6	1	0.634518861771
5	1	0.555635929108
6	1	0.700356960297
5	1	0.613380908966
6	1	0.617405176163
6	1	0.540985107422
5	1	0.731113910675
6	1	0.579483032227
6	1	0.613177061081
5	0	1.08110404015
5	1	0.665653944016
6	1	0.699086904526
5	1	0.705481052399
6	1	0.60446190834
6	1	0.610978841782
6	1	0.674876928329
5	1	0.63241314888
5	0	0.690768003464
5	0	1.22049689293
6	1	0.626812934875
5	1	0.619910001755
5	1	0.579694986343
6	1	0.560787916183
6	1	0.524380922318
5	1	0.578922986984
5	1	0.555855989456
5	1	0.522927999496
5	1	0.513278961182
5	1	0.531490087509
6	1	0.531167030334
6	1	0.539889097214
6	1	0.55215716362
5	1	0.707765817642
6	1	0.473538160324
6	1	0.4835729599
6	1	0.563086986542
6	1	0.570437192917
6	1	0.825364112854
6	1	0.627465963364
5	0	1.01179790497
5	1	0.731073856354
6	1	0.644544839859
5	1	0.61932182312
5	1	0.800402164459
6	1	0.651605129242
6	1	1.09086489677
6	1	0.612546920776
6	1	0.714033126831
6	1	0.634674072266
5	1	0.579658031464
6	1	0.588017940521
5	1	0.619780063629
6	1	0.731184005737
5	1	0.685385942459
6	1	0.559928894043
5	1	0.651057004929
6	1	0.651449918747
5	1	0.75493311882
5	1	0.748245954514
5	1	0.593861103058
5	1	1.48403501511
6	0	0.770176887512
5	1	1.16430592537
5	1	1.10684490204
6	1	0.699995040894
5	1	0.571912050247
5	1	0.640367031097
6	1	0.766798019409
6	1	0.569477081299
5	1	0.594583034515
5	1	0.507843017578
6	1	0.623759031296
6	1	0.651463985443
5	1	0.508777141571
5	0	0.683207035065
6	1	0.778873920441
6	1	0.636711120605
6	1	0.842094898224
5	1	0.560640096664
5	1	0.549175977707
6	1	0.53790307045
5	1	0.788599014282
5	1	0.531806945801
5	1	0.625699043274
6	1	0.47492980957
5	1	0.531664848328
5	1	0.67437505722
6	1	0.683515071869
6	1	0.603622913361
6	1	0.46560716629
5	1	0.618995904922
5	1	0.624987840652
5	0	0.532598972321
5	1	0.538651943207
5	1	0.531263113022
6	1	0.490363836288
5	1	0.485508918762
5	1	0.547179937363
5	1	0.528218984604
6	1	0.429064035416
5	1	0.636719942093
6	1	1.20890903473
5	1	0.557943105698
6	1	0.585777997971
6	1	0.539291143417
6	1	0.476001977921
6	1	1.75515699387
6	1	0.594198942184
5	1	0.87319111824
6	1	0.692134857178
5	1	0.484411001205
5	1	0.401510953903
6	1	0.514540195465
6	1	0.485018014908
5	1	0.611227989197
6	1	0.496995925903
6	1	0.55535697937
6	1	0.48419213295
5	0	0.578913927078
8	1	1.42770004272
7	1	0.594721078873
8	1	0.611163139343
8	1	0.804651021957
7	1	0.611874818802
8	1	0.59281206131
7	1	0.594899892807
7	1	0.530385017395
8	1	0.475039958954
7	1	0.508253097534
7	1	0.770126104355
8	1	0.492157936096
7	1	0.498580932617
7	1	0.55669593811
7	1	0.523250102997
8	1	0.482171058655
8	1	0.578131198883
8	1	0.477041006088
8	1	0.514877080917
7	1	0.505671977997
7	1	0.707983970642
7	1	0.616992950439
7	1	0.691252946854
8	1	0.643201112747
7	1	0.810768127441
8	1	0.80412197113
8	1	0.515337944031
7	1	0.668880224228
8	1	0.604067087173
7	0	0.619864940643
8	1	0.737049818039
7	1	0.554356813431
8	1	0.635780096054
7	1	0.597690105438
7	1	0.593729972839
7	1	0.523190021515
8	1	0.585287809372
8	1	0.532113075256
7	1	0.577105998993
8	1	0.561943054199
7	1	0.547660827637
7	1	0.596583127975
7	1	0.617337942123
8	1	0.54595708847
7	1	0.501398086548
7	1	0.45804810524
8	1	0.618860006332
8	1	0.524082899094
7	1	0.497166872025
7	1	0.953802108765
8	1	0.69090294838
7	1	0.636571884155
7	1	0.898239135742
7	1	0.700889110565
7	1	0.754675149918
8	1	0.636332035065
8	1	0.584537029266
7	0	0.804371118546
8	1	0.690716028214
7	1	0.642150163651
8	1	0.860033035278
7	1	0.569983005524
7	1	0.632688999176
7	1	0.604463100433
8	1	0.538208007812
8	1	0.564838886261
8	1	0.546745061874
8	0	0.561398029327
7	1	0.610134124756
7	1	0.499767065048
8	1	0.424857854843
8	1	0.533447980881
8	1	0.547384977341
8	1	0.504781007767
7	1	0.716097831726
7	1	0.635947942734
7	1	0.626381158829
7	1	0.65082192421
8	1	0.555881023407
8	1	0.688575983047
8	1	0.638822793961
8	1	0.72096991539
8	1	0.529709100723
8	1	0.491178035736
8	1	0.58040189743
7	1	0.545142889023
7	0	0.717226982117
8	1	0.610385894775
7	0	0.560328006744
8	1	0.650796890259
8	1	0.565235137939
7	1	0.611810922623
7	1	1.1778190136
8	1	0.61118221283
7	1	0.600586891174
8	1	0.588450193405
8	1	0.660268068314
8	0	0.633558988571
7	1	0.939566850662
7	1	0.596117019653
8	1	0.589081048965
8	1	0.642241954803
7	1	0.609180927277
7	1	0.595957994461
7	1	0.689223051071
7	1	0.610949039459
8	1	0.556254148483
8	1	0.522161006927
7	1	0.629108190536
7	1	0.577570915222
7	1	0.564692974091
8	1	0.499376058578
7	1	0.602246999741
8	1	0.548290014267
7	1	0.514616966248
8	1	0.51584815979
7	1	0.594472885132
8	1	0.488090991974
8	1	0.525377988815
7	1	0.546736001968
7	1	0.577405929565
8	1	0.546513795853
7	1	0.525070905685
8	1	0.601806879044
8	1	0.538058042526
7	1	0.450701951981
8	1	0.618278026581
8	1	1.05078196526
8	1	0.594295978546
8	1	0.524892807007
8	1	0.603074789047
7	1	0.60057592392
7	1	0.739363908768
7	1	0.908495903015
7	1	0.673023939133
7	1	0.644657850266
8	1	0.634787082672
7	1	0.690842151642
8	1	0.576932191849
7	1	0.483667135239
7	1	0.645582914352
4	1	0.795013904572
4	1	0.587774991989
4	1	0.56072306633
4	1	0.515164136887
4	1	0.595350980759
4	1	0.555261850357
4	1	0.578471183777
4	1	0.601494073868
4	1	0.547080039978
4	1	0.516177892685
4	1	0.85108089447
4	1	0.896169900894
4	1	0.573641061783
4	1	0.55516409874
4	1	0.578272819519
4	1	0.803141832352
4	1	0.668227910995
4	1	0.594002008438
4	1	0.691936016083
4	1	0.576872110367
4	1	0.556689023972
4	1	0.546407938004
4	1	0.57287311554
4	1	0.5699031353
4	1	0.561897993088
4	0	0.75603890419
4	1	0.602370977402
4	1	0.621051073074
4	1	0.570224046707
4	1	0.54675412178
4	1	0.522231817245
4	1	0.587260961533
4	1	0.650509119034
4	1	1.17077994347
4	1	0.66921710968
4	1	0.681761026382
4	1	0.644294023514
4	1	0.538166999817
4	1	0.842940092087
4	1	0.580473899841
4	1	0.514107942581
4	1	0.754092931747
4	1	0.652621030807
4	1	0.514653921127
4	0	0.771376848221
4	1	0.915240049362
4	1	0.673928022385
4	1	0.629507064819
4	1	0.723597049713
4	1	0.626374959946
4	1	0.579909801483
4	1	0.576711177826
4	1	0.661276102066
4	1	0.569020986557
4	1	0.516740083694
4	1	0.544174909592
4	1	1.09926390648
4	1	0.741981983185
4	1	0.785898923874
4	1	1.00206303596
4	1	0.661180973053
4	0	1.34389781952
4	1	0.627430915833
4	1	0.996828079224
4	1	0.688575983047
4	1	0.683694839478
4	0	1.10011386871
4	1	0.625761985779
4	1	0.848805904388
4	1	0.799118041992
4	1	0.689134120941
4	1	0.628413915634
4	1	0.593714952469
4	0	1.22752809525
4	1	0.84255194664
4	1	0.697458982468
4	1	0.658790111542
4	1	0.820029973984
4	1	0.779316902161
4	1	0.77291893959
4	1	0.729053020477
4	1	0.586533069611
4	0	0.586245059967
4	0	0.699583053589
4	1	0.723652124405
4	1	0.65326499939
4	1	0.595637083054
4	1	0.545907020569
4	1	0.612633943558
4	1	1.04338598251
4	1	0.54816198349
4	1	0.82645201683
4	1	0.648964881897
4	1	1.14757299423
4	1	1.10706782341
4	1	0.665121078491
4	1	0.691298007965
4	1	0.62735414505
4	1	0.83514213562
4	1	0.683655977249
4	1	0.578817844391
4	1	0.594305038452
4	1	0.579956054688
4	1	0.580251932144
4	1	0.537808895111
4	1	1.14857196808
4	1	0.602969169617
4	1	0.651818990707
4	1	0.712198019028
4	1	0.539067983627
4	1	0.571624994278
4	1	0.547497034073
4	1	0.681291103363
4	1	0.818782091141
4	1	0.578994989395
4	1	0.595370054245
4	1	0.676578044891
4	1	0.593845844269
4	0	0.563606977463
4	1	0.612451076508
4	1	0.681043148041
4	1	0.786622047424
4	1	0.661280155182
4	1	0.79936504364
4	1	0.557828903198
4	1	0.522044181824
4	1	0.796241044998
4	1	0.63510799408
4	1	0.507347106934
4	1	0.515573978424
4	1	0.547089099884
4	1	0.491719961166
4	1	0.514536857605
4	1	0.545075178146
4	1	0.474821090698
4	1	0.501435041428
4	1	0.472929000854
