8	1	1.94577789307
8	1	0.812937021255
7	1	0.759598970413
7	1	0.666654825211
7	1	0.652978897095
7	1	0.572908163071
8	1	0.652856826782
8	1	0.879472017288
8	1	2.03898692131
7	1	2.5983979702
7	1	1.09276390076
8	1	0.692925930023
8	0	0.986221790314
7	1	0.799984931946
8	1	0.719503879547
8	1	0.812863111496
8	1	0.599601984024
8	1	0.559998035431
7	1	0.559979915619
7	1	0.586713075638
7	1	0.573343992233
8	1	0.533318042755
7	1	0.906014919281
7	1	0.626369953156
7	1	0.546334981918
7	1	0.599913835526
8	1	0.733506917953
8	1	0.692857980728
8	1	0.546221971512
8	1	1.31942296028
8	1	0.866254806519
7	1	0.559516191483
8	1	0.519455194473
8	1	0.559532880783
7	1	0.653055906296
7	1	0.573367834091
7	1	2.61229300499
8	1	0.706174135208
8	1	0.879503965378
8	1	0.772787809372
8	1	1.1861410141
7	1	0.746099948883
7	1	1.26618790627
7	1	0.772838115692
8	1	0.93275809288
8	1	0.666111946106
8	1	1.63912200928
8	1	0.679700136185
8	1	2.01226496696
7	1	2.37185192108
8	1	3.73136115074
8	1	2.61173677444
7	1	2.59851312637
8	1	1.31947684288
7	1	1.65236401558
8	0	2.86558389664
8	1	1.39951181412
7	0	4.49136209488
7	1	5.86361002922
7	1	1.38561701775
8	1	3.09165692329
8	1	1.13279104233
7	0	0.786052942276
8	1	0.893013954163
8	1	0.772800922394
7	1	0.692919969559
7	1	0.679693937302
8	1	1.53274607658
7	1	0.666629076004
7	1	1.21275210381
7	1	0.932914972305
8	1	0.63952088356
8	1	0.892730951309
7	1	1.33273005486
8	1	0.626185894012
7	1	0.68001294136
7	1	0.879511117935
7	1	0.639492034912
8	1	0.652798175812
8	1	0.73286986351
7	0	4.17136192322
7	1	1.15915584564
8	1	0.719444036484
7	1	0.772919893265
7	1	3.83835291862
7	1	2.14573597908
8	1	0.799921989441
8	1	0.679697990417
8	1	0.852789163589
8	1	0.572812795639
8	1	0.692995786667
7	1	0.679992198944
7	1	0.719489097595
7	1	0.612892150879
8	1	0.586241006851
7	1	0.652922868729
8	1	0.706367015839
7	1	1.65291905403
7	1	4.8508541584
7	1	4.90410900116
7	1	1.29271411896
7	1	1.37223792076
7	1	1.61241388321
7	0	6.83650422096
8	1	1.5461370945
8	1	0.866193056107
5	1	5.78371882439
6	1	3.09190702438
5	1	3.78464889526
5	1	0.946332216263
6	1	1.07947802544
6	1	0.85330414772
5	1	2.1856648922
5	1	1.59947800636
5	1	1.11952280998
6	1	0.986121892929
5	1	1.73230409622
6	1	5.77034902573
5	1	0.692841053009
5	1	0.826642036438
6	1	0.852775096893
5	1	0.826184988022
5	1	1.06611800194
6	1	0.839498996735
5	1	0.813205957413
6	1	0.812935829163
5	1	0.639518976212
6	1	2.27849316597
5	1	3.07874011993
5	1	0.666672945023
5	1	0.759510040283
5	1	1.34579491615
5	0	3.61132907867
6	1	2.0522248745
6	1	1.15947890282
6	1	0.692847013474
5	1	0.666720867157
6	1	0.786327838898
6	1	0.586126804352
5	1	0.759484052658
5	1	0.639535903931
5	1	0.506565093994
6	0	0.506479024887
5	1	0.613343954086
6	1	0.599931001663
6	1	0.546669006348
6	1	0.493322134018
5	1	0.480005025864
6	1	0.506694078445
5	1	0.93287396431
6	1	0.506159067154
5	1	0.599505901337
6	1	0.546175003052
5	1	0.599600076675
6	1	0.559980154037
5	1	0.839850902557
6	0	1.45285010338
6	1	0.786173820496
5	1	1.33227109909
6	1	0.599378108978
5	1	0.639532089233
6	1	0.586179971695
5	1	1.05276298523
6	1	0.866244077682
5	1	0.799513101578
6	1	0.599935054779
6	1	0.559935092926
5	1	0.693032026291
6	1	0.719546794891
6	1	0.51951789856
5	1	0.786209106445
6	1	0.640038013458
5	1	0.613289833069
5	1	0.932814121246
5	1	0.639496088028
5	1	0.892910003662
6	1	0.586630105972
5	1	1.11947989464
6	1	0.586516857147
6	1	0.586679935455
6	1	0.613394021988
5	1	0.600013017654
6	1	0.546457052231
6	1	0.692873001099
5	1	0.519370079041
6	1	0.679497003555
6	1	0.626173019409
6	1	0.546602964401
5	1	0.626644134521
6	1	0.599982976913
6	1	0.546674966812
6	1	0.519996166229
5	1	0.906162977219
5	1	0.639495134354
5	1	0.826339960098
5	1	0.546617984772
5	1	0.626431941986
5	1	0.572892904282
6	1	0.57294011116
5	1	0.466182947159
5	1	0.85275888443
5	1	1.71922898293
5	1	0.932895183563
5	1	0.772881031036
6	1	1.17233991623
6	1	0.586181163788
5	1	0.692783117294
6	1	0.599508047104
6	1	0.666614055634
6	1	0.626583099365
5	1	0.626582145691
5	1	0.533092975616
5	0	0.719483852386
5	1	0.692933082581
6	1	0.506248950958
5	1	0.666212081909
5	1	0.892966985703
5	1	0.626103878021
6	1	0.612848043442
6	1	0.652809858322
6	1	0.772848129272
6	1	0.573328971863
6	1	0.546761035919
5	1	0.519983053207
5	1	0.466621160507
5	1	0.732872962952
5	1	0.612900972366
5	1	0.506170988083
5	1	0.626536130905
5	1	0.692831039429
5	1	0.719488859177
5	1	0.546095132828
6	1	0.652970075607
5	1	0.599986076355
6	1	0.653276920319
5	1	0.772748947144
6	1	1.29281902313
5	1	1.22613310814
6	1	0.680058002472
6	1	0.61333990097
5	0	2.11888980865
6	1	0.680074930191
5	1	2.94527792931
5	1	0.706218004227
6	1	0.652760982513
5	1	1.10620999336
6	1	2.15901303291
6	1	3.02510309219
5	1	1.85233902931
5	1	0.839562177658
6	1	0.866072177887
5	1	2.95867609978
6	1	0.826230049133
5	1	0.839512109756
6	1	1.93233799934
6	0	1.74568104744
6	1	1.4255669117
6	1	3.18520092964
6	0	2.43894386292
6	1	1.34611678123
5	0	2.91859006882
6	1	0.799496889114
6	1	1.41262292862
5	1	1.58559393883
5	1	0.853119134903
6	0	1.50613594055
6	1	0.932833194733
6	1	2.09225797653
5	1	6.7299258709
6	1	8.87557005882
5	1	1.19936704636
6	1	1.10616803169
5	1	1.22608304024
6	1	0.82676410675
5	1	0.732814073563
5	1	0.959506034851
6	1	0.826586008072
6	1	1.17282319069
5	1	0.826586961746
6	1	0.946125030518
5	1	0.706255912781
5	1	0.760027885437
5	1	0.77280497551
5	1	1.01283383369
5	1	0.706604957581
6	1	0.639467000961
5	1	1.87898993492
6	1	0.746340990067
6	1	0.733217954636
6	1	0.612862110138
6	1	0.892780065536
5	1	0.706234931946
5	0	0.626621961594
5	1	0.879467010498
5	1	0.786189079285
6	1	1.35925507545
5	1	0.746301174164
6	1	0.679974079132
6	1	0.852927923203
5	1	0.812794923782
5	1	0.719654083252
6	1	0.733309030533
5	1	0.666111946106
6	1	0.666162014008
6	1	0.639471054077
6	1	0.692832946777
5	1	0.746630907059
6	1	0.599656820297
5	1	0.57273888588
5	1	0.572825908661
5	1	0.572927951813
5	1	0.572890043259
6	1	0.69278383255
5	1	0.519906997681
6	1	0.680006980896
6	1	0.560032129288
5	1	0.932756185532
5	1	0.692846059799
6	1	0.612895011902
5	1	0.720074176788
6	1	1.0261797905
5	1	0.599555969238
5	1	0.826215028763
6	1	0.533352851868
6	1	1.45290899277
5	0	0.799467086792
6	1	0.772852897644
6	0	1.26560091972
6	1	0.826211929321
5	1	1.55917906761
5	1	0.933026075363
6	1	0.572819948196
5	1	0.599537134171
5	1	0.586128950119
5	1	0.560460090637
6	1	0.706233024597
6	1	0.693330049515
6	1	0.573419094086
5	1	0.653390884399
6	1	0.879499912262
6	1	0.586185216904
6	1	0.679608106613
1	1	5.09085011482
1	1	0.772817134857
1	1	0.679451227188
1	1	0.639484167099
1	1	0.639766931534
1	1	0.533376932144
1	1	0.493214845657
1	1	0.693375825882
1	1	0.626313209534
1	1	0.546262025833
1	1	0.466216802597
1	1	0.492911100388
1	0	0.479698896408
1	1	0.546104192734
1	1	0.546159029007
1	1	0.506381034851
1	1	0.466180801392
1	1	0.599407196045
1	1	0.546112060547
1	1	0.546133041382
1	1	0.506277084351
1	1	0.572847127914
1	1	0.572828054428
1	1	0.573259115219
1	1	0.653352022171
1	1	0.506634950638
1	1	0.666632890701
1	1	0.652790784836
1	1	0.572861909866
1	1	5.35698390007
1	1	2.53184986115
1	1	0.746065855026
1	1	0.666164875031
1	1	0.586374044418
1	1	0.533141851425
1	1	0.586575984955
1	0	0.480049133301
1	1	0.680135011673
1	1	0.732813119888
1	1	0.799555063248
1	1	0.599670171738
1	1	0.626677036285
1	1	0.639999866486
1	1	0.533267974854
1	1	0.61302113533
1	1	1.37283015251
1	1	1.34618210793
1	1	0.640033960342
1	1	0.919487953186
1	1	0.626167058945
1	1	0.692815065384
1	1	0.640002012253
1	1	0.666651010513
1	1	0.692882061005
1	1	0.639502048492
1	1	1.03948497772
1	1	0.586505889893
1	1	0.626257181168
1	1	0.652899980545
1	1	0.572834968567
1	0	0.799444913864
1	1	0.639962911606
1	1	0.786131858826
1	1	0.652777910233
1	1	0.826168060303
1	1	0.626846075058
1	1	0.826251983643
1	1	0.666173934937
1	1	0.599565982819
1	1	0.626106977463
1	1	0.706239938736
1	1	0.586681127548
1	1	0.653342962265
1	1	0.533313989639
1	1	0.71953701973
1	1	0.639444828033
1	1	0.599462985992
1	1	0.732754945755
1	1	0.89280796051
1	1	1.06603884697
1	1	0.773338079453
1	1	1.59920191765
1	1	0.812886953354
1	1	0.772832155228
1	1	0.906192064285
1	1	0.746183872223
1	1	3.82469391823
1	1	2.2923579216
1	1	0.719509124756
1	1	0.666697978973
1	1	0.666470050812
1	1	0.599428892136
1	1	0.626189947128
1	1	1.03946018219
1	1	0.600006818771
1	1	0.706177949905
1	1	0.732851982117
1	1	0.599592924118
1	1	0.559551954269
1	1	0.586547851562
1	1	0.533329963684
1	1	0.480077981949
1	1	0.839824199677
1	1	0.572866916656
1	1	0.612733125687
1	1	0.54606294632
1	1	0.666201114655
1	1	0.546252965927
1	1	0.626364946365
1	1	0.666702985764
1	1	0.546732902527
1	1	0.54674911499
1	1	0.799540042877
1	1	0.586166143417
1	1	0.519510984421
1	1	0.679527997971
1	1	0.826435089111
1	1	0.839532852173
1	1	0.572805166245
1	1	0.572809934616
1	1	0.559543132782
1	1	0.759564876556
1	1	0.546663045883
1	1	0.706665992737
1	1	0.572924852371
1	1	0.612910032272
1	1	0.679472208023
1	0	0.599466085434
1	1	0.786193132401
1	1	0.599807977676
3	1	4.06470704079
3	1	0.839456796646
3	1	0.786741018295
3	1	1.02616596222
3	1	1.079185009
3	1	0.732841014862
3	1	0.839492082596
3	1	0.639983892441
3	1	0.746215105057
3	1	0.692816972733
3	1	0.626209020615
3	1	0.599550962448
3	1	0.626315116882
3	1	0.760030031204
3	1	0.59979391098
3	1	0.572891950607
3	1	0.559509038925
3	1	0.66613984108
3	1	0.519603967667
3	1	0.719582080841
3	1	0.506686925888
3	1	0.653330087662
3	1	0.586672067642
3	1	0.546662092209
3	1	0.679469108582
3	1	0.519484043121
3	1	0.532819986343
3	1	0.67943406105
3	0	0.586146116257
3	1	0.572868108749
3	1	1.50608491898
3	1	0.586420059204
3	1	0.600018024445
3	1	0.706628084183
3	1	1.09278893471
3	1	0.546460866928
3	1	0.693238019943
3	1	0.626608848572
3	1	0.599620819092
3	1	0.532847166061
3	1	0.612684965134
3	1	0.532779932022
3	1	0.532788038254
3	1	0.879524946213
3	1	0.626755952835
3	1	0.772922992706
3	1	0.69286108017
3	1	0.599577903748
3	1	1.11929106712
3	1	0.839471817017
3	1	1.13274407387
3	1	0.719531059265
3	1	0.77275800705
3	1	0.586318016052
3	1	0.680016040802
3	1	0.546653032303
3	1	0.653258085251
3	1	0.493231058121
3	1	0.799492120743
3	1	0.692766904831
3	1	0.572877883911
3	1	0.560089826584
3	1	0.506683111191
3	1	0.493220090866
3	1	0.613282203674
3	0	0.546633958817
3	1	0.533345937729
3	1	0.533329963684
3	1	0.533342838287
3	0	0.959542036057
3	1	4.35763096809
3	1	1.15952992439
3	1	1.41289877892
3	1	0.959532976151
3	1	1.2124710083
3	1	0.786096811295
3	1	0.932796001434
3	1	0.733060836792
3	1	0.706257104874
3	1	0.759562969208
3	1	0.679693937302
3	1	0.639973163605
3	1	0.746206045151
3	1	0.746146917343
3	1	0.559579849243
3	1	0.586134910583
3	1	0.746407985687
3	1	0.666595935822
3	1	0.612926006317
3	1	0.599514961243
3	1	0.599531173706
3	1	0.746218919754
3	1	1.02613997459
3	1	0.706076145172
3	1	0.546112060547
3	1	0.612818956375
3	1	0.679513931274
3	1	0.533371925354
3	1	0.733312129974
3	1	0.573163986206
3	1	0.572927951813
3	1	0.692753076553
3	1	0.559447050095
3	1	0.586178064346
3	1	0.652791023254
3	1	0.666635036469
3	1	0.626649856567
3	1	0.626459121704
3	1	0.559521913528
3	1	0.626147985458
3	1	0.559484958649
3	1	0.532826900482
3	1	0.786185026169
3	1	0.746589899063
3	1	0.706215143204
3	1	0.532873868942
3	1	1.09287309647
3	1	0.839484930038
3	1	0.706161975861
3	1	0.652896881104
3	1	0.599533081055
3	1	1.14612483978
3	1	0.652909994125
3	1	0.679584026337
3	1	0.640029907227
3	1	0.55997300148
3	1	0.546658992767
3	1	0.61333489418
3	1	0.546530008316
3	1	0.679538965225
3	1	0.61282491684
3	1	0.639575004578
3	1	0.586205005646
7	1	0.666136026382
8	1	0.599426031113
7	1	0.733043909073
7	1	0.613253116608
8	1	0.639791965485
7	1	1.27952313423
7	1	0.812843084335
8	1	0.706340074539
7	1	1.4256901741
8	1	0.639472007751
8	1	0.692885875702
8	1	0.693398952484
8	1	0.772967100143
7	1	0.826133012772
8	1	0.892816066742
8	1	0.759473800659
7	1	0.626163959503
8	1	3.78465294838
8	1	0.706519842148
8	1	0.613409996033
8	1	0.746163129807
8	1	0.692785978317
8	1	0.692825078964
8	1	0.879697799683
8	1	0.919538974762
7	1	0.692893981934
7	1	0.99947309494
8	1	0.679509162903
8	1	0.679581165314
8	1	0.959550142288
7	1	0.639883041382
7	1	0.586152076721
8	1	0.612793922424
8	1	0.639528989792
7	1	0.626159906387
8	1	0.573033094406
8	1	0.679980993271
7	1	0.773092031479
8	1	0.666229009628
7	1	0.786088943481
8	1	1.59931707382
7	1	0.68003988266
7	1	0.812860965729
7	1	0.652811050415
7	1	0.692852973938
8	1	0.559585809708
7	1	1.07944297791
8	1	0.559462070465
7	1	0.586182117462
7	1	0.66607093811
7	1	1.07922792435
8	1	1.25275588036
8	1	2.93177103996
8	0	0.839587926865
7	0	0.932983160019
8	1	0.546162843704
7	1	0.65279006958
7	1	0.652791976929
7	1	0.599575042725
7	1	1.01280617714
8	1	0.692936897278
8	0	0.892920017242
8	1	0.706633806229
8	1	0.799470901489
8	1	1.02622795105
7	1	0.599900960922
7	1	0.613327980042
8	1	0.573189020157
7	1	0.586290836334
8	1	0.559555053711
8	1	0.506248950958
8	1	0.519516944885
7	1	0.572887897491
8	1	0.546360015869
8	1	0.612828969955
8	1	0.626277923584
7	1	0.546601057053
8	1	0.640039920807
8	1	0.999433040619
7	1	1.78565883636
8	1	1.0127761364
7	1	0.71949505806
8	1	1.30574703217
7	1	1.19949507713
7	1	0.653116941452
8	1	0.599421977997
8	1	0.879408836365
7	1	0.679827213287
7	1	0.599943876266
7	1	1.45284295082
8	1	0.826230049133
7	1	0.719559907913
8	1	1.49232912064
8	0	1.21254706383
7	1	1.02626800537
8	1	0.7599568367
7	1	0.946330070496
8	1	0.812762022018
8	1	0.706697940826
7	1	0.693022012711
8	1	0.772891998291
7	1	0.62607216835
8	1	0.652884960175
8	1	0.613259077072
7	1	0.946170091629
8	1	0.63941192627
8	1	0.612811088562
7	1	0.586048126221
7	1	0.61323094368
8	1	0.559976100922
7	0	0.706689834595
8	1	0.599657058716
8	1	1.90568685532
8	1	0.639482975006
7	1	0.99952507019
7	1	0.666178941727
8	1	0.62623500824
7	1	0.572788953781
8	1	0.653043031693
7	1	0.666599988937
8	1	0.560039043427
7	1	0.626235961914
8	1	0.572829008102
8	1	0.666151046753
8	1	0.706264019012
8	1	0.666412115097
7	1	0.653216838837
7	1	0.613294839859
7	1	1.41279387474
4	0	1.7722659111
4	1	0.839527130127
4	1	0.78672003746
4	1	0.719452142715
4	1	0.692791938782
4	1	0.772878885269
4	1	2.39905810356
4	1	2.45192885399
4	1	5.2237329483
4	1	1.95910716057
4	1	1.9723739624
4	1	1.50566101074
4	1	3.61132693291
4	1	1.63894510269
4	1	0.879467964172
4	1	3.15846776962
4	1	0.839549064636
4	1	0.586658000946
4	1	0.599850893021
4	1	0.546245098114
4	1	0.506242036819
4	1	0.879450082779
4	1	0.652981996536
4	1	0.746677160263
4	1	0.679553031921
4	1	0.59952878952
4	1	0.626175880432
4	1	0.559537887573
4	1	0.586264848709
4	1	0.559588909149
4	1	0.746591091156
4	1	0.573359012604
4	1	0.533372163773
4	1	0.546731948853
4	1	0.519872188568
4	1	1.07957816124
4	1	0.626592159271
4	1	0.799870014191
4	1	0.572979211807
4	1	0.57294511795
4	1	0.639515161514
4	1	1.19928097725
4	1	0.626094818115
4	1	0.66625213623
4	1	0.599550962448
4	1	0.546159982681
4	1	0.63959813118
4	1	0.946219921112
4	1	1.30617785454
4	1	0.652848958969
4	1	0.559443950653
4	1	0.586133003235
4	1	0.679589033127
4	1	0.493002176285
4	1	0.706176042557
4	1	0.480010032654
4	1	0.533272981644
4	1	0.626729011536
4	1	0.613237142563
4	1	0.559971094131
4	1	0.639472007751
4	1	0.519421100616
4	0	0.546126842499
4	1	0.679562091827
4	1	0.599503040314
4	1	1.81245207787
4	1	0.932884931564
4	1	0.679486989975
4	1	0.54629611969
4	1	0.533056020737
4	1	1.66596484184
4	1	1.06612992287
4	1	0.706150770187
4	1	0.613119840622
4	1	0.653465986252
4	1	0.919490814209
4	1	0.89280796051
4	1	0.72002196312
4	0	0.693016052246
4	1	0.492931127548
4	1	1.06614089012
4	1	0.586508989334
4	1	0.600033044815
4	1	0.519968986511
4	1	0.759573936462
4	1	0.906266212463
4	1	0.693031072617
4	1	0.573323011398
4	1	0.586631059647
4	1	0.599904060364
4	1	0.519757986069
4	1	0.572810173035
4	1	0.586210012436
4	1	0.599436998367
4	1	0.532919883728
4	1	0.466235876083
4	1	0.639482021332
4	1	0.61284995079
4	1	0.933140993118
4	1	0.572831869125
4	1	0.599602937698
4	1	0.639516115189
4	1	0.532955884933
4	1	0.572891950607
4	1	0.612911939621
4	1	0.599988937378
4	1	1.26612591743
4	1	0.626297950745
4	1	0.799994945526
4	1	0.613046169281
4	1	0.612782001495
4	1	0.759510040283
4	1	0.546027898788
4	1	0.706260919571
4	1	0.559984207153
4	1	0.613420963287
4	1	0.533324956894
4	1	0.533330917358
4	1	0.599750995636
4	1	0.652989864349
4	1	0.66618180275
4	1	2.05229306221
4	1	0.892814874649
4	1	0.67946600914
4	1	0.61315202713
4	1	0.599971055984
4	1	0.73319196701
2	1	2.78518295288
2	1	0.626533031464
2	1	0.666484117508
2	1	0.546293020248
2	1	0.679430007935
2	1	0.78618311882
2	1	1.11965703964
2	1	0.826130867004
2	1	0.6530148983
2	1	0.639986991882
2	1	0.640034914017
2	1	0.626202106476
2	1	0.559532165527
2	1	0.652881860733
2	1	0.786290168762
2	1	0.573497056961
2	0	0.706630945206
2	1	0.772792100906
2	1	0.666135072708
2	1	0.5328810215
2	1	0.626157999039
2	1	1.11924314499
2	1	0.599568843842
2	1	1.05288505554
2	1	0.559924125671
2	1	0.50671505928
2	1	0.5599629879
2	1	0.493393182755
2	1	0.453359127045
2	1	0.533305168152
2	1	1.85237312317
2	1	0.639490127563
2	1	0.732907056808
2	1	0.733237981796
2	0	0.586259126663
2	1	0.919505119324
2	1	0.799628973007
2	1	0.626723051071
2	1	0.866199016571
2	0	3.3713080883
2	1	0.652853965759
2	1	0.652750968933
2	1	0.546256065369
2	1	0.493173122406
2	1	0.466602802277
2	1	0.586451053619
2	1	0.37331199646
2	1	0.639613866806
2	1	0.479902982712
2	1	0.479938983917
2	1	0.653268098831
2	1	0.426617860794
2	1	0.453324794769
2	1	0.466802120209
2	1	0.640063047409
2	1	0.733037948608
2	1	0.612900972366
2	1	0.519545078278
2	1	0.692822933197
2	1	0.466083049774
2	1	0.439512014389
2	1	0.532788038254
2	1	0.506129980087
2	1	0.452930212021
2	1	0.492886781693
2	1	0.506206035614
2	1	0.492915153503
2	1	0.546144008636
2	1	0.492825984955
2	1	0.479508161545
2	1	0.559499025345
2	1	0.53274512291
2	1	0.479718923569
2	1	0.71952009201
2	1	0.586717128754
2	0	0.693320035934
2	1	0.826193809509
2	1	1.11953306198
2	1	1.58592391014
2	1	0.826164960861
2	1	0.639459133148
2	1	1.21237182617
2	1	0.919500827789
2	1	0.946171045303
2	1	0.85279583931
2	1	0.839637994766
2	1	0.706405162811
2	1	0.959688186646
2	1	0.746412992477
2	1	0.69331908226
2	1	0.599647045135
2	1	0.719476938248
2	1	0.746193885803
2	1	0.826508998871
2	1	0.639867067337
2	1	1.54577112198
2	1	0.719465970993
2	0	3.74467206001
2	1	0.733174800873
2	1	0.639953136444
2	1	0.692831993103
2	1	0.546254873276
2	1	0.546185970306
2	1	1.05276107788
2	1	0.746238946915
2	1	0.559527158737
2	1	0.759459018707
2	1	0.639526844025
2	1	0.706573009491
2	1	0.61337685585
2	1	0.746217012405
2	1	0.559495925903
2	1	0.6128718853
2	1	0.906126022339
2	1	0.959464073181
2	1	0.58625292778
2	1	1.26591396332
2	1	0.666121006012
2	1	0.639453887939
2	1	0.586126089096
2	1	0.812855005264
2	1	0.573304891586
2	1	0.626397848129
2	1	2.98513293266
2	1	0.61289191246
2	1	0.599919080734
2	1	0.573318958282
2	1	0.586702108383
2	1	0.972808122635
2	1	0.706287145615
2	1	1.19953989983
8	1	0.609248161316
7	1	0.578512191772
7	1	0.845470190048
7	1	0.607952833176
8	1	0.810524940491
7	1	0.579080104828
7	1	0.682926893234
7	0	0.891461133957
8	1	0.531197071075
7	1	0.60133600235
8	0	0.667184114456
7	1	0.57723903656
8	1	0.594033002853
8	1	0.551440954208
8	1	0.795953989029
8	1	0.600672960281
8	1	0.602737903595
7	1	0.88685297966
8	1	0.628970861435
8	1	0.684355020523
8	1	0.601734161377
8	1	0.571719884872
7	1	0.79901099205
7	1	0.972248077393
7	1	0.777011871338
8	1	0.547078132629
8	1	0.778669834137
7	1	0.689784049988
8	1	0.589164972305
8	1	0.537266016006
8	1	1.20194911957
7	1	1.01155805588
8	1	0.523104906082
8	1	0.75254201889
7	1	0.625771999359
8	1	0.651789903641
7	0	0.609540939331
7	1	0.868097066879
8	1	0.609666109085
8	1	0.560111999512
8	1	0.586842060089
8	1	0.556828975677
7	1	0.562321186066
7	1	0.562011957169
7	1	0.761497020721
8	1	0.553785800934
8	1	0.563221931458
7	0	3.324187994
8	1	1.423568964
8	1	1.14939117432
8	1	0.715371131897
7	1	1.16944503784
7	1	1.77916502953
8	0	0.939857959747
8	1	1.92890715599
7	1	5.06608104706
8	1	1.79135704041
8	1	1.57962393761
7	1	1.3214931488
8	1	0.78626203537
8	1	2.26483893394
7	1	1.24309110641
7	1	1.44382095337
7	1	0.939090967178
8	1	1.71589398384
8	1	0.857047080994
8	1	0.987681865692
7	1	1.04208278656
7	1	6.44100308418
8	1	0.706834077835
7	1	2.215321064
8	1	1.37989592552
7	1	2.88848209381
7	1	1.46045804024
8	1	7.38605117798
7	1	1.03996419907
7	1	6.16160607338
8	1	0.705638885498
7	1	0.729298114777
7	1	0.59699010849
8	1	1.07241606712
7	1	0.831845998764
7	1	0.613144159317
8	1	0.722343921661
7	1	1.00221800804
7	1	0.746178865433
8	1	0.924267053604
8	1	0.698576927185
8	1	0.556430101395
7	1	3.40732002258
8	1	0.981713056564
8	1	0.769484996796
7	1	1.33014893532
8	1	0.626569032669
8	1	0.851933002472
8	1	4.82389497757
8	1	1.40961909294
7	1	0.689384937286
7	1	0.835326194763
7	1	0.9373960495
7	1	1.03391194344
7	1	3.0437400341
8	1	1.18636989594
7	1	0.855803012848
8	1	0.971755027771
7	1	3.25658798218
7	1	0.834224939346
7	1	0.63686299324
7	1	0.689940929413
7	1	1.51740312576
8	1	0.979768037796
7	1	0.680712938309
7	1	0.676741123199
7	1	1.04920291901
7	1	0.548679828644
8	1	0.617965936661
7	1	0.540307998657
8	1	0.687856197357
7	1	0.618824005127
7	1	0.681965827942
8	1	0.610737085342
7	1	0.676177024841
7	1	0.656464099884
8	1	0.661126852036
7	1	0.666220188141
7	1	0.634922027588
8	1	0.802858114243
7	1	0.826815128326
8	1	2.19554805756
8	1	0.737816095352
8	1	0.633953809738
8	1	0.635220050812
7	1	1.31332421303
7	1	0.723127126694
8	1	0.678949832916
7	1	0.724488019943
8	1	0.611171960831
7	1	2.17609906197
8	1	0.588118076324
7	1	0.650900840759
8	1	0.890828847885
8	1	0.850676774979
8	1	1.0120909214
7	1	0.832803010941
7	1	0.755163908005
8	1	1.27425289154
7	1	2.24941015244
7	1	4.40781021118
7	1	2.85147309303
7	1	1.79425406456
7	1	3.30270504951
8	1	0.859726905823
8	1	5.7434117794
7	1	0.850685119629
8	1	0.804829120636
7	1	0.800543069839
8	1	2.04113602638
7	1	0.730813980103
7	1	1.49079203606
7	1	1.9605448246
7	1	0.875256061554
7	1	0.68332195282
8	1	0.762367010117
8	1	1.26476120949
8	1	0.858745098114
8	1	2.37030315399
8	1	0.642459869385
7	1	0.771197080612
8	1	1.20317316055
8	1	0.635283946991
8	1	0.601863861084
7	1	0.873973846436
8	1	0.682499885559
7	1	0.618644952774
7	1	0.593527793884
8	1	0.84841799736
8	1	0.753587007523
7	1	0.630098104477
7	1	0.653825044632
8	1	0.533047914505
8	1	0.537057876587
7	1	0.627686023712
8	1	0.704307079315
8	1	1.21266698837
7	0	5.15156984329
7	1	0.810146093369
7	1	0.827036857605
7	1	3.78508687019
7	1	4.08305096626
7	1	0.776038169861
7	1	2.08305191994
8	1	1.2492480278
7	1	1.93139696121
7	1	0.658800125122
8	1	1.92420983315
8	1	0.730669021606
8	1	0.545838832855
7	1	0.661544084549
7	1	0.616544008255
7	1	0.539550065994
8	1	0.569984197617
7	1	0.602123022079
7	1	0.764605045319
7	1	0.60771894455
8	1	0.595476865768
7	1	0.891775131226
7	1	0.527611017227
8	1	0.578077077866
8	1	0.515886068344
7	1	0.713030099869
7	1	0.627712965012
8	1	0.987940073013
8	1	1.62450098991
8	1	0.747657060623
7	1	0.684277057648
7	1	0.560055971146
8	1	0.898503065109
7	1	1.09001493454
8	1	0.541490077972
8	1	1.29209518433
8	1	0.918223142624
8	1	0.623913049698
8	1	0.722903966904
7	1	0.641910791397
7	1	0.628181934357
8	1	0.571439981461
1	1	1.26212906837
1	1	0.81172990799
1	1	0.543812990189
1	1	0.547056913376
1	1	0.516577005386
1	1	0.67330121994
1	1	0.528025150299
1	1	0.698487043381
1	1	0.748903036118
1	1	0.503159046173
1	1	0.637749910355
1	1	0.504302978516
1	1	1.05289888382
1	1	0.705886125565
1	1	0.513517141342
1	1	0.553689002991
1	1	0.586859941483
1	1	0.515272140503
1	1	0.520424127579
1	0	2.47474598885
1	0	2.91339015961
1	1	2.76903796196
1	1	2.50410699844
1	1	4.02483701706
1	1	0.860704898834
1	1	2.21713709831
1	1	0.673679113388
1	1	3.13058614731
1	1	3.68178391457
1	1	1.25898003578
1	0	1.04785704613
1	1	0.712622880936
1	1	0.776532888412
1	1	0.817362070084
1	1	0.931046009064
1	1	1.13875007629
1	1	0.865510940552
1	1	0.616374015808
1	1	6.54442119598
1	1	0.794951915741
1	1	0.739454984665
1	1	0.697065114975
1	1	1.66697382927
1	1	0.912153959274
1	1	1.14837098122
1	1	0.785751104355
1	1	0.739821910858
1	1	0.948275089264
1	1	0.592083930969
1	1	0.651781082153
1	1	0.641014099121
1	1	0.666651010513
1	1	0.796759128571
1	1	0.754098176956
1	1	0.808722019196
1	1	0.561136007309
1	1	0.546808004379
1	1	0.747684955597
1	1	0.594285011292
1	1	1.57999897003
1	1	0.697074890137
1	1	2.00112605095
1	1	0.674157142639
1	1	0.569738149643
1	1	0.65030503273
1	1	0.692802906036
1	1	2.00082015991
1	1	0.625974178314
1	1	0.620942115784
1	1	0.632912874222
1	1	3.53062820435
1	1	0.626866817474
1	1	0.607793092728
1	1	0.578680038452
1	1	0.802695035934
1	1	0.802764892578
1	1	0.659349918365
1	1	0.595700979233
1	1	0.569073200226
1	1	0.634572982788
1	1	0.675673961639
1	1	0.538031101227
1	1	0.547720909119
1	1	0.538336992264
1	1	0.773274183273
1	1	0.690236091614
1	1	0.579434156418
1	1	0.592233181
1	1	0.563724040985
1	1	2.42418503761
1	1	0.516282081604
1	1	2.77052307129
1	0	2.42372488976
1	1	0.947381973267
1	1	0.680619955063
1	1	1.07569599152
1	1	0.937129020691
1	1	2.19459199905
1	1	1.37737607956
1	1	1.78726291656
1	0	1.5392100811
1	1	0.624670982361
1	1	0.577803134918
1	1	1.04796719551
1	1	0.554633140564
1	1	0.587163925171
1	1	0.496866941452
1	1	0.691483020782
1	1	3.97854185104
1	1	2.20218610764
1	1	0.705389976501
1	1	0.786285877228
1	1	0.722263097763
1	1	0.698640108109
1	1	0.61172413826
3	1	0.773141860962
3	1	0.608458042145
3	1	0.529919862747
3	1	0.538805007935
3	1	0.577481985092
3	1	0.790858030319
3	1	0.533845186234
3	1	0.634057044983
3	1	0.491906166077
3	1	0.593438863754
3	1	1.01295089722
3	1	0.522348165512
3	1	0.585436105728
3	1	0.585299015045
3	1	0.498667955399
3	1	1.01858782768
3	1	0.548323154449
3	1	0.499314069748
3	1	0.514000892639
3	1	1.48342394829
3	1	0.536839008331
3	1	0.86844587326
3	1	0.857075929642
3	1	0.690241098404
3	1	0.585293054581
3	1	0.710298061371
3	1	0.552823066711
3	1	0.873793125153
3	1	0.674263000488
3	1	1.29306602478
3	1	1.36997294426
3	1	2.36089301109
3	1	1.96312713623
3	1	3.13974690437
3	0	1.93845200539
3	1	4.05515909195
3	1	3.30916118622
3	0	2.12122297287
3	1	1.25738787651
3	1	1.07717990875
3	1	1.26535201073
3	1	1.5057220459
3	1	1.59412908554
3	1	1.42707896233
3	1	1.35459113121
3	1	0.801890134811
3	1	0.633409976959
3	1	0.867081880569
3	1	0.684115886688
3	1	1.09735703468
3	1	0.841382026672
3	1	1.1067738533
3	1	0.74782204628
3	1	0.808824062347
3	1	1.01694297791
3	1	2.20507717133
3	1	0.68073797226
3	1	0.619949102402
3	1	1.1868429184
3	1	0.570316076279
3	1	0.971626996994
3	1	0.94357585907
3	1	0.633656024933
3	1	0.699213981628
3	1	0.787321090698
3	1	0.707302093506
3	1	1.07372188568
3	1	0.715778112411
3	1	0.610585927963
3	1	0.729374885559
3	1	0.714364051819
3	1	0.603161811829
3	1	0.610803842545
3	1	0.818405866623
3	1	0.699234008789
3	1	0.688938856125
3	1	0.731986999512
3	0	0.947582960129
3	1	0.688394069672
3	1	1.45071601868
3	1	0.633680820465
3	1	0.593662977219
3	1	0.579638004303
3	1	1.01971817017
3	1	0.759127855301
3	1	0.877287864685
3	1	2.28186297417
3	1	1.09018802643
3	1	2.77673816681
3	1	0.949400901794
3	1	0.752931833267
3	1	0.971986055374
3	1	0.833134889603
3	1	0.940768003464
3	1	0.712145805359
3	1	1.20840907097
3	1	0.868240118027
3	1	1.44806098938
3	0	1.04952406883
3	1	0.676581144333
3	1	3.49029803276
3	1	0.799670934677
3	1	0.669196844101
3	1	0.506968021393
3	1	0.529452800751
3	1	0.585208177567
3	1	0.794610977173
3	1	0.890394926071
3	1	0.604392051697
3	1	0.536386966705
3	1	0.507782936096
3	1	1.28901791573
3	1	0.827482223511
3	1	0.674526929855
3	1	1.13486599922
3	1	0.714804887772
3	1	0.803281068802
3	1	0.556236028671
3	1	2.06406188011
5	1	1.39496588707
5	1	1.3260281086
6	1	0.725405931473
6	1	5.73735809326
5	1	0.74584197998
6	1	0.69007396698
6	1	0.813700914383
5	1	0.745543956757
5	1	1.7697827816
5	1	0.977159976959
5	1	1.24370718002
5	1	0.946339845657
5	1	0.65256690979
6	1	2.61927390099
6	1	2.02332210541
6	1	1.00195407867
5	1	1.36314606667
5	1	2.22678518295
5	1	2.35239315033
5	1	0.733048915863
5	1	1.86592793465
6	1	0.708329916
6	1	0.79220700264
5	1	2.36213588715
5	1	0.688992977142
6	1	0.964589118958
6	1	0.840847969055
5	1	0.713119029999
5	1	1.45140695572
5	1	0.715321063995
6	1	1.50576710701
5	1	0.772698163986
6	1	0.626206159592
6	1	0.722191095352
6	1	0.714457035065
6	1	0.7932908535
5	1	0.626707077026
6	1	2.27355694771
5	1	0.708534955978
6	1	0.787686109543
6	1	1.12925004959
5	1	1.42730998993
5	1	1.28899502754
5	1	1.79484009743
6	1	0.642740011215
5	1	0.74476313591
6	1	0.808984994888
6	1	0.60244178772
6	1	0.608593225479
5	1	2.85210204124
5	0	2.29668521881
6	1	6.50539016724
6	1	0.72168803215
6	1	0.60381102562
5	1	1.27267122269
6	1	0.699833869934
6	0	1.15328907967
5	1	1.82708907127
5	1	4.70314598083
5	1	1.91652989388
6	1	1.82686305046
5	1	2.17696118355
5	1	0.77002286911
5	0	1.02004599571
5	1	3.1520819664
6	0	1.33134484291
6	1	0.723304986954
6	1	2.57695317268
5	1	4.23359298706
6	1	0.851163864136
5	1	0.913400888443
6	1	1.53602385521
5	1	1.37797880173
5	1	1.05738902092
6	1	0.771771907806
6	1	2.71375203133
6	1	1.14538097382
6	1	4.86784482002
5	1	0.817163944244
5	1	3.64082193375
6	1	0.603512048721
6	1	0.634913921356
6	1	0.899468183517
6	1	0.697764873505
5	1	0.803996086121
5	1	0.537989854813
5	1	0.69028377533
5	1	0.786548137665
6	1	0.57097697258
5	1	0.528401851654
6	1	0.497747182846
6	1	0.514986038208
6	1	0.835215091705
5	1	0.672494888306
2	1	2.11567497253
2	1	0.833510875702
2	1	0.635979890823
2	1	2.38559484482
2	0	0.770850896835
2	0	3.07498192787
2	1	0.606560945511
2	1	3.09901785851
2	1	0.792669057846
2	1	0.609123945236
2	1	0.578699111938
2	1	6.61672401428
2	1	0.538326025009
2	1	0.818661928177
2	1	0.498224020004
2	1	0.69220495224
2	1	0.537305831909
2	1	1.0592110157
2	1	0.713749170303
2	1	1.11354708672
2	1	0.721669912338
2	1	0.692267894745
2	1	1.4805188179
2	1	0.699187994003
2	1	2.52808308601
2	1	1.28966403008
2	1	0.675380945206
2	1	0.864901065826
2	0	1.40420818329
2	1	3.59923696518
2	1	0.64427113533
2	0	1.1861770153
2	0	0.714131832123
2	1	0.585141897202
2	1	0.602910995483
2	1	0.626696825027
2	1	1.56744503975
2	1	0.896224021912
2	1	0.539524078369
2	1	1.00364613533
2	1	1.64093613625
2	1	0.619791984558
2	1	0.79551410675
2	1	1.32366704941
2	1	7.8313908577
2	0	3.89578914642
2	1	0.755510091782
2	1	0.731789112091
2	1	1.18620300293
2	1	0.577353954315
2	1	0.612081050873
2	1	0.516509056091
2	1	0.657981872559
2	1	2.99383306503
2	1	0.59515786171
2	1	0.500002145767
2	0	0.625092983246
2	1	0.547607898712
2	1	0.594233036041
2	1	0.562972068787
2	1	0.52041721344
2	1	0.516840934753
2	1	0.448525905609
2	1	0.628499984741
2	1	0.459733009338
2	1	0.579520940781
2	1	0.545249938965
2	1	0.561725139618
2	1	0.544355869293
2	1	0.49338889122
2	1	2.95202302933
2	1	0.872889041901
2	1	5.56216907501
2	1	2.62486791611
2	1	0.53040099144
2	1	0.626678943634
2	1	0.520032167435
2	1	0.594567060471
2	1	0.779794931412
2	1	4.95295000076
2	1	1.45113897324
2	1	2.63832807541
2	1	0.916526079178
2	1	1.04888606071
2	1	2.4191160202
2	1	0.608464956284
2	1	0.604243993759
2	1	2.88937497139
2	0	6.95191001892
5	1	0.923794031143
5	1	1.29847097397
5	1	0.700732946396
6	1	0.626096010208
6	1	0.498724937439
6	1	1.0749809742
6	0	0.65939116478
6	1	0.625985860825
6	0	0.698748111725
5	1	2.8021709919
6	1	0.67604804039
5	1	0.777863025665
6	1	0.673920154572
6	1	0.689918041229
6	1	0.64290189743
6	1	0.836539983749
6	1	2.38451504707
6	1	0.770404100418
6	1	5.53132796288
6	1	2.87357997894
6	1	0.619881868362
6	0	0.68838095665
6	1	0.824420928955
6	1	0.693232059479
5	1	1.37552309036
5	1	0.653208971024
5	0	8.74468517303
6	1	0.705962896347
5	1	0.675164937973
6	1	0.651981115341
5	1	0.666084051132
6	1	0.675833940506
5	1	0.60711312294
6	1	0.597275018692
6	1	0.505784988403
6	1	0.545574903488
5	1	0.459893941879
5	1	0.619897127151
6	1	0.594310998917
5	1	0.625322818756
5	1	0.513106107712
5	1	0.45939707756
5	1	0.435110807419
5	1	0.633550882339
6	1	0.553060054779
6	1	4.71433520317
6	1	0.520853996277
5	1	1.18634295464
6	1	0.577713012695
5	1	0.723968982697
6	0	0.648078918457
5	1	0.877773046494
5	0	8.96755599976
6	0	0.705903053284
6	1	0.708933115005
6	1	0.63086104393
6	1	0.659070014954
6	1	0.851863861084
5	1	0.787767887115
5	1	0.57396197319
6	1	0.507324934006
5	1	0.834931135178
6	1	1.13240098953
5	1	1.40939188004
5	1	0.588195085526
6	1	0.777838945389
5	1	0.620073080063
6	1	0.570089817047
5	1	0.576803922653
6	0	0.890045881271
6	1	0.626853942871
5	1	0.586766004562
6	1	0.546148061752
6	1	0.739907026291
6	1	0.56049990654
5	1	0.916007041931
5	1	0.551544189453
5	1	0.491147041321
5	1	0.606960058212
6	1	0.558223962784
6	1	0.576416969299
6	1	0.659010887146
6	1	0.753265142441
5	1	0.892133951187
5	1	0.769968032837
6	1	1.13896799088
6	1	2.2493391037
5	1	1.32116603851
5	1	0.568400144577
6	1	0.514882087708
6	1	1.13855314255
6	1	6.22455000877
6	1	0.675956964493
4	1	7.22480893135
4	1	0.737259864807
4	1	0.762678146362
4	1	0.58646607399
4	0	1.94375395775
4	1	0.908329963684
4	0	1.53624105453
4	1	0.530591011047
4	1	0.564206123352
4	1	0.78622508049
4	1	0.642958879471
4	1	0.530018806458
4	1	0.852005958557
4	1	0.584609985352
4	1	0.659039974213
4	1	0.588298797607
4	1	0.522040128708
4	1	0.9639108181
4	1	0.626537084579
4	1	0.617141008377
4	0	0.546747207642
4	1	0.538321971893
4	1	0.571236848831
4	1	0.571208000183
4	1	0.531158924103
4	1	0.506718873978
4	1	0.68359208107
4	1	1.20267891884
4	1	0.969189882278
4	1	0.507302999496
4	1	0.552860975266
4	1	0.7961769104
4	1	0.777554035187
4	1	0.442574977875
4	1	0.571202039719
4	1	0.561688899994
4	1	0.532869100571
4	1	0.623773813248
4	1	0.588485956192
4	1	0.641872882843
4	1	0.681825876236
4	1	0.538244962692
4	1	0.482574939728
4	1	0.444568872452
4	1	0.481763124466
4	1	0.777289867401
4	1	0.629039049149
4	1	0.504236936569
4	1	0.481958150864
4	1	0.811612129211
4	1	0.473017930984
4	1	0.531267881393
4	1	0.458276033401
4	1	0.569792985916
4	1	0.746022939682
4	1	1.02071905136
4	1	0.571162939072
4	1	0.552630186081
4	1	0.515516996384
4	1	1.33097100258
4	1	0.628880977631
4	1	0.543586015701
4	1	0.594745159149
4	1	0.665944099426
4	1	0.693536996841
4	1	1.26322078705
4	1	0.634760856628
4	1	0.697809934616
4	1	0.611099004745
4	1	0.520843029022
4	1	0.587163925171
4	1	0.680601835251
4	1	1.01838803291
4	1	0.617874145508
4	0	2.38569283485
4	1	2.14383792877
4	1	0.72261595726
4	1	0.627708911896
4	1	0.529391050339
4	1	0.802495956421
4	1	0.531435966492
4	1	0.778108119965
4	1	2.67560100555
4	1	0.689138889313
4	1	0.906181097031
4	1	0.578961133957
4	1	1.56358981133
4	1	0.667261123657
4	1	0.586246013641
4	1	0.571249961853
4	1	0.568166971207
4	1	0.555375099182
4	1	0.552803993225
4	1	0.699513196945
4	1	0.464781999588
4	1	0.690854072571
4	1	0.571974992752
4	1	0.898697853088
4	1	1.1550488472
4	1	0.554445981979
4	1	0.584789991379
4	1	0.480528116226
4	1	0.649378061295
4	1	0.546588897705
4	1	0.553799152374
4	1	0.564373970032
4	1	0.608037948608
4	1	0.571753025055
4	1	0.651348114014
4	1	0.465807914734
4	1	1.38383102417
4	1	0.63640499115
4	1	0.714046001434
4	1	0.523659944534
4	1	0.568573951721
4	1	0.502844810486
4	1	1.30399489403
4	1	0.593819856644
4	1	0.658137083054
4	1	0.917087078094
4	1	0.561331033707
4	1	0.618056058884
4	1	0.537585020065
4	1	0.497116088867
4	1	0.499037981033
4	1	0.450638055801
4	1	2.32226705551
4	1	1.52974319458
4	1	0.62789106369
4	1	0.880447149277
4	1	0.475011110306
1	1	0.733040094376
1	1	0.586552858353
1	1	0.559824943542
1	1	0.546496868134
1	1	0.533137798309
1	1	0.508316993713
1	1	0.454926967621
1	1	0.746353149414
1	1	0.59983921051
1	1	1.25298500061
1	1	1.18616080284
1	1	0.653162002563
1	1	0.999665021896
1	1	0.679785966873
1	1	0.65306687355
1	1	0.748126983643
1	1	0.999639987946
1	1	0.573125839233
1	1	0.559812068939
1	1	0.653117179871
1	1	0.559785842896
1	1	0.508146047592
1	1	0.45489692688
1	1	0.439870119095
1	1	0.694802999496
1	1	0.626388072968
1	1	0.693061113358
1	1	0.533151865005
1	1	0.519919872284
1	1	0.53310084343
1	1	0.653099060059
1	1	0.439808130264
1	1	0.479787111282
1	1	0.533174991608
1	1	0.573107004166
1	1	5.10488891602
1	1	0.51974606514
1	1	0.65313410759
1	1	2.30582785606
1	1	0.64196395874
1	1	0.613229036331
1	1	0.519869804382
1	1	0.546423912048
1	1	0.561552047729
1	1	1.34625411034
1	1	0.906393051147
1	1	0.533082962036
1	1	1.23956108093
1	1	0.826375007629
1	1	0.626471042633
1	1	0.453090906143
1	1	1.63940596581
1	1	1.30626177788
1	1	1.26621413231
1	1	1.42618203163
1	1	0.573157072067
1	1	0.71969294548
1	1	1.37453389168
1	1	0.87965798378
1	1	2.0942761898
1	1	0.839617013931
1	1	0.693112850189
1	1	0.654885053635
1	1	2.06599092484
1	1	0.65309214592
1	1	0.548236131668
1	1	1.11959195137
1	1	1.534512043
1	1	1.71941113472
1	1	1.46614694595
1	1	0.681720972061
1	1	0.946326971054
1	1	0.628170013428
1	1	0.614825963974
1	1	0.479887008667
1	1	0.906295061111
1	1	0.746449947357
1	1	0.693048000336
1	1	0.586551904678
1	1	0.87961101532
1	1	0.614910125732
1	1	0.706378221512
1	1	0.653079986572
1	1	0.588066101074
1	1	0.599790096283
1	1	0.759723901749
1	1	1.19964504242
1	1	0.66636800766
1	0	0.799831867218
1	1	1.30797290802
1	1	2.47908616066
1	1	1.03968191147
1	1	0.826375007629
1	1	0.559859037399
1	1	0.534831047058
1	1	0.666417837143
1	1	0.559737920761
1	1	0.626451969147
1	1	0.773071050644
1	1	0.533183813095
1	1	0.666389942169
1	1	1.09296011925
1	1	0.839652061462
1	1	0.853068113327
1	1	0.639822006226
1	1	0.586415052414
1	1	1.41278409958
1	1	1.86594700813
1	1	0.733092784882
1	1	0.613123178482
1	1	0.653203010559
1	1	0.57324385643
1	1	0.479897022247
1	1	0.466444969177
1	1	0.533097982407
1	1	0.586444139481
1	1	0.586443901062
1	1	0.49325799942
1	1	0.519729852676
1	1	0.53321313858
1	1	0.828063011169
1	1	0.786367893219
1	1	0.708118915558
1	1	0.57483291626
1	1	0.599681854248
1	1	0.626405000687
1	1	0.69305896759
1	1	0.773056983948
7	1	0.733092069626
8	1	0.533145904541
7	1	0.613117218018
7	1	0.493096828461
8	1	0.45310997963
7	1	0.373225927353
7	1	0.481440067291
7	1	0.759688854218
8	0	0.439797878265
7	1	0.413236141205
8	1	0.399918794632
7	1	0.546473026276
7	1	0.39989900589
7	1	0.386527061462
7	1	0.373185157776
7	1	0.479863166809
8	1	0.519774913788
7	1	0.746412038803
8	1	0.359877824783
8	1	0.453126907349
7	1	0.4265229702
8	1	0.441576957703
7	1	0.519794225693
8	1	0.386553049088
8	1	0.413251876831
7	1	0.386566877365
7	1	0.468106985092
8	1	0.439831018448
7	1	0.45307803154
8	1	0.413128137589
8	1	0.413224935532
8	1	0.359830856323
7	1	0.466455936432
7	1	0.386542081833
7	1	0.493181943893
8	1	0.414883852005
7	1	0.45318198204
8	1	0.493201971054
7	1	0.439889907837
7	1	0.4148209095
7	1	0.426533937454
7	1	0.946321964264
8	1	0.58648109436
8	1	0.426465988159
8	1	0.533194065094
8	1	0.43981385231
7	1	0.788111925125
7	1	0.493235111237
7	1	0.546493053436
7	1	0.453243970871
7	1	0.399794101715
7	1	0.519828081131
7	1	0.519827842712
8	1	0.359884977341
8	1	0.546458959579
7	1	0.439805984497
8	1	0.413190841675
8	1	0.479866981506
8	1	0.428208112717
7	1	0.426488161087
7	1	0.453199148178
8	1	0.41321015358
8	1	0.439874172211
7	1	0.559915065765
7	1	0.386533975601
8	1	0.493165969849
7	1	0.493152856827
8	1	0.454968929291
8	1	0.694875955582
7	1	0.466490983963
7	1	0.426521062851
7	1	0.506452083588
7	1	0.506555080414
7	1	0.41324877739
7	1	0.386485099792
7	1	0.386574029922
8	1	0.479757070541
7	1	0.546482086182
7	1	0.534857034683
8	1	0.506474018097
7	1	0.386590957642
8	1	0.533109903336
7	1	0.439802885056
7	1	0.428145885468
8	1	0.426414012909
7	1	0.533108949661
8	1	0.466542959213
8	1	0.439815044403
7	1	0.506428003311
7	1	0.441498994827
8	1	0.479841947556
8	1	0.519752025604
7	1	0.466511011124
8	1	0.799727916718
8	1	0.559818983078
8	1	0.533113002777
8	1	0.933024168015
8	1	0.479793071747
8	1	0.439788818359
8	1	0.466472864151
8	1	0.508240938187
8	1	0.50646686554
8	1	0.413211107254
7	1	0.466555833817
7	1	0.46657204628
8	1	0.453242063522
7	1	0.428247928619
7	1	0.439844846725
7	1	0.50646686554
7	1	1.26622486115
8	1	0.599802970886
7	1	0.613074064255
7	1	0.493203878403
7	1	0.573153018951
8	1	0.746408939362
8	1	0.41309094429
7	1	0.601449012756
8	1	0.573156833649
7	1	0.55986905098
8	1	2.25251293182
7	1	0.626399040222
8	1	0.479892015457
8	1	0.546406984329
7	1	0.479893922806
8	1	0.439785003662
8	1	0.533112049103
8	1	0.466546058655
7	1	0.533132076263
7	1	0.493153095245
8	1	0.479861974716
8	1	0.466427087784
7	1	0.506503105164
8	1	0.773052215576
7	1	0.519810914993
8	1	0.453166007996
7	1	0.559853792191
8	1	0.533181905746
8	1	0.479785919189
7	1	0.479791164398
7	1	0.719801187515
7	1	0.519856929779
8	1	0.466506004333
8	1	0.679780006409
8	1	0.573147058487
7	1	0.786417007446
7	1	0.506443977356
7	1	0.439829111099
7	1	0.466516971588
3	1	3.22555589676
3	1	0.786437034607
3	1	0.693138122559
3	1	0.639788866043
3	1	0.599770069122
3	1	0.906320810318
3	1	1.01297497749
3	1	1.63949894905
3	1	0.799692869186
3	1	1.73271512985
3	1	0.668059110641
3	1	1.29278087616
3	1	0.719796895981
3	1	0.919717073441
3	1	0.87966799736
3	1	0.693132162094
3	1	0.813025951385
3	1	0.628134012222
3	1	0.519847869873
3	1	1.41288399696
3	1	1.63940501213
3	1	0.613063097
3	1	0.654769897461
3	1	0.58637714386
3	1	0.466396093369
3	1	0.493064165115
3	1	0.413169145584
3	1	0.426476955414
3	1	0.493153095245
3	1	0.733057975769
3	1	0.519878149033
3	1	0.479786872864
3	1	0.639778137207
3	1	0.694866895676
3	1	0.506489992142
3	1	1.0396399498
3	1	0.479861974716
3	1	0.439833164215
3	1	0.533132791519
3	1	0.534872770309
3	1	0.466580867767
3	1	0.466484069824
3	1	0.374905109406
3	1	0.439806938171
3	1	0.479836940765
3	1	0.479808807373
3	1	0.426617860794
3	1	0.519840955734
3	1	0.466516017914
3	1	0.439958810806
3	1	0.559823989868
3	1	0.44162607193
3	1	0.466570138931
3	1	0.493225097656
3	1	0.508244991302
3	1	0.399926185608
3	1	0.453165054321
3	1	0.51988697052
3	1	0.453224182129
3	1	0.413193941116
3	1	0.519767045975
3	0	0.373227834702
3	1	0.466568946838
3	1	0.466560840607
3	1	0.533151865005
3	1	2.94569301605
3	1	0.466581106186
3	1	0.479807853699
3	1	0.466439962387
3	1	0.759654998779
3	1	0.759737014771
3	1	0.546503067017
3	1	0.546525001526
3	1	0.906404018402
3	1	0.63987994194
3	1	0.74644613266
3	1	0.639719009399
3	1	0.453108072281
3	1	0.613116025925
3	1	1.17461204529
3	1	0.639746189117
3	1	0.519814014435
3	1	1.42789196968
3	1	0.495007991791
3	1	1.98606014252
3	1	0.773025035858
3	1	0.653060913086
3	1	0.613022089005
3	1	0.973029851913
3	1	1.75943017006
3	1	1.73267292976
3	1	0.879649162292
3	1	1.35959196091
3	1	0.788112163544
3	1	0.519893884659
3	1	1.26623702049
3	1	0.801445960999
3	1	2.03929495811
3	1	1.2128970623
3	1	0.599717855453
3	1	1.23957920074
3	1	0.548156023026
3	1	0.454806089401
3	1	0.853076934814
3	1	0.599789142609
3	1	0.574846982956
3	1	0.519931077957
3	1	0.43989610672
3	1	0.493147134781
3	1	0.51987695694
3	1	0.533170938492
3	1	0.559834957123
3	1	0.693162202835
3	1	0.639851808548
3	1	0.586418151855
3	1	0.59970998764
3	1	0.613151073456
3	1	0.559846878052
3	1	0.561558008194
3	1	0.559762001038
3	1	1.82611203194
3	1	0.479848146439
3	1	1.09465003014
3	1	0.63978600502
3	1	0.573188066483
3	1	0.653154850006
3	1	0.639811992645
3	1	0.599827051163
3	1	0.453200817108
3	1	0.49322104454
3	1	0.519875049591
3	1	0.548163890839
3	1	0.533155918121
7	1	1.4394671917
8	1	1.15962982178
8	1	0.87966799736
7	1	0.626461982727
8	1	0.65313410759
8	1	0.586525917053
7	1	0.519797086716
7	1	0.45324587822
7	1	0.519839048386
8	1	0.559839963913
7	1	0.773003101349
8	1	0.506549835205
7	1	0.466475963593
8	1	0.573146104813
7	1	0.759742021561
8	1	0.773089885712
8	1	0.533258914948
8	1	0.533171892166
7	1	0.573167085648
7	1	0.546488046646
8	1	0.706393003464
7	1	0.666479825974
8	1	0.759739875793
8	1	0.786399126053
8	1	0.746417999268
8	1	0.574774980545
7	1	0.519830942154
8	1	0.5731549263
8	1	0.559875011444
7	1	0.733138084412
8	1	0.533118009567
7	1	0.653186798096
7	0	0.519834041595
8	1	0.519795894623
8	1	0.586483001709
8	1	0.894787073135
8	1	0.63986992836
8	1	0.533082962036
7	1	1.01307797432
8	1	0.559763908386
8	1	0.508239030838
8	1	0.613080978394
7	1	0.559931993484
8	0	0.599776029587
8	1	0.559745073318
7	1	0.548159837723
8	1	0.546551942825
8	1	0.481575012207
7	1	0.866438150406
7	1	0.586462020874
8	1	0.62645816803
7	1	2.91898608208
8	1	0.546487092972
7	1	0.759819984436
8	1	0.693016052246
7	1	0.573112010956
7	1	0.546425104141
7	1	5.7046880722
7	0	3.1322491169
8	1	3.67870783806
7	1	0.694765090942
7	1	4.1586420536
8	1	2.35914301872
7	1	1.11961889267
8	1	0.973053216934
7	1	0.999626874924
8	1	2.42578196526
7	1	0.893070936203
8	1	1.0413839817
7	1	0.799671173096
8	1	1.30617904663
8	1	0.559743881226
8	1	0.773054838181
8	1	1.18626284599
7	0	1.65278792381
8	1	0.813060045242
8	1	0.733010053635
7	1	0.69310593605
8	1	0.799744129181
8	1	0.959628820419
7	1	0.786387205124
8	1	4.72007584572
7	1	0.906238079071
8	1	1.05296397209
7	1	2.2524831295
8	1	1.02634596825
7	1	1.01294398308
8	1	0.599793195724
8	1	0.719753026962
8	1	0.693053007126
7	1	0.759679079056
7	1	0.546528100967
7	1	1.86603498459
8	0	0.679770946503
7	1	3.29222583771
7	1	0.639857053757
7	1	0.879730939865
7	1	0.65315413475
7	1	0.559833049774
7	1	1.82598900795
8	1	0.506489992142
8	1	0.493126869202
8	1	0.573104143143
8	1	0.51988196373
7	1	0.919713020325
7	1	0.813044071198
8	1	0.58650302887
8	1	0.586371183395
7	1	0.55987906456
8	1	0.693098068237
7	1	0.748175859451
8	1	0.559841156006
8	1	0.932979106903
8	1	0.959650993347
8	1	0.59988284111
8	1	0.546540975571
7	1	0.614817857742
7	1	0.519796133041
7	1	0.586490869522
8	1	1.05300688744
7	1	0.439970970154
8	1	0.454935073853
4	0	1.81271791458
4	1	1.14625000954
4	1	5.89124894142
4	1	1.81261897087
4	1	1.25293803215
4	1	0.879731893539
4	1	0.599874973297
4	1	0.508157968521
4	1	0.439862966537
4	1	0.773071050644
4	1	0.812987089157
4	1	2.39915585518
4	1	0.639724969864
4	1	0.853104829788
4	1	0.599785089493
4	1	0.773183822632
4	1	0.573158025742
4	1	0.506380081177
4	1	0.533154964447
4	1	1.02626395226
4	1	0.693077087402
4	1	0.494817018509
4	1	0.799720048904
4	1	0.959578037262
4	1	1.26857209206
4	1	0.59977889061
4	1	0.586479187012
4	1	1.1863360405
4	1	0.613153934479
4	1	0.55991101265
4	1	0.573165893555
4	1	1.14625406265
4	1	0.679791212082
4	1	0.586506128311
4	1	0.586529016495
4	1	1.15958285332
4	1	0.946405887604
4	1	0.654849052429
4	1	0.746406793594
4	1	0.573084831238
4	1	2.21260309219
4	1	0.573143005371
4	1	3.45373606682
4	1	2.71905708313
4	1	0.679757118225
4	1	0.813131809235
4	0	0.746374845505
4	1	0.586409807205
4	1	0.51975607872
4	1	0.506541013718
4	1	0.386544942856
4	1	0.521559000015
4	1	0.439754009247
4	1	0.546443939209
4	1	0.493103027344
4	1	0.466480970383
4	1	0.426482915878
4	1	0.346531152725
4	1	0.468199014664
4	1	0.559820890427
4	1	0.439834833145
4	0	0.733101129532
4	1	0.588208198547
4	1	0.466511964798
4	1	0.413098096848
4	0	0.453184127808
4	1	0.519816875458
4	1	0.559752941132
4	1	0.493168115616
4	1	0.826437950134
4	1	0.639759063721
4	1	0.546437978745
4	1	0.479839086533
4	1	2.35924601555
4	1	0.693069934845
4	1	0.599811077118
4	1	0.439800977707
4	1	0.466496944427
4	1	0.773086071014
4	1	0.479825019836
4	1	0.453074932098
4	1	0.50652217865
4	1	0.706403017044
4	1	0.493152856827
4	1	1.69275617599
4	1	0.666411876678
4	1	0.64151597023
4	1	0.614695072174
4	1	0.453257083893
4	1	0.586542844772
4	1	0.466501951218
4	1	0.559827804565
4	1	0.546492099762
4	1	0.62645816803
4	1	0.439795970917
4	1	0.466481924057
4	1	0.599773168564
4	1	0.666355133057
4	1	0.666501045227
4	1	0.586483955383
4	1	0.639785051346
4	1	0.573120117188
4	1	0.55987906456
4	1	0.45309305191
4	1	0.493239164352
4	1	0.386602878571
4	1	0.706476926804
4	1	1.75936603546
4	1	0.693146944046
4	1	0.573101997375
4	1	0.493114948273
4	1	0.959654092789
4	1	0.906298160553
4	1	0.666522979736
4	1	0.773000001907
4	1	0.599828004837
4	1	0.82634806633
4	1	0.493143796921
4	1	0.546476840973
4	1	0.613106012344
4	1	0.533169984818
4	1	0.521527051926
4	1	0.666512966156
4	1	1.49287104607
4	1	0.493196964264
4	1	0.439903020859
4	1	0.786329984665
4	1	0.814738035202
4	1	0.479799985886
4	1	0.559843063354
6	1	2.99906086922
6	1	0.626396894455
6	1	0.733027935028
6	1	0.626456022263
6	1	0.546530008316
6	1	0.77298617363
6	1	0.679858922958
6	1	0.479744911194
6	1	0.506456136703
6	1	0.453139066696
5	1	0.559746980667
6	1	0.546497106552
5	1	0.613029956818
6	1	0.546487808228
5	1	0.653147935867
6	1	0.573051929474
5	1	0.626523017883
6	1	0.826330184937
6	1	0.428250074387
6	1	0.613126039505
6	1	0.506552219391
5	1	0.508234977722
5	1	1.18620419502
5	1	0.573132038116
6	1	0.573101997375
5	1	0.506540060043
5	1	1.16141200066
5	1	0.546496868134
6	1	0.466562986374
5	1	0.453157901764
5	1	0.614784002304
6	1	1.62615990639
6	1	0.466585159302
5	1	0.533172130585
6	1	0.454884052277
6	1	0.599792957306
6	1	0.479824066162
6	1	0.493050098419
6	1	0.639753818512
6	1	0.599767923355
6	1	0.733025074005
6	1	0.533119916916
5	1	0.386605978012
6	1	0.506462097168
5	1	0.681418180466
6	1	0.63983798027
6	1	0.719760894775
6	1	0.708187818527
5	1	0.51981306076
6	1	0.613155841827
6	1	0.506408929825
5	1	0.841469049454
5	1	0.786422967911
5	1	0.706344127655
6	1	0.679752111435
6	1	0.639795064926
5	1	0.746493816376
5	1	0.599782943726
5	1	0.946370124817
6	1	0.761404037476
6	1	0.599785089493
6	1	0.533174037933
6	1	0.613211870193
6	1	0.599846839905
6	1	0.639725923538
6	1	0.53311419487
5	1	0.533176898956
6	1	0.493186950684
6	1	0.57313990593
6	1	0.546500921249
6	1	0.641504049301
6	1	0.866353988647
5	1	0.58806014061
5	1	0.574816942215
6	1	0.986248970032
5	1	4.0652680397
6	1	0.599700927734
6	1	1.06624913216
6	1	0.759749889374
5	1	0.999659061432
6	1	0.639828205109
5	1	0.628119945526
5	1	0.653126001358
6	1	0.533145189285
5	1	0.706351041794
6	1	0.519839048386
6	0	2.41249585152
5	1	0.628190994263
5	1	0.573168992996
6	1	0.521489143372
5	1	0.626498937607
6	1	0.613145112991
5	1	1.98761510849
5	1	0.706386089325
6	1	0.453186988831
5	1	1.02806806564
5	1	0.986406087875
6	1	0.639801979065
5	1	1.81271791458
6	1	2.41258502007
6	1	1.05296421051
6	1	0.639806985855
6	1	0.746376991272
5	1	0.519862174988
5	1	0.773120164871
5	1	0.519801139832
5	1	0.6130900383
6	1	0.693032979965
5	1	0.573099136353
5	1	2.03931593895
5	1	0.519971132278
5	1	0.493141174316
6	1	1.90775609016
6	1	0.586421966553
6	1	0.693078041077
6	1	0.533207178116
6	1	1.94594287872
5	1	0.639780044556
6	1	0.559824943542
5	1	1.06808996201
6	1	0.586424827576
5	1	0.626413106918
5	1	0.719727993011
5	1	0.679804801941
5	1	1.62611293793
5	1	0.932983160019
5	1	1.15956711769
5	1	0.959697008133
5	1	0.533161878586
5	1	0.639761924744
6	1	0.559839963913
5	1	1.43959307671
5	1	0.706433057785
5	1	0.533158063889
6	1	0.519819021225
5	1	0.533111095428
5	1	0.613063097
6	1	0.639752864838
6	1	0.468283891678
5	1	0.573172092438
6	1	0.506523132324
6	1	0.546494007111
5	1	0.67982506752
6	1	0.573224067688
6	1	0.519869089127
6	1	0.493149995804
5	1	0.613195180893
6	1	0.506474971771
6	1	0.466448068619
6	1	0.466531991959
5	1	0.639743089676
6	1	0.653052091599
5	1	0.839684009552
6	0	0.533051013947
6	1	1.30624890327
6	1	0.561703920364
5	1	0.7196829319
6	1	1.15956115723
6	1	0.666433095932
5	1	0.893050909042
6	1	1.26632499695
6	1	0.759707927704
6	1	1.05304288864
5	1	1.09292888641
6	1	0.693093776703
6	1	1.54617786407
6	1	0.801385879517
5	1	1.51949596405
6	1	0.839679956436
5	1	0.626482009888
5	1	0.694850921631
6	1	0.706369876862
5	1	0.668226957321
6	1	0.82634305954
5	1	0.573055028915
6	1	3.07888889313
5	1	0.613146781921
5	1	0.693058013916
6	1	0.732990980148
6	1	1.13290095329
6	1	0.599770069122
5	1	3.21229696274
6	1	0.759685993195
6	1	0.548258066177
6	1	0.759739160538
6	1	0.693084955215
6	1	0.693037986755
5	1	0.866402864456
5	1	0.653122901917
5	1	2.57249808311
6	1	0.626548051834
6	1	0.666411161423
6	1	0.546504020691
5	1	0.839751958847
5	1	0.67976808548
5	1	0.773026943207
6	1	0.719688892365
5	1	0.948091983795
6	1	0.746325969696
6	1	0.599735975266
6	1	1.18618893623
5	1	0.73303103447
6	1	0.87970995903
6	1	1.03969907761
5	1	0.599727153778
6	1	0.559813976288
6	1	0.679885864258
6	1	0.573175907135
6	1	0.653170824051
5	1	6.23784184456
6	1	0.746411800385
6	1	0.719754934311
6	1	0.534831047058
5	1	0.866369009018
6	1	1.77273106575
6	1	0.679802894592
5	1	0.788058996201
5	1	0.613095998764
5	1	0.613169908524
5	1	0.826344013214
5	1	0.786357879639
5	1	0.586462020874
6	1	0.933048009872
5	1	0.70817899704
5	1	0.773064851761
5	1	0.706368207932
5	1	0.988049983978
5	1	1.35961389542
5	1	0.533231973648
6	1	0.559810876846
5	1	0.706398963928
5	1	1.19955992699
5	1	0.706391096115
5	1	0.69300699234
5	1	1.54618191719
5	1	0.599847078323
6	1	0.61315202713
6	1	0.8263630867
5	1	0.653172969818
5	1	0.626434087753
5	1	0.599814891815
5	1	0.693009853363
5	1	0.639785051346
5	1	2.13255500793
6	1	1.78772306442
6	1	0.839761972427
6	1	0.614794969559
5	1	1.01467990875
6	1	0.879664182663
6	1	0.599783182144
5	1	0.628175020218
5	1	1.09294915199
6	1	0.601477146149
6	1	0.519850969315
6	1	0.586537837982
6	1	1.24137687683
2	1	0.601469993591
2	1	0.479752063751
2	1	0.626462936401
2	1	0.533109903336
2	1	0.533174991608
2	1	0.573113918304
2	1	0.573256969452
2	1	0.508275985718
2	1	0.426568031311
2	1	0.586491107941
2	1	0.613153934479
2	1	0.47989487648
2	1	0.719722986221
2	1	0.468157052994
2	1	0.759737968445
2	1	0.533033847809
2	1	0.493175983429
2	1	0.814836978912
2	1	0.54655122757
2	1	0.66806101799
2	1	0.626492977142
2	1	2.14591884613
2	1	0.679806947708
2	1	0.628116846085
2	1	0.679683923721
2	1	0.546475887299
2	1	0.706347942352
2	1	0.573143005371
2	1	0.733124017715
2	1	0.946334123611
2	1	0.561443090439
2	1	0.959599018097
2	1	0.679733991623
2	1	0.573148012161
2	1	0.613079071045
2	1	0.494838953018
2	1	0.65499997139
2	1	0.506454944611
2	1	0.573062896729
2	1	0.546429872513
2	1	1.10633516312
2	1	1.13296699524
2	1	0.693047046661
2	1	0.586395025253
2	1	0.719730138779
2	1	0.626402854919
2	1	0.826419115067
2	1	0.679746866226
2	1	0.919697999954
2	1	0.559787988663
2	1	0.919760942459
2	1	0.559816122055
2	1	1.14808487892
2	1	0.546389818192
2	1	1.02799010277
2	1	0.519757986069
2	1	0.639815092087
2	1	0.493177890778
2	1	1.05297899246
2	1	0.586545944214
2	1	0.53316116333
2	1	1.57277607918
2	1	1.86602091789
2	1	0.626383066177
2	1	1.46603894234
2	1	2.94565582275
2	1	1.65273094177
2	1	0.693050861359
2	1	0.653107881546
2	1	0.773013114929
2	1	0.599801063538
2	1	0.67978978157
2	1	0.666374921799
2	1	3.99863791466
2	1	0.733133077621
2	1	1.46621608734
2	1	0.746490955353
2	1	0.55983710289
2	1	2.05263495445
2	1	0.533207893372
2	1	0.613063097
2	1	0.559850931168
2	1	1.46610093117
2	1	1.07960510254
2	1	0.613163948059
2	1	2.67906403542
2	1	0.559745073318
2	1	0.54819393158
2	1	0.706383943558
2	1	0.668113946915
2	1	0.479843854904
2	1	2.55902910233
2	1	1.3328640461
2	1	1.41282701492
2	1	1.02628803253
2	1	0.613126993179
2	1	0.759716033936
2	1	2.48079299927
2	1	0.534856796265
2	1	0.719693899155
2	1	2.55902194977
2	1	0.586499929428
2	1	1.91933107376
2	1	0.653190135956
2	1	0.533169031143
2	1	0.546498060226
2	1	0.653057098389
2	1	0.519760847092
2	1	0.666468143463
2	1	0.614914894104
2	1	0.494869947433
2	1	0.573220014572
2	1	1.24125313759
2	1	2.58584308624
2	1	0.999712944031
2	1	0.679752111435
2	1	0.613165140152
2	1	0.62643289566
2	1	0.628198862076
2	1	5.2798511982
2	1	0.613126039505
2	1	2.15922188759
2	1	0.999672889709
