8	1	2.021225214
7	1	3.19364690781
8	1	1.66543006897
8	1	1.42822098732
7	1	1.72259306908
7	0	1.51446199417
8	1	2.77988696098
7	1	1.26083183289
7	1	3.86794710159
8	1	3.80917811394
8	1	1.71567893028
7	0	1.57828688622
8	1	1.80331897736
7	1	1.20293593407
7	1	1.01946902275
8	0	0.779779195786
7	1	1.0334610939
8	1	1.01325416565
7	1	1.32118916512
7	1	1.86873793602
7	1	1.76208996773
8	1	1.84366512299
8	1	1.18740701675
8	1	1.02727508545
7	1	1.56161689758
7	0	1.29848504066
8	0	1.75483798981
8	1	1.41204404831
8	1	1.17028999329
8	1	1.44869089127
8	1	2.38884305954
7	0	1.46604800224
8	1	1.83341598511
7	1	2.0842897892
7	1	1.7888379097
8	1	1.28983998299
8	1	1.08397817612
8	1	2.03406095505
7	1	0.8340280056
7	0	1.09947490692
8	1	1.19556093216
7	1	0.794399023056
7	1	0.756371021271
7	1	0.601446151733
7	1	0.804620981216
7	0	0.755523204803
8	1	0.936091899872
8	1	0.726057052612
7	1	1.79339790344
8	1	1.35479402542
8	1	0.963360071182
7	1	0.787384986877
7	0	1.1646490097
7	1	0.801933050156
7	1	0.628921031952
7	0	0.891693115234
7	1	0.899518966675
7	0	0.762324094772
8	0	1.38755512238
7	0	1.81199789047
8	0	2.53054404259
7	1	1.4595310688
8	0	1.88442993164
8	1	0.723248004913
8	1	1.69808697701
7	1	0.979363918304
8	1	1.58717703819
7	1	0.915129184723
8	1	0.748032093048
7	1	1.93001389503
7	1	0.922756910324
7	1	1.10509109497
8	1	1.49188303947
8	1	1.0976729393
8	1	0.915369033813
7	1	2.17109417915
8	1	1.05809998512
8	1	1.0604929924
7	1	1.34668898582
7	1	1.52364993095
7	0	2.21030497551
8	0	1.49150204659
8	1	1.82552814484
8	1	1.08483099937
7	0	2.32883906364
8	1	1.94895505905
7	0	1.29050302505
7	0	2.06784892082
8	1	1.65044808388
7	1	1.30693984032
8	1	1.86722397804
7	1	1.33019185066
7	0	1.66021800041
7	1	1.06570196152
7	1	2.90219712257
8	1	2.8797121048
7	1	1.72392606735
7	1	1.64272999763
8	0	2.46746492386
3	0	1.09797596931
3	0	1.02004814148
3	1	1.61785507202
3	1	1.03655576706
3	1	0.827137947083
3	1	0.715642213821
3	1	0.843868017197
3	0	0.928215026855
3	0	0.804303884506
3	1	0.996610879898
3	1	0.760275125504
3	0	0.875871181488
3	0	0.971314907074
3	1	0.819290876389
3	1	0.933216094971
3	1	0.699385166168
3	1	0.618602991104
3	0	0.618059873581
3	0	1.16215705872
3	1	0.706722974777
3	1	1.29213380814
3	1	1.37196493149
3	0	1.05135297775
3	1	0.62659907341
3	1	1.51422286034
3	1	1.58891391754
3	1	0.820219039917
3	1	0.955466985703
3	1	1.4430141449
3	1	1.55484509468
3	1	0.867347955704
3	1	1.58095002174
3	1	0.610107898712
3	1	0.603203058243
3	1	1.12425613403
3	1	0.674510955811
3	0	0.628030061722
3	0	0.945571184158
3	1	0.93702507019
3	1	0.836287975311
3	1	1.06035709381
3	0	0.761096954346
3	1	0.788933992386
3	1	0.884550094604
3	1	0.872234106064
3	0	1.20355010033
3	1	1.31807899475
3	1	0.731776952744
3	1	1.018045187
3	0	1.20411396027
3	1	0.751606225967
3	1	0.979472875595
3	1	0.955909967422
3	1	0.747606039047
3	1	0.569378137589
3	1	0.676373004913
3	1	0.889905929565
3	1	0.691455841064
3	1	0.748241901398
3	1	0.601064920425
3	1	0.509511947632
3	1	0.569787979126
3	0	0.530630111694
3	1	0.699416875839
3	1	0.526672840118
3	0	0.491122961044
3	1	0.938034057617
3	1	1.54941701889
3	1	0.690510988235
3	1	0.761001110077
3	0	0.566102981567
3	1	1.05161905289
3	1	0.952883958817
3	1	1.58878993988
3	1	0.564639806747
3	1	0.793788909912
3	0	1.16350102425
3	1	0.532048940659
3	1	0.801853895187
3	0	0.650271892548
3	0	0.548914909363
3	1	0.947401046753
3	1	1.57817006111
3	1	0.80472612381
3	0	0.51572394371
3	1	0.779557943344
3	1	0.771430015564
3	1	0.649015903473
3	0	0.761797904968
3	1	0.603747844696
3	0	0.668077945709
3	1	0.64121389389
3	1	0.925702095032
3	1	0.659808158875
3	1	0.617252826691
3	1	0.987807035446
3	1	1.01809406281
3	1	0.522933959961
3	1	0.499722003937
3	1	0.739247083664
3	1	0.778926849365
3	1	0.346730947495
3	1	0.658741950989
3	0	0.689558029175
3	1	0.620792865753
3	1	0.423864126205
3	1	0.507277965546
3	1	0.524531841278
3	0	0.554757833481
3	0	0.515673875809
3	1	0.611521959305
3	0	0.71404504776
3	1	0.995514154434
3	1	0.529397010803
3	1	0.733710050583
3	0	0.976816177368
3	1	0.506598949432
3	1	0.714630126953
3	1	0.62044095993
3	0	0.79638504982
3	1	0.799674987793
3	0	0.56408905983
3	1	0.433287143707
3	0	0.63617682457
3	1	0.617457866669
3	1	0.69152712822
3	1	1.05744791031
3	0	0.603491067886
4	1	0.797337055206
4	1	1.4998857975
4	1	0.736736059189
4	1	0.55491399765
4	1	0.530519008636
4	1	0.490951061249
4	1	0.634436130524
4	1	0.939627170563
4	0	1.05220293999
4	1	0.523616075516
4	0	0.523401975632
4	1	0.505786895752
4	1	0.508900165558
4	1	0.570451974869
4	1	0.802378892899
4	1	0.603317975998
4	1	0.59455704689
4	1	0.483464002609
4	0	0.737576961517
4	1	0.713837862015
4	0	0.572159051895
4	1	0.873383045197
4	1	0.859302997589
4	1	0.845301866531
4	1	1.27342891693
4	1	0.60306096077
4	1	0.673578977585
4	1	0.635200023651
4	1	0.499642848969
4	0	0.586775064468
4	1	0.682931184769
4	0	0.677443981171
4	0	0.826730966568
4	1	0.58552312851
4	0	0.756366968155
4	1	0.992800951004
4	0	1.00604200363
4	0	0.76268196106
4	0	0.873593091965
4	1	0.972986936569
4	0	0.914223909378
4	1	0.986502170563
4	1	0.689959049225
4	1	0.70706987381
4	1	0.563999176025
4	0	0.921961069107
4	1	0.964961051941
4	1	0.801414966583
4	0	1.17069911957
4	0	0.538834095001
4	0	1.73874092102
4	1	1.7960100174
4	0	0.83468413353
4	1	0.859824180603
4	1	0.770677089691
4	1	1.32435297966
4	1	1.01856398582
4	1	0.971451044083
4	1	1.23421311378
4	1	1.04345607758
4	1	0.949270009995
4	0	0.78481221199
4	1	1.00218391418
4	1	0.925022125244
4	1	0.787513971329
4	1	0.914252996445
4	0	0.803880929947
4	0	1.04984402657
4	0	1.18861889839
4	0	0.86646604538
4	1	2.66870999336
4	1	1.10562896729
4	1	0.747201919556
4	0	0.725023984909
4	1	0.744912147522
4	1	1.21158313751
4	0	1.15704798698
4	0	0.866407155991
4	1	1.17951607704
4	1	0.641307115555
4	1	0.764799833298
4	1	0.683155059814
4	1	0.882164001465
4	1	1.11452102661
4	1	0.820870876312
4	1	1.07598614693
4	1	0.802401065826
4	0	0.811096906662
4	0	1.1635248661
4	0	0.84289598465
4	0	0.658585071564
4	0	0.731027126312
4	1	0.786792039871
4	1	0.827543973923
4	1	1.10781693459
4	1	1.17929887772
4	1	1.09073400497
4	1	0.930058956146
4	1	1.06233620644
4	0	1.46516680717
4	0	0.699095964432
4	1	0.707895994186
4	1	0.913673877716
4	1	1.71612286568
4	1	1.0907330513
4	1	1.17205500603
4	1	0.907519817352
4	1	0.938002824783
4	0	1.12286376953
4	1	0.916609764099
4	1	1.25044703484
4	1	0.716815948486
4	1	0.932142972946
4	1	1.01920199394
4	0	0.747843027115
4	1	0.698534011841
4	1	0.730266094208
4	1	0.84391283989
4	1	0.825655937195
4	1	0.58674788475
4	1	0.844055891037
4	1	1.26576805115
4	1	0.67612195015
4	1	0.810865879059
4	1	0.818183898926
5	1	1.29876899719
6	1	0.746966838837
5	1	0.716288805008
5	1	0.828948974609
5	1	0.689893007278
5	1	0.621750116348
6	1	0.599907875061
5	1	0.661184072495
6	1	0.555552959442
6	0	0.580276966095
6	0	0.834332942963
5	1	0.594276189804
6	0	0.777993917465
5	1	0.732627868652
6	1	1.21233296394
6	1	0.898221969604
5	0	0.529867172241
5	0	0.610985994339
6	0	1.21192002296
5	1	0.907760858536
5	1	1.20370697975
6	1	1.18611311913
5	1	0.794334173203
6	0	0.667598009109
5	0	0.86003112793
5	1	0.898061990738
5	1	0.859581947327
5	1	0.868102073669
6	0	0.875545024872
6	1	0.701292991638
5	1	1.0092291832
6	1	0.573162078857
5	1	0.610044002533
6	1	0.754637956619
6	1	0.780516862869
5	1	0.731920003891
5	1	0.542287826538
6	1	0.886596918106
6	0	0.732717037201
6	0	1.00327587128
6	1	0.779074192047
6	1	0.578387975693
6	1	0.756588220596
5	1	0.579563856125
6	1	1.04992890358
5	1	0.667933940887
5	1	0.8253428936
5	0	1.32505583763
5	1	1.04027104378
5	1	0.716121912003
5	1	0.897505998611
5	0	0.836533069611
5	1	1.13897013664
5	1	0.73017001152
5	0	1.12129402161
6	1	0.900861978531
6	1	0.858147144318
5	1	1.07693505287
6	1	0.779664993286
6	1	0.841430187225
5	0	0.979350090027
5	1	0.851804971695
5	0	0.817981004715
5	1	0.604040145874
5	1	0.899260044098
5	1	0.939028978348
6	0	0.727033138275
5	0	0.828086137772
5	0	0.995809078217
5	0	0.690069913864
6	1	0.899866819382
5	1	0.635437965393
6	1	0.610157012939
5	1	0.811635017395
6	1	0.80902504921
5	1	0.835000991821
5	0	0.564174890518
6	0	0.633665084839
5	1	0.593234062195
5	1	0.771889925003
6	1	0.874931097031
5	1	0.858865022659
5	1	0.996848106384
6	0	0.930229902267
5	1	0.875117778778
5	0	1.3950381279
6	1	0.844269990921
6	1	1.07427000999
6	1	1.73951387405
6	0	1.67751097679
5	0	1.1933119297
6	1	0.931973934174
5	1	1.82828617096
6	0	2.36854195595
6	1	1.78022503853
6	0	2.40225887299
6	1	2.83455014229
5	1	2.42788815498
5	0	1.87581300735
5	1	1.68382191658
5	1	0.673680067062
6	0	1.22051787376
5	1	2.33827996254
5	0	1.65126514435
5	1	1.90014505386
5	0	2.43498110771
5	0	2.49925613403
5	1	2.16230916977
6	1	2.28282499313
6	1	1.61453008652
6	0	1.46514487267
5	0	1.43763494492
6	1	1.69052505493
5	1	2.03487110138
5	0	1.75678896904
6	0	1.17012906075
7	0	1.69015192986
7	0	1.58053708076
7	0	2.57102799416
7	0	2.66659593582
7	1	1.38020896912
7	0	2.44158220291
7	0	1.74856090546
7	0	2.37133693695
8	1	1.69733095169
8	1	1.4695289135
7	0	1.85905814171
7	0	1.95416283607
8	0	4.05178594589
8	1	4.00524783134
8	0	3.05658793449
7	1	0.8045399189
8	1	1.49622988701
7	1	1.92511200905
8	1	1.49812698364
8	1	1.11473417282
8	1	1.09200692177
7	1	0.995707988739
8	1	0.730787038803
8	1	0.889714956284
7	1	0.628968000412
7	1	0.635865926743
8	1	0.532512187958
8	0	0.472496986389
7	1	0.611877918243
7	1	0.507428884506
8	1	0.529723882675
8	1	0.540892124176
8	1	1.15315794945
7	1	0.981106996536
8	0	0.867204904556
7	1	0.723137140274
8	0	0.602373123169
7	1	0.435185909271
7	1	0.932528972626
7	1	1.26689195633
7	1	0.98525595665
7	1	0.746397018433
8	1	0.515423059464
7	1	1.01754403114
8	1	0.541025876999
8	1	0.963418960571
8	1	0.707748889923
8	1	1.0422949791
8	1	0.483716011047
7	1	0.954560995102
8	1	0.779408931732
8	0	0.36198592186
7	1	0.923365116119
7	1	0.514262914658
8	1	0.659775018692
7	1	0.386307001114
8	1	0.466115951538
7	0	0.596886873245
7	1	0.73731803894
7	1	0.921452999115
8	1	0.837027788162
8	0	1.02561092377
7	1	0.643049955368
7	1	0.722387075424
8	0	1.34875702858
7	1	0.673158884048
8	1	1.21857094765
7	1	1.02611207962
8	1	1.04482507706
7	0	0.851297855377
7	0	0.4653840065
7	1	0.653074026108
7	0	0.864780902863
7	1	0.643471002579
8	0	1.16468596458
8	1	0.832566976547
7	1	0.643018007278
8	1	0.729355812073
7	1	1.27757811546
7	1	0.856256961823
8	1	0.96541595459
8	1	0.739552021027
7	0	0.730119943619
8	1	1.00213384628
7	1	0.98667883873
8	0	0.948288917542
7	0	0.851092100143
7	1	0.808175086975
7	1	1.07759404182
8	1	0.93964099884
7	1	0.787039995193
7	1	0.861413955688
8	1	0.912775993347
8	1	0.691056013107
8	1	0.540246009827
8	1	0.642279863358
7	1	0.834801197052
7	1	0.746135950089
7	0	0.586407899857
7	1	0.749519109726
7	1	0.82715511322
8	1	0.739277839661
7	0	0.890793800354
7	1	0.745335102081
8	0	0.634271860123
7	0	0.76546216011
7	1	1.40175294876
8	1	0.880764007568
7	0	0.966830015182
7	0	0.649750947952
8	1	0.812470912933
8	0	0.778924942017
7	1	0.763367176056
8	1	0.707524061203
8	1	0.626595973969
8	1	0.488837003708
8	1	0.467716932297
8	1	0.475369215012
7	0	0.585373163223
7	1	0.899904966354
2	1	1.66700816154
2	0	0.979975938797
2	1	0.564821004868
2	1	1.48147702217
2	1	1.30777907372
2	1	1.51988816261
2	0	1.07506084442
2	1	0.965585947037
2	1	0.748526096344
2	0	0.848780155182
2	0	0.691159963608
2	1	0.833004951477
2	1	0.691349983215
2	1	0.541051864624
2	1	0.827749967575
2	0	0.529386043549
2	1	0.667793989182
2	1	0.872958898544
2	1	0.757643222809
2	0	0.858994007111
2	1	0.585348129272
2	1	0.827644824982
2	1	0.66681599617
2	1	0.675364971161
2	1	0.617384910583
2	1	0.562208890915
2	1	0.645500898361
2	1	0.55339884758
2	1	0.546862125397
2	1	1.07641792297
2	1	0.731146812439
2	1	0.580648899078
2	1	0.657181978226
2	1	0.762792110443
2	1	0.737800836563
2	0	0.731142997742
2	1	0.516774892807
2	1	0.674965858459
2	0	0.770050048828
2	1	0.660974979401
2	0	0.660279035568
2	1	0.601687908173
2	1	0.771486997604
2	1	1.18574714661
2	0	0.765758991241
2	1	0.785610198975
2	1	0.547788143158
2	1	0.786319971085
2	1	0.595184803009
2	1	0.860373020172
2	1	0.571789979935
2	1	0.516078948975
2	1	0.466398000717
2	1	0.624919891357
2	1	0.490248918533
2	1	0.491159915924
2	1	0.524883985519
2	1	0.603640794754
2	1	0.610371112823
2	1	0.621401071548
2	1	0.497688055038
2	1	0.738976955414
2	1	0.564187765121
2	0	0.467437028885
2	1	0.729874134064
2	0	0.451393127441
2	1	0.594531059265
2	1	0.49235701561
2	1	0.844111919403
2	1	0.648262023926
2	1	0.845581054688
2	1	0.579736948013
2	1	0.836198091507
2	1	0.602521896362
2	1	0.484655857086
2	1	0.544867038727
2	1	0.634907960892
2	1	0.74978017807
2	1	0.952917098999
2	0	0.675776004791
2	0	0.608767986298
2	1	1.30047988892
2	1	1.1624288559
2	0	1.13880085945
2	1	0.940038919449
2	1	2.0901761055
2	1	0.843480825424
2	1	0.732475996017
2	0	0.961166858673
2	1	1.22798204422
2	1	0.843478918076
2	1	0.914609193802
2	0	0.693611860275
2	0	0.881664037704
2	1	0.762452125549
2	1	0.964213848114
2	1	0.938154935837
2	0	0.923553943634
2	0	0.664178133011
2	0	0.994765996933
2	1	0.724506855011
2	1	0.760994911194
2	1	0.891453027725
2	0	0.939965963364
2	1	0.836619138718
2	0	0.721158981323
2	1	1.26551485062
2	1	0.629130125046
2	1	0.785562992096
2	1	0.684417009354
2	1	0.67588186264
2	1	0.61691403389
2	1	0.499606132507
2	1	0.425081014633
2	1	0.507400989532
2	1	0.39598608017
2	1	0.578830957413
2	1	0.721449136734
2	1	0.739692926407
2	1	0.890756130219
2	1	1.16006493568
2	1	0.54811501503
2	1	0.466989040375
2	1	0.468202114105
2	0	0.592257022858
2	1	0.700149059296
2	1	0.817849159241
2	1	0.707796096802
2	1	0.787526130676
2	1	0.481745004654
2	0	0.507378816605
2	0	0.650522947311
5	1	0.968846082687
5	0	0.668071985245
5	0	0.811874866486
6	0	0.746289968491
6	1	0.706897974014
5	1	0.734246015549
6	1	0.665773868561
6	0	0.434125185013
6	1	0.515064001083
6	1	0.611726045609
5	1	0.660054206848
6	1	0.778157234192
6	1	0.778988838196
6	1	0.531532049179
5	0	0.553861856461
6	1	0.505875825882
6	1	0.604342937469
6	1	0.548933029175
6	1	0.634588003159
6	1	0.59402012825
5	1	0.611244916916
5	1	0.579280853271
6	1	0.73924779892
5	0	0.651232004166
5	0	0.730535030365
5	0	0.651822090149
6	1	0.585587024689
6	0	0.932850122452
6	1	0.754124879837
6	1	0.852599859238
5	1	0.649314880371
6	1	0.587718009949
5	1	0.500857114792
6	0	0.458837985992
6	1	0.57221198082
6	1	0.745728969574
6	1	0.617400884628
5	1	0.626490116119
5	1	0.588054895401
5	1	0.739959001541
6	1	0.538563966751
5	1	0.772041082382
5	1	0.884041070938
6	1	0.722007989883
6	1	1.18123102188
6	1	0.507328987122
5	1	0.666038036346
5	1	0.522104978561
5	1	0.980247020721
5	1	0.50711107254
6	1	0.545654058456
5	1	0.563434839249
6	1	0.705899000168
6	1	0.605396032333
5	0	0.609584093094
5	0	0.579618930817
6	0	0.682996988297
5	1	0.714699983597
6	1	0.72373509407
6	1	0.632963895798
5	1	0.739649057388
5	0	0.691368818283
6	1	0.674523115158
6	0	0.801420927048
5	1	0.74109005928
6	1	0.810414075851
6	1	1.07761502266
5	1	0.681725025177
6	1	0.699531078339
6	0	0.705725193024
5	1	0.708683013916
6	1	0.60124206543
5	1	0.4850730896
6	1	0.554098844528
5	1	0.466917991638
5	0	0.499619007111
5	1	0.72257399559
5	1	0.692193984985
5	1	0.738099098206
5	1	0.7472448349
5	1	0.675205945969
5	1	0.620512008667
6	1	0.738695144653
6	0	0.777975082397
6	1	0.666657924652
5	1	0.770172119141
5	1	0.682201147079
6	0	0.843346118927
5	0	0.665944814682
5	0	1.18021988869
5	1	0.587266921997
5	0	0.55734705925
5	1	0.744379997253
6	1	0.691494941711
6	0	0.851899862289
5	1	0.770977020264
5	1	0.770709037781
6	0	0.915598869324
5	1	0.636179924011
5	0	0.795720100403
6	1	1.0822930336
5	0	0.771445989609
6	0	0.697990894318
5	1	0.891942977905
6	1	0.587324857712
5	0	1.08412599564
5	1	1.05090904236
5	1	0.786382913589
6	1	0.970690965652
5	1	0.826062202454
6	0	0.603023052216
5	1	0.602849960327
5	0	0.620580911636
5	0	0.787801027298
6	0	0.724123954773
6	0	0.497210979462
6	1	1.10857105255
6	1	1.75678396225
5	0	1.06618285179
6	0	0.777740001678
5	0	1.73909807205
6	0	0.667445898056
5	1	1.12474417686
5	1	0.539968967438
6	0	0.52910900116
6	0	0.683142900467
6	1	0.788228988647
6	1	0.883490085602
6	0	0.820534944534
6	0	0.841146945953
6	1	0.770663022995
6	1	0.692000865936
5	0	0.585566997528
6	1	0.748538017273
1	0	0.885742902756
1	1	0.632688999176
1	1	0.56414604187
1	1	0.634952068329
1	1	0.540272951126
1	1	0.77019906044
1	1	0.483825922012
1	1	0.496320962906
1	1	0.565350055695
1	1	0.668451070786
1	0	0.51073384285
1	1	0.669277906418
1	1	0.738622903824
1	0	0.988077878952
1	0	0.434012889862
1	1	0.61300778389
1	1	0.724362850189
1	1	0.754660844803
1	0	0.597115039825
1	1	0.720438957214
1	1	0.795228004456
1	1	0.781965017319
1	1	0.560649871826
1	1	0.716305017471
1	1	0.708421945572
1	1	0.78518986702
1	1	0.707421064377
1	1	0.555778980255
1	1	0.650906801224
1	1	0.539788961411
1	1	0.570950984955
1	1	0.70643901825
1	1	0.715512990952
1	1	0.732731103897
1	1	0.682996034622
1	1	1.00149297714
1	1	0.868546009064
1	0	0.938601970673
1	1	0.890625953674
1	1	0.729243993759
1	1	0.578495979309
1	1	0.565122842789
1	1	0.706188201904
1	0	0.929040193558
1	1	0.811841011047
1	1	1.18179893494
1	1	0.61629986763
1	0	0.7712059021
1	1	0.675131082535
1	1	0.602057933807
1	1	1.0043361187
1	1	0.586933851242
1	1	0.54921412468
1	0	0.676015853882
1	1	0.634027004242
1	1	0.538354873657
1	1	0.572968006134
1	1	0.490561008453
1	1	0.883149862289
1	1	0.46701002121
1	1	0.723477840424
1	1	0.817855119705
1	1	0.725009918213
1	1	0.94774889946
1	1	0.570584058762
1	1	0.778532028198
1	1	0.85946893692
1	1	0.659312009811
1	1	0.740393877029
1	1	1.0113298893
1	0	1.09021687508
1	1	0.659214019775
1	1	0.784823894501
1	0	0.723268985748
1	0	0.555527925491
1	1	0.657707929611
1	0	0.532660007477
1	0	0.530709028244
1	1	0.828536987305
1	1	0.546551942825
1	1	0.553959131241
1	1	0.635968208313
1	0	1.76972818375
1	1	0.524821996689
1	1	0.434217214584
1	1	0.955097913742
1	1	0.460582017899
1	1	0.481366157532
1	1	0.548472881317
1	1	0.75469994545
1	1	0.586348772049
1	1	0.629274129868
1	1	0.736976146698
1	0	0.578506946564
1	1	0.709373950958
1	1	0.817987918854
1	1	0.536072969437
1	1	0.683897018433
1	1	0.539217948914
1	1	0.499006986618
1	1	0.425573825836
1	1	0.483978033066
1	1	1.21109294891
1	0	0.522447109222
1	0	0.699678182602
1	1	0.755406141281
1	0	0.546674013138
1	1	1.04372501373
1	1	0.587999105453
1	1	0.611467838287
1	1	0.876170158386
1	1	0.601307153702
1	1	0.812939167023
1	1	0.578549146652
1	1	0.674418926239
1	1	0.635317087173
1	1	0.506458044052
1	1	1.2593691349
1	1	0.611841917038
1	1	0.595419168472
1	1	0.819600105286
1	1	0.947476863861
1	1	0.643748044968
1	1	0.755194187164
1	1	0.851331949234
1	1	0.939446926117
1	1	0.59358382225
1	1	1.04400110245
1	1	0.689588069916
1	1	0.644894123077
1	1	0.548527002335
1	1	0.53847193718
1	1	0.739104986191
1	0	1.19268202782
1	1	0.467840909958
1	0	1.85853409767
1	1	1.17792105675
1	1	1.20475697517
1	1	1.41643691063
1	1	1.14710402489
1	1	0.609315156937
1	1	0.544944047928
1	0	0.549713134766
1	0	0.776453971863
1	0	1.65929794312
1	0	0.657907962799
1	0	1.18760704994
1	0	1.45740509033
1	0	1.40923690796
1	0	1.20314097404
1	0	1.81047797203
1	1	2.17013406754
1	1	0.731054067612
1	1	0.602055072784
1	0	0.746605873108
1	1	0.620674133301
1	1	0.616779088974
1	1	0.620707988739
1	1	0.48987197876
1	1	0.521785974503
1	1	0.594707012177
1	1	0.888713121414
1	0	0.707838058472
1	1	0.593834877014
1	1	2.38637900352
1	1	0.570438146591
1	0	0.58963394165
1	0	0.496566057205
1	1	0.618260145187
1	0	0.603809118271
1	1	0.77025604248
1	1	0.481646060944
1	1	0.54808306694
1	1	0.490777015686
1	1	0.55469083786
1	0	0.608399868011
1	0	0.893682956696
1	1	0.570774078369
1	1	0.46530008316
1	1	0.458105802536
1	0	0.501125097275
1	1	0.721493959427
1	1	0.546507835388
1	1	0.776340007782
1	1	0.531013965607
1	1	0.419502973557
1	1	0.442440032959
1	1	0.745877981186
1	1	0.717483043671
1	1	0.504299163818
1	1	0.499140024185
1	1	0.648484945297
1	1	0.513922929764
1	1	0.452830076218
1	1	0.488120079041
1	1	0.492604017258
1	1	0.746762037277
1	1	0.472123146057
1	1	0.50071310997
1	1	0.784866809845
1	0	0.620188951492
1	0	0.513674974442
1	1	0.524278879166
1	1	0.424825906754
1	1	0.701107978821
1	0	0.464381217957
1	1	0.676179170609
1	1	0.474455118179
1	1	0.555630922318
1	0	0.490010976791
1	1	0.585449934006
1	0	0.427021026611
1	1	0.656995773315
1	1	0.681191921234
1	1	0.457453012466
1	1	0.796000957489
1	0	0.444568872452
1	1	0.787707090378
1	1	1.03084993362
1	1	0.572744131088
1	1	0.529153823853
1	1	0.467013835907
1	0	0.490830183029
1	1	0.490890026093
1	1	0.527276039124
1	0	0.659416913986
1	0	0.54826593399
1	1	0.601639986038
1	0	0.569756031036
1	0	0.529349088669
1	1	0.753308057785
1	1	0.817997932434
1	0	0.714272975922
1	0	0.651309967041
1	0	0.803625106812
1	1	0.819150924683
1	1	1.02635502815
1	1	0.545136928558
1	1	0.698652982712
1	1	0.85986495018
1	0	1.03327608109
1	1	0.914103031158
1	1	0.731780052185
1	1	0.641319036484
1	1	0.979374885559
1	0	1.02736902237
1	1	0.586366891861
1	1	0.706961154938
1	1	0.5628221035
1	1	0.924423933029
1	1	0.625991106033
1	1	0.803409099579
1	1	0.795083045959
1	1	0.86604809761
1	1	0.507223844528
1	1	0.456593990326
1	1	0.483757972717
1	1	0.505154132843
1	1	0.73158288002
1	1	0.554625988007
1	1	0.490173101425
1	0	0.473121881485
1	1	0.514406919479
1	1	0.481245994568
1	1	0.533204078674
1	1	0.482475996017
1	1	0.569626092911
1	0	0.683317899704
1	1	0.98603105545
1	1	0.569770097733
6	1	0.674181938171
6	1	0.587055921555
6	1	0.68217086792
5	1	0.602543115616
6	1	0.577980995178
6	0	0.778859853745
5	1	0.834572076797
5	1	0.519858121872
6	1	0.500447034836
5	1	0.561394929886
5	0	0.524369955063
6	1	0.615595817566
6	1	0.595104932785
5	1	0.594476938248
5	1	0.682848930359
5	1	0.908658027649
6	0	0.776247024536
6	1	0.451967954636
5	1	0.458514928818
6	1	0.555905818939
5	1	0.731760978699
6	1	0.585924863815
5	0	0.722357034683
5	1	0.483450889587
6	1	0.514339923859
6	1	0.50030708313
5	1	0.487388849258
6	1	0.500324010849
6	1	1.05050587654
5	1	0.539281845093
5	1	0.530745983124
5	0	0.650687217712
5	1	0.731255054474
5	1	0.740362882614
5	1	0.592308044434
6	0	0.587167024612
5	0	0.875128030777
6	0	0.553920984268
5	1	0.648636817932
6	1	0.788645982742
5	1	0.610594987869
5	0	1.11392903328
6	1	0.554495096207
6	1	0.785588026047
6	1	0.531944990158
5	1	0.699313163757
5	1	0.650896072388
6	0	0.448782920837
5	1	0.491297960281
6	1	0.523438930511
5	1	0.593883991241
6	1	0.72766494751
5	1	0.9312479496
5	1	0.658598899841
5	0	0.594883918762
6	0	0.825941085815
5	0	0.746345043182
6	1	0.51823091507
6	0	0.58603811264
6	0	0.659137010574
5	1	0.528617858887
6	1	0.803386926651
5	1	0.634681940079
6	1	0.765160083771
6	1	0.679902076721
5	1	0.595550060272
6	0	0.474953889847
6	1	0.594185113907
5	1	0.491272211075
5	1	0.819710969925
6	1	0.770457983017
6	1	0.711670875549
5	1	0.635140180588
6	1	1.06688213348
6	1	0.499017000198
6	1	0.5773229599
6	1	0.596491098404
6	1	0.754679918289
5	1	0.441977024078
5	1	0.529742956161
6	1	0.547382831573
5	0	0.615170955658
6	0	0.555389165878
5	1	0.538453817368
5	1	0.586505889893
6	1	0.594325065613
6	1	0.660940170288
5	1	0.531147003174
5	1	0.654884815216
5	1	0.539792060852
6	1	0.619681835175
5	1	0.506541013718
5	0	0.44261598587
6	1	0.779535055161
5	1	0.562798976898
6	1	0.601459980011
6	1	0.851664066315
6	1	0.55498790741
5	1	0.897282123566
5	1	0.664776086807
6	1	0.773009061813
5	1	1.24237990379
6	1	0.825336933136
6	0	0.752202033997
6	1	0.546812057495
6	1	0.586137056351
5	1	0.667602777481
5	1	0.833296060562
6	1	0.556053161621
5	1	0.594149112701
5	1	0.538246870041
6	1	0.505054950714
5	0	0.724270820618
6	1	0.737716197968
6	1	0.627363204956
5	0	0.776402950287
5	1	0.794872999191
5	1	0.668413877487
5	1	0.585990905762
6	0	0.450050830841
6	1	0.544411182404
6	1	0.588540077209
5	1	0.497220993042
6	0	0.547297954559
6	1	0.666714906693
6	1	0.579399108887
6	1	0.569833993912
5	1	0.596421003342
5	1	0.529628992081
6	1	0.547398090363
6	1	0.568549871445
6	1	0.562597990036
6	0	0.660793066025
5	1	0.579102039337
5	1	0.608195781708
5	1	0.860723018646
6	1	0.650995969772
5	1	0.544571876526
5	1	0.748002052307
6	1	0.531289815903
7	0	1.02400016785
7	1	0.778088092804
7	0	0.617784976959
7	1	0.533516168594
8	1	0.607809782028
8	1	0.605594873428
7	1	0.52991604805
7	1	0.571001052856
8	1	0.489519119263
7	1	0.531345129013
7	1	1.19303297997
7	1	0.457248926163
7	1	0.637187957764
7	0	0.594470977783
7	1	0.680949926376
8	0	0.556246042252
7	1	0.54750084877
7	1	0.59565782547
8	1	0.551986932755
7	1	0.725447893143
7	1	0.434604883194
7	1	0.538458108902
8	1	0.537634134293
7	1	0.593240022659
7	1	0.675692081451
7	1	0.592133998871
8	1	0.491750955582
8	1	0.75479888916
8	1	0.458678007126
8	1	0.76091003418
7	1	0.797194957733
8	1	0.601837873459
8	1	0.799965858459
7	1	0.73211312294
8	1	0.626422166824
7	1	0.506190061569
7	1	0.61320400238
7	1	0.587546110153
8	1	0.573396921158
8	1	0.600107908249
7	1	0.680224895477
7	1	0.626008033752
8	1	0.573037147522
7	1	0.599774122238
8	1	0.572938919067
7	1	0.866803884506
7	1	0.97408413887
7	1	0.866435050964
8	1	0.573222875595
8	1	0.893055200577
8	1	0.639940023422
8	1	0.600246906281
8	1	0.546737909317
7	0	0.58674788475
7	1	0.666434049606
7	1	0.613682985306
8	1	0.720715999603
8	1	0.638945102692
7	0	0.586862802505
8	1	0.639350891113
8	1	0.892425060272
7	1	0.786450862885
7	1	0.666438102722
8	0	0.799188137054
7	0	0.572938919067
7	1	0.5993039608
8	1	0.733318090439
8	1	0.533820867538
7	1	0.652655124664
8	1	0.85301399231
8	1	0.572349071503
7	1	0.719839096069
7	0	0.653439044952
7	1	0.612299919128
8	1	0.479158163071
8	1	0.599357843399
7	1	0.692717075348
7	1	0.852813005447
8	1	0.640398979187
8	1	0.946804046631
7	1	0.532684087753
8	1	0.547032117844
7	1	0.613456010818
8	0	0.652992010117
7	1	0.839746952057
7	1	0.652888059616
7	1	0.719527006149
7	0	0.506222963333
8	1	0.599953889847
8	1	0.626593112946
7	1	0.639832019806
7	1	0.679743051529
8	0	0.826236009598
8	1	0.626413106918
8	1	0.612581014633
8	1	0.945494890213
7	0	0.532917022705
8	1	0.986459970474
7	0	0.586932182312
8	1	0.799065113068
7	1	0.826155185699
7	1	0.919032096863
7	1	1.02608680725
8	1	0.65288901329
8	1	0.626353979111
8	1	0.665984869003
8	0	0.706550121307
7	1	0.598963022232
7	1	0.866425991058
8	1	0.679578781128
8	1	0.559674978256
8	1	0.654084920883
8	1	0.98619890213
8	1	0.812309026718
8	0	0.999356985092
7	1	0.639425039291
8	1	0.585963010788
8	1	0.573369026184
8	1	0.626765966415
8	1	0.53293800354
8	1	0.599168777466
7	1	0.6138048172
8	1	0.599883079529
8	1	0.626223087311
8	1	0.573061943054
7	1	0.520800113678
8	1	0.492953062057
8	1	0.613188028336
8	1	0.746068000793
8	1	0.466613054276
8	1	0.480421066284
7	1	0.733200073242
8	1	0.573271989822
8	1	0.812703847885
7	1	0.533564090729
8	1	0.506963968277
8	0	0.454082965851
7	1	0.546095132828
7	1	0.733571052551
7	0	0.559667110443
8	0	0.920042991638
8	1	0.773473978043
7	1	0.519952058792
8	1	0.585399150848
7	0	0.587110996246
8	1	0.573109865189
7	1	0.719765901566
7	1	0.546678066254
7	1	0.745729923248
8	1	0.786067962646
8	1	0.652593851089
8	1	0.519716024399
7	1	0.652366161346
7	1	0.665683984756
8	1	0.586841106415
7	1	0.599901199341
8	1	0.586091041565
8	1	0.493400812149
7	1	0.611975193024
8	1	0.679175853729
7	0	0.586853981018
7	1	0.453202962875
7	1	1.14605498314
8	1	0.493092060089
7	1	0.519762039185
8	0	0.506422042847
8	1	0.572299003601
8	1	0.466455936432
7	0	0.47981595993
8	1	0.55956697464
2	1	0.693104982376
2	1	0.519105911255
2	1	0.480267047882
2	1	0.518867969513
2	1	0.625412940979
2	1	0.519834041595
2	1	0.520397186279
2	0	0.465760946274
2	1	0.518646001816
2	1	0.559588909149
2	1	0.746307849884
2	1	0.520159959793
2	0	0.506986856461
2	1	0.972935914993
2	1	0.533963918686
2	1	0.4796230793
2	1	0.57405591011
2	0	0.547613859177
2	1	0.693234920502
2	1	0.558633089066
2	0	0.719136953354
2	1	0.626567840576
2	1	0.532804012299
2	1	0.572965145111
2	1	0.999608039856
2	1	0.759844064713
2	1	0.586525917053
2	1	0.759380102158
2	0	0.613940000534
2	1	0.692487001419
2	1	0.946851015091
2	1	0.679773807526
2	1	0.599406957626
2	1	0.494292020798
2	1	0.600497961044
2	1	0.813045024872
2	1	0.519423961639
2	1	0.626877069473
2	1	0.533642053604
2	0	0.627306938171
2	1	0.573374032974
2	1	0.519823074341
2	1	0.880965948105
2	1	0.599474906921
2	1	0.640068054199
2	1	0.679888010025
2	0	0.493190050125
2	1	0.706485033035
2	1	0.639174938202
2	1	0.519716978073
2	1	0.507153987885
2	1	0.533306837082
2	1	0.745311021805
2	1	0.533229827881
2	1	0.598711967468
2	1	0.546036958694
2	1	0.625669002533
2	0	0.599550962448
2	1	0.640321969986
2	1	0.520385980606
2	1	0.519352912903
2	1	1.03989601135
2	0	0.6535820961
2	1	0.613046169281
2	1	0.519552946091
2	1	0.492933988571
2	1	0.519622087479
2	1	0.53284406662
2	0	0.613883018494
2	0	0.572422027588
2	1	0.598308086395
2	1	0.532717943192
2	1	0.572604179382
2	1	0.55912399292
2	1	0.71915602684
2	1	0.653510093689
2	1	0.532167196274
2	1	0.519708871841
2	1	0.506544113159
2	1	0.54560303688
2	1	0.520750045776
2	1	0.573669910431
2	1	0.799368858337
2	1	0.547115802765
2	1	0.559792041779
2	1	0.585667848587
2	1	0.653028011322
2	1	0.52053809166
2	1	0.53213095665
2	1	0.533663988113
2	1	0.60040307045
2	1	0.520390033722
2	1	0.759336948395
2	1	0.519691944122
2	1	0.519161939621
2	0	0.572877883911
2	1	0.653312921524
2	1	0.586482048035
2	1	0.493385076523
2	1	0.667102813721
2	1	0.506968021393
2	1	0.879590034485
2	0	0.919733047485
2	1	0.613018989563
2	1	0.532822847366
2	1	0.600102901459
2	1	0.666311979294
2	1	0.586537837982
2	1	0.640199899673
2	1	0.892733097076
2	1	0.546090126038
2	1	0.62583899498
2	1	0.893484115601
2	1	0.652595996857
2	0	0.772879123688
2	1	0.798808813095
2	1	0.652115106583
2	1	0.733813047409
2	1	0.640618085861
2	1	0.853364944458
2	1	0.532410860062
2	0	0.826939821243
2	0	0.88016295433
2	1	0.640035152435
2	1	0.600471973419
2	1	0.533085107803
2	0	0.533350944519
2	0	1.02710413933
2	1	1.26709294319
2	1	0.613524913788
2	1	0.772625923157
2	1	0.692663908005
2	1	0.653929948807
2	1	0.853305101395
2	1	0.547353029251
2	1	0.720446825027
2	1	0.639759063721
2	1	0.5604429245
2	1	0.654083013535
2	1	0.546975851059
6	1	0.66633105278
6	1	0.506502866745
5	1	0.680083990097
6	1	0.653130054474
5	1	0.613343954086
5	1	0.586017131805
6	1	0.627461910248
5	1	0.587000131607
6	1	0.559657812119
6	1	0.693299055099
6	1	0.519851922989
6	1	0.573996067047
5	1	0.707226037979
6	1	0.74672293663
5	1	0.708125829697
5	1	0.573532104492
6	1	0.612327814102
6	1	0.892997026443
5	1	0.586741924286
5	1	0.4797539711
6	1	0.600703001022
5	1	0.54515004158
6	1	0.560189962387
6	0	0.799553871155
5	1	0.599442958832
5	1	0.786175966263
5	1	1.01208901405
6	1	0.679383039474
5	1	0.546433925629
6	1	0.520092010498
5	1	0.586998939514
5	1	0.639811992645
6	1	0.479254007339
6	1	0.640058040619
6	1	0.613333940506
5	1	0.666406869888
5	1	0.626388072968
5	1	0.50653886795
5	0	0.678452014923
6	1	0.652014970779
6	1	0.653082132339
5	1	1.00026488304
6	1	0.639495849609
6	1	0.587151050568
5	1	0.639832019806
5	1	0.853306055069
6	1	0.533071994781
5	1	0.812083959579
6	1	0.520370960236
6	1	0.960270881653
5	1	0.705914020538
6	1	0.680108070374
5	1	0.65243601799
6	1	0.479415893555
5	0	0.452259063721
6	1	0.479457139969
6	1	0.613366127014
6	1	0.693053007126
6	1	0.639818906784
5	1	0.506067037582
5	1	0.480963945389
6	0	0.626643896103
6	1	0.798755884171
5	1	0.653434991837
5	1	0.558532238007
6	1	0.586834907532
5	1	0.520107984543
5	1	0.679408788681
6	1	0.478850841522
6	1	0.532643079758
5	1	0.520029067993
6	0	0.773763179779
5	1	0.693776130676
6	1	0.546536922455
5	1	0.571922063828
6	1	0.600451231003
6	1	0.839828014374
5	1	0.546473026276
5	1	0.493077993393
6	1	0.666476011276
5	1	0.533710956573
6	1	0.732033967972
5	1	0.599864006042
5	1	0.519459962845
6	1	0.773087024689
6	1	0.546100854874
6	1	0.759518146515
5	1	0.614011049271
6	1	0.786751031876
6	1	0.519865036011
5	1	0.933720111847
6	1	0.493424892426
6	1	0.625658988953
6	1	0.493403196335
6	1	0.599421977997
5	1	0.480387926102
5	0	0.586982011795
5	1	0.866851806641
5	1	0.533015966415
5	1	0.600496053696
5	1	0.612331151962
5	0	0.72031712532
6	1	0.612318992615
6	0	0.732511997223
6	1	0.733211040497
6	1	0.559309005737
5	1	0.640625
5	1	0.612206935883
6	1	0.79945898056
5	1	0.612430810928
5	1	0.666137933731
6	1	0.667243003845
5	1	0.82630610466
5	1	1.0125169754
6	1	0.745639801025
6	0	0.693070888519
5	1	0.826381921768
5	0	0.812752962112
5	1	0.986773967743
6	1	0.732489109039
6	0	0.812125921249
6	1	0.720095157623
5	1	0.92013001442
6	0	0.94532084465
6	1	1.07892417908
5	1	1.7066860199
6	1	0.679852962494
5	1	0.612876176834
6	1	0.812731981277
5	1	0.639732122421
5	1	0.918932914734
6	1	0.666554927826
6	0	0.640165805817
6	0	0.653940916061
6	1	0.827147006989
5	1	0.745947122574
6	1	0.654129981995
4	1	0.985144138336
4	1	0.465872049332
4	1	0.492396831512
4	1	0.534162998199
4	1	0.519971847534
4	1	0.612180948257
4	1	0.467216014862
4	1	0.506133079529
4	1	0.520483970642
4	1	0.492611169815
4	1	0.492531061172
4	1	0.612987995148
4	0	0.572864055634
4	0	0.545684814453
4	1	0.545933961868
4	1	0.612869977951
4	1	0.492528915405
4	1	0.612525939941
4	0	0.839046001434
4	1	0.653200149536
4	1	0.547656059265
4	0	0.706022024155
4	1	0.99870800972
4	1	0.506828069687
4	1	0.652479171753
4	1	0.572882175446
4	1	0.640436887741
4	1	0.920325040817
4	1	0.812621116638
4	1	0.759688138962
4	1	0.586568117142
4	1	0.585845947266
4	1	0.74681520462
4	1	0.586494922638
4	0	0.534151077271
4	0	0.665585041046
4	1	0.719256877899
4	1	0.506227016449
4	1	0.545511007309
4	1	0.520384073257
4	0	1.03909087181
4	1	0.586269140244
4	1	0.57283115387
4	1	0.547688961029
4	1	0.60033416748
4	1	0.506125926971
4	0	0.75936794281
4	1	0.693730115891
4	1	0.665831804276
4	1	0.559986114502
4	1	0.747361898422
4	1	0.600409030914
4	1	0.626538038254
4	1	0.559602022171
4	1	0.572870016098
4	1	0.613625049591
4	1	0.493180036545
4	1	0.572921991348
4	1	0.559689998627
4	1	0.532722949982
4	1	0.493160009384
4	1	0.559725046158
4	1	0.560650110245
4	1	0.533433914185
4	1	0.506470918655
4	1	0.598937034607
4	1	0.573642969131
4	1	0.519473075867
4	1	0.532405853271
4	1	0.520252943039
4	1	0.532845020294
4	0	0.440373897552
4	1	0.611747980118
4	1	0.50700712204
4	1	0.519353866577
4	1	0.52069401741
4	1	0.613139152527
4	0	0.625757932663
4	0	0.652292013168
4	1	0.959264993668
4	1	0.692188024521
4	1	0.987504005432
4	1	0.852355957031
4	1	0.9323990345
4	1	0.533111095428
4	1	0.519486904144
4	1	0.65255689621
4	1	0.786608934402
4	1	0.451970815659
4	1	0.506719112396
4	0	0.505885839462
4	1	0.667176961899
4	1	0.546674966812
4	1	0.560229063034
4	1	0.546539783478
4	1	0.692725896835
4	1	1.01380300522
4	1	0.679759979248
4	1	0.706871032715
4	1	0.61315202713
4	1	0.732254981995
4	1	0.706176996231
4	1	0.680515050888
4	1	0.600121021271
4	1	0.679220914841
4	1	0.707036972046
4	1	0.545992136002
4	1	0.626802921295
4	1	0.639568805695
4	1	0.547559022903
4	1	0.572963953018
4	1	0.559195041656
4	1	0.638609886169
4	1	0.61221909523
4	1	0.533261060715
4	0	0.679251909256
4	1	0.586107969284
4	1	0.680666923523
4	1	0.600579977036
4	1	0.559053182602
4	1	0.559943199158
4	1	0.613401174545
4	1	0.532776117325
4	1	0.533564090729
4	1	0.919697999954
4	1	0.519809007645
4	1	0.480007886887
4	1	0.507040977478
4	1	0.493352890015
4	1	0.787091016769
4	1	0.558653831482
4	1	0.719815015793
4	1	0.452415943146
4	1	0.706549882889
4	1	0.520306110382
4	0	0.692828893661
4	1	0.653393983841
4	1	0.55922794342
4	1	0.571973085403
4	1	0.745339155197
4	1	0.79950094223
7	0	0.7192299366
7	1	0.880030155182
7	1	0.799164056778
8	0	0.692641973495
8	1	0.599924087524
7	1	0.786137104034
7	1	0.733695983887
8	1	0.785561084747
7	1	0.693082809448
8	1	0.572905063629
8	1	0.692832946777
8	0	0.600375175476
8	1	0.519551992416
8	0	0.746084928513
7	1	0.573729991913
8	1	0.758559942245
7	1	0.638793945312
7	1	0.572784900665
8	1	0.866229772568
7	1	0.506661176682
8	1	0.546517848969
7	1	0.598537921906
8	1	1.27994990349
8	1	0.560190916061
7	1	0.586430072784
7	1	0.506227970123
8	1	0.532974004745
7	1	0.67936205864
7	1	0.547638893127
7	0	0.573482990265
7	1	0.613004922867
7	1	0.66640496254
7	1	0.492698907852
8	1	0.599287033081
7	1	0.534016132355
7	1	0.73279094696
8	1	0.627215147018
8	1	0.586704015732
8	0	0.599430084229
7	1	0.586081981659
8	1	0.506684064865
7	1	0.62574005127
8	1	0.532787084579
8	1	0.639985084534
8	1	0.519805908203
8	1	0.466295003891
8	1	0.678638935089
7	1	0.705416917801
8	1	0.653909921646
7	1	0.6264128685
7	1	0.439892053604
7	1	0.627007961273
8	1	0.573467969894
8	0	0.586055040359
8	1	0.586844205856
7	1	0.480050086975
7	1	0.652966976166
7	1	0.53368806839
7	0	0.493643045425
7	1	0.798718929291
7	1	0.600245952606
8	1	0.733636140823
8	1	0.639661073685
7	1	0.62585401535
7	1	0.585808038712
7	1	0.520272016525
7	1	0.667067050934
8	1	0.613651990891
7	1	0.733433961868
7	1	0.506911039352
7	1	0.520437955856
8	1	0.573578119278
8	1	0.546037912369
7	1	0.492848157883
8	1	0.573042869568
7	0	0.559020996094
8	1	0.65305685997
7	1	0.519299983978
7	0	0.720062971115
7	1	0.639047145844
7	1	0.493121862411
8	1	0.574094057083
8	1	0.680420160294
8	1	0.492973804474
8	1	0.640089035034
7	1	0.653049945831
7	1	0.532373905182
7	1	0.63925409317
8	1	0.747123003006
7	0	0.599938154221
8	1	0.599030971527
7	1	0.772970199585
8	1	0.545980930328
8	1	0.639257907867
7	1	0.692770957947
7	1	0.679198980331
7	0	0.572381973267
7	1	0.560250997543
7	0	0.865572929382
7	1	0.706321001053
7	1	0.813121080399
7	1	0.852021932602
7	1	0.81295800209
8	1	0.612745046616
7	1	0.772675037384
8	1	0.666903018951
7	1	0.745916128159
7	1	0.613034009933
8	1	0.62589597702
7	1	0.480414867401
7	0	0.53342795372
7	0	0.840344905853
8	0	0.880125045776
7	0	0.746612071991
8	1	0.599240779877
8	1	0.826813936234
8	1	0.639878988266
7	0	0.586305856705
8	1	0.652245998383
8	1	0.853362083435
8	1	0.839146852493
8	1	0.572137117386
8	1	0.893829107285
7	1	0.639515161514
7	1	0.572690010071
7	1	0.573433160782
8	1	0.865529060364
8	0	0.638926029205
7	0	0.759845972061
7	0	0.492558956146
7	1	0.760414123535
7	0	0.69273686409
7	1	0.879770040512
7	1	0.839968204498
7	0	0.945549964905
7	1	0.759950876236
7	1	0.813052177429
7	0	1.09284114838
3	1	1.04005289078
3	1	0.586740970612
3	1	0.53342294693
3	1	0.733329057693
3	1	0.585704088211
3	1	0.479854106903
3	0	0.493321180344
3	1	0.693010091782
3	1	0.519228935242
3	1	0.573879003525
3	1	0.506144046783
3	1	0.586468935013
3	1	0.680134057999
3	0	0.785781860352
3	1	0.533112049103
3	1	0.612892150879
3	1	0.494182109833
3	1	0.959323883057
3	1	0.612907886505
3	1	0.746826887131
3	1	0.586133956909
3	1	0.63987994194
3	1	0.586385011673
3	1	0.652213811874
3	0	0.546230077744
3	1	0.586118936539
3	1	0.533639907837
3	1	0.546111106873
3	1	0.59950709343
3	1	0.585698843002
3	1	0.600631952286
3	1	0.519600868225
3	0	0.679417133331
3	1	0.639846801758
3	1	0.560096979141
3	1	0.55894112587
3	1	0.693227052689
3	1	0.652997016907
3	1	0.65390920639
3	1	0.506304979324
3	1	0.587505102158
3	1	0.599665164948
3	1	0.532850027084
3	1	0.572926044464
3	1	0.52055311203
3	1	0.62553191185
3	0	0.612910032272
3	0	0.625584125519
3	1	0.559969902039
3	1	0.599521875381
3	1	0.545647859573
3	1	0.613234996796
3	0	0.533389091492
3	1	0.666037082672
3	1	0.558763027191
3	1	0.560146093369
3	1	0.612342834473
3	1	0.427222013474
3	1	0.600047111511
3	1	0.520020961761
3	1	0.586516857147
3	1	1.07931303978
3	1	0.532437086105
3	1	0.839421987534
3	1	0.760389089584
3	1	0.626589775085
3	1	0.546350002289
3	1	0.585933923721
3	1	0.719663143158
3	1	0.586289167404
3	1	0.705930948257
3	1	0.706752061844
3	1	0.652774095535
3	1	0.771866083145
3	1	0.665879011154
3	1	0.705952882767
3	1	0.879086971283
3	1	0.852771997452
3	1	0.572870016098
3	1	0.586313009262
3	1	0.666635036469
3	1	1.09174203873
3	1	0.559005975723
3	1	0.653064012527
3	1	0.799541950226
3	1	0.706212043762
3	1	0.679089069366
3	1	0.574095964432
3	1	0.653761148453
3	1	0.60027217865
3	1	0.732853889465
3	1	0.932625055313
3	1	0.572962999344
3	1	0.653283119202
3	1	0.678889036179
3	1	0.694317102432
3	1	0.652652978897
3	0	1.21299004555
3	1	0.679332017899
3	1	0.518687009811
3	0	0.599586009979
3	1	0.625667095184
3	1	0.652742862701
3	1	0.707431077957
3	0	0.533096075058
3	1	0.626539945602
3	1	0.773552179337
3	1	0.986184835434
3	1	0.519608020782
3	0	0.598771095276
3	1	0.49348783493
3	1	0.520843029022
3	1	0.506430864334
3	1	0.532840967178
3	0	0.813616991043
3	0	0.547115087509
3	1	0.559942007065
3	1	0.532754898071
3	1	0.491935014725
3	1	0.600259065628
3	1	0.692873954773
3	1	0.560864925385
3	1	0.812628030777
3	1	0.532644987106
3	0	0.559870004654
3	1	0.586292028427
3	1	0.573460817337
3	1	0.519757032394
3	1	0.519620895386
3	1	0.733093976974
3	1	0.626152038574
3	0	0.759131908417
3	1	0.77362704277
3	1	0.679829120636
3	1	0.612785816193
3	1	0.692547798157
3	1	0.679923057556
3	1	0.87878704071
3	1	0.692640066147
5	1	0.639839887619
6	1	0.746070146561
5	1	0.506967067719
5	0	0.653055906296
5	1	0.760835886002
6	1	0.613078117371
5	1	0.653810977936
5	1	0.666723966599
6	1	0.613505125046
5	1	0.466856956482
5	1	0.599771022797
5	1	0.718790054321
6	1	0.613749027252
6	1	0.652620792389
5	1	0.653308868408
6	1	0.63979101181
5	0	0.65318608284
5	1	0.666401147842
6	1	0.78627204895
5	0	0.732870101929
6	1	0.959486961365
5	1	0.772998094559
6	1	0.599819898605
6	1	0.611899852753
6	1	0.574259996414
5	0	0.705913066864
6	0	0.812769889832
5	1	0.666964054108
6	1	1.2253408432
5	1	0.772812843323
5	0	0.91984796524
6	1	1.12053108215
6	0	0.758948087692
6	0	0.932341098785
6	1	0.853343009949
6	1	1.33241891861
5	0	1.69294881821
6	0	1.3854238987
5	1	1.49245405197
5	1	0.946342945099
6	1	0.719559907913
5	1	0.759479999542
6	1	0.720185041428
5	1	0.813063144684
6	1	0.705938100815
6	1	0.79993891716
6	1	0.746685028076
6	1	0.745059013367
6	1	0.879666090012
6	0	0.892247915268
6	1	0.813760995865
5	1	0.879778862
6	1	0.825942993164
5	1	0.679738044739
6	1	0.665899991989
6	0	0.760424852371
6	1	0.733203172684
5	0	0.653260231018
6	1	0.665685892105
5	1	0.57218003273
6	1	0.572228908539
6	1	0.733314990997
6	1	0.559536218643
5	1	0.546895980835
6	1	0.600621938705
6	1	0.440173864365
6	1	0.745847940445
6	1	0.546851873398
5	1	0.586194992065
6	1	0.798794984818
5	0	0.492871999741
5	1	0.573796033859
6	1	0.853671073914
5	1	0.598932981491
6	1	0.625654935837
6	1	0.519269943237
6	1	0.772330999374
5	1	0.574062108994
5	1	0.51978802681
6	0	0.799212932587
5	1	1.14597797394
5	1	0.559667825699
6	1	0.519551992416
6	1	0.506195068359
6	1	0.493484020233
5	1	0.521021127701
6	1	0.51917886734
6	1	0.56006193161
6	0	0.506276130676
5	1	0.638891935349
5	1	0.626013994217
6	1	0.493618965149
6	1	0.585567951202
5	1	0.599688053131
5	1	0.518893003464
5	1	0.573289871216
6	0	0.587167024612
6	1	0.519680976868
5	1	0.707501888275
5	1	0.560076951981
5	1	0.639213085175
5	1	0.640569925308
5	1	0.573523044586
5	1	0.79994392395
6	0	0.506997823715
6	1	0.627362966537
6	1	0.719465970993
5	1	0.54586815834
6	1	1.05261683464
6	1	0.573530912399
6	1	0.612488031387
6	1	0.613551855087
5	1	0.533738136292
6	1	0.546503067017
6	1	0.599497079849
6	1	0.692672014236
5	0	0.573591947556
6	1	0.693325996399
6	1	0.693153858185
6	1	0.5999751091
5	1	0.573076963425
5	1	1.0001578331
5	1	0.692927837372
5	0	0.586104154587
6	1	0.61323595047
6	1	0.74661898613
5	1	0.559084177017
5	1	0.665753126144
6	1	0.599169015884
6	1	0.706029891968
6	1	0.587267875671
5	1	0.639356851578
6	1	0.520019054413
6	0	0.586194992065
6	1	0.533193826675
5	1	0.572136878967
1	1	0.986768960953
1	1	0.573185920715
1	1	0.532915115356
1	1	0.772742986679
1	1	0.57332777977
1	1	0.560470819473
1	1	0.598971128464
1	1	0.613153934479
1	1	0.559633970261
1	1	0.546404123306
1	1	0.61307311058
1	1	0.534339904785
1	1	0.666330099106
1	1	0.546537160873
1	1	0.640253067017
1	1	0.532961130142
1	1	0.533246040344
1	1	0.693170070648
1	1	0.480355024338
1	1	0.49302315712
1	1	0.492666006088
1	1	0.572175979614
1	1	0.772310972214
1	1	0.680226802826
1	1	0.665758132935
1	1	0.813996076584
1	1	0.585783958435
1	1	0.519693136215
1	1	0.532974004745
1	1	0.520097970963
1	1	0.693385124207
1	1	0.813700914383
1	0	0.719457864761
1	1	0.693587064743
1	1	0.746050834656
1	1	0.599253892899
1	1	0.571969985962
1	1	0.625967979431
1	1	0.532752037048
1	1	0.572428941727
1	1	0.586052894592
1	1	0.625834941864
1	1	0.66668009758
1	1	0.919538974762
1	1	0.786330938339
1	1	0.55973982811
1	1	0.626053094864
1	1	0.519304990768
1	1	0.626001119614
1	1	0.507572889328
1	1	0.665845155716
1	1	0.559850931168
1	0	0.625977993011
1	1	0.692975997925
1	1	0.54740190506
1	1	0.519545793533
1	1	0.612172842026
1	0	0.61236000061
1	1	0.679021835327
1	1	0.533201932907
1	1	0.55967092514
1	1	0.598928928375
1	1	0.546621799469
1	1	0.640121936798
1	1	0.61307311058
1	1	0.519466876984
1	1	0.533393144608
1	1	0.55979013443
1	1	0.665496826172
1	1	0.600368022919
1	1	0.586358070374
1	0	0.572384119034
1	1	0.573827028275
1	1	0.520097970963
1	0	0.6795399189
1	1	0.585219144821
1	1	0.639261960983
1	1	0.679627895355
1	1	0.679411172867
1	1	0.559161186218
1	1	0.573532104492
1	1	0.585628986359
1	1	0.533342838287
1	0	0.693027973175
1	1	0.732839822769
1	1	0.986030101776
1	0	0.985688924789
1	1	0.893157958984
1	1	0.692707777023
1	1	0.69287610054
1	1	0.599845170975
1	1	0.560122966766
1	0	1.1189391613
1	1	0.613566875458
1	1	0.652967214584
1	1	0.639091968536
1	1	0.798964977264
1	1	0.746208906174
1	1	0.546263933182
1	0	0.678691864014
1	0	0.827174901962
1	1	0.519109010696
1	1	0.587165117264
1	1	0.625741004944
1	1	0.519551038742
1	1	0.612992048264
1	1	0.705704927444
1	1	0.679149150848
1	1	0.679517030716
1	1	0.533910036087
1	1	0.479467868805
1	1	0.586827039719
1	0	0.546811103821
1	1	0.480025053024
1	1	0.559144020081
1	1	0.666465044022
1	1	0.654008150101
1	1	0.852642059326
1	1	0.826650857925
1	1	0.732889890671
1	1	0.933355093002
1	1	0.560289859772
1	1	0.572746992111
1	1	0.600211143494
1	1	0.666478872299
1	1	0.574029922485
1	1	0.813826084137
1	1	0.560075998306
1	1	0.586977005005
1	1	0.560458183289
1	1	0.493079900742
1	1	0.55958199501
1	1	0.653460025787
1	1	0.546725034714
1	1	0.585891962051
1	1	0.785300970078
1	1	0.546416044235
1	1	0.532521009445
1	1	0.585821866989
1	1	0.506198167801
