8	1	0.719465017319
8	1	0.586343050003
7	1	0.773358106613
7	1	0.666238069534
7	0	1.11948990822
8	1	0.733384847641
8	1	0.71958398819
8	1	0.612887144089
7	0	0.74609208107
8	1	2.38543605804
7	1	0.786175966263
7	1	2.14565086365
8	1	0.746133089066
7	1	0.786700963974
7	1	0.692793130875
8	1	0.732782840729
7	1	0.852752923965
7	1	0.759945869446
7	1	0.746078968048
8	1	0.892856121063
7	1	0.640028953552
7	1	0.826164007187
7	0	0.906119823456
7	1	0.733109951019
8	1	0.653333187103
8	1	0.573199987411
7	0	0.719593048096
8	1	0.719626903534
8	0	0.7596180439
8	1	0.852828979492
8	0	0.666153907776
8	1	0.986148834229
7	0	0.613270998001
7	1	0.812855005264
8	1	0.719475030899
8	1	0.719475984573
8	1	0.69328379631
8	1	0.759430885315
7	0	0.706096887589
8	1	0.799465894699
8	0	0.786581993103
7	0	0.772938966751
8	1	3.15847492218
8	1	1.50618910789
8	1	0.786111116409
7	0	0.9462890625
7	1	0.932991027832
7	1	1.0661509037
8	1	1.3595468998
8	1	0.85307598114
8	1	0.826224088669
8	0	0.799407958984
8	1	0.799716949463
7	0	1.22623705864
7	1	1.17275810242
7	1	0.906213998795
8	1	0.719941139221
8	1	0.692905902863
8	1	0.652836084366
8	1	0.959560871124
7	1	0.879546880722
8	0	1.0396270752
8	1	0.93296790123
7	0	1.17301416397
7	1	0.852802991867
7	1	1.4258351326
7	1	0.986150979996
8	1	0.826534032822
7	1	0.852919101715
8	1	0.81288599968
8	1	0.773235797882
7	1	1.22618198395
7	1	1.02609395981
8	1	0.599539041519
8	1	0.692863941193
7	1	0.652893066406
7	1	0.639934062958
7	1	0.693156003952
8	1	0.586345911026
8	1	0.679498910904
8	1	2.09230589867
7	1	0.772929906845
8	1	0.559452056885
7	1	0.586103916168
7	1	1.02613592148
7	1	0.653404951096
7	1	0.626319169998
7	0	2.90514707565
7	1	0.626266002655
7	1	0.599936008453
7	1	0.586652040482
7	1	0.573298931122
8	1	0.626399993896
8	1	0.639575958252
8	1	0.626255989075
7	0	1.30560994148
8	1	0.612860918045
8	1	0.66620516777
8	1	0.812840938568
8	1	0.600006103516
7	1	0.839507102966
8	1	0.706144809723
7	1	0.706156015396
8	1	0.493287086487
7	1	0.653305053711
7	0	1.93227910995
8	1	0.599547147751
7	1	1.95904707909
7	0	1.42615413666
7	0	0.879534006119
7	1	1.18619990349
7	1	1.13276004791
8	1	0.706169128418
7	1	1.85269784927
8	1	0.63946390152
8	1	0.5726749897
7	1	2.91844701767
7	1	1.14615893364
7	1	0.826079130173
8	1	0.679910898209
7	1	0.600059986115
8	1	0.666198968887
8	1	0.599345207214
7	1	0.652903079987
1	1	0.666682004929
1	1	0.692799091339
1	1	0.652904033661
1	1	0.74614906311
1	1	1.07934713364
1	1	0.546187162399
1	1	0.532717943192
1	1	0.759519100189
1	1	0.879641056061
1	1	0.759500980377
1	1	0.866144180298
1	1	0.933120012283
1	1	0.692887067795
1	1	0.919467926025
1	1	0.666631937027
1	1	0.706697940826
1	1	0.612893819809
1	1	1.33292293549
1	0	2.25238204002
1	1	0.599982023239
1	1	0.613281011581
1	1	0.932824850082
1	1	0.652853965759
1	1	0.666481971741
1	1	0.639924049377
1	1	0.732990026474
1	1	0.692764997482
1	1	0.919489145279
1	1	0.813280820847
1	0	0.999565124512
1	1	0.693093061447
1	1	0.812963008881
1	0	0.772812843323
1	0	0.759505987167
1	0	1.02614998817
1	1	0.67960190773
1	1	1.0661509037
1	1	1.58608484268
1	1	0.999469041824
1	1	0.759561061859
1	1	0.826243162155
1	1	0.879484891891
1	1	0.67959690094
1	0	1.0928440094
1	1	1.0262389183
1	1	0.999447107315
1	1	0.852864980698
1	1	0.78680896759
1	1	0.666208028793
1	1	0.679373979568
1	1	0.652897119522
1	0	0.639566898346
1	1	0.706768035889
1	1	0.626626014709
1	1	0.493180990219
1	1	0.67948102951
1	1	0.492855072021
1	1	0.546154022217
1	0	0.412806987762
1	1	0.626074075699
1	1	0.866209030151
1	1	0.613332986832
1	1	0.600080013275
1	1	0.666270971298
1	1	0.586249113083
1	1	0.652865886688
1	1	0.62610411644
1	1	0.626065969467
1	1	0.626573085785
1	1	0.600013017654
1	1	0.653383970261
1	1	0.63943696022
1	1	0.532819032669
1	1	0.586155176163
1	0	0.572820901871
1	1	0.572797060013
1	1	0.612758874893
1	1	0.626496076584
1	1	0.573384046555
1	1	0.759883880615
1	1	0.692843198776
1	1	0.666198015213
1	0	0.71941113472
1	0	1.02628087997
1	1	0.679548025131
1	1	0.666203975677
1	1	0.573049068451
1	1	0.613338947296
1	1	0.639972925186
1	1	0.519930839539
1	0	0.799425840378
1	1	0.70618391037
1	0	0.519450187683
1	1	0.679531097412
1	1	1.93258714676
1	1	0.732745885849
1	1	0.692780017853
1	1	0.786299943924
1	1	0.706632137299
1	1	2.5984518528
1	1	0.839457988739
1	1	1.41230106354
1	0	0.719506025314
1	1	0.75997710228
1	1	0.679675102234
1	1	0.666182041168
1	1	1.87906885147
1	1	2.86563110352
1	0	1.85236215591
1	1	2.14553999901
1	1	0.772840976715
1	1	0.959504842758
1	1	0.679962158203
1	1	0.746143102646
1	1	1.85236501694
1	1	1.17264699936
1	0	1.47893691063
1	1	0.786055088043
1	1	0.666338920593
1	1	0.826591968536
1	1	2.49211287498
1	1	0.799547195435
1	1	0.746147155762
1	1	0.866503000259
1	0	0.919535160065
1	1	0.586113214493
1	1	0.62614607811
5	1	0.946164131165
6	1	0.693340063095
5	1	0.759779930115
5	1	0.666216135025
6	1	0.679442882538
5	1	0.706557035446
6	1	0.693375825882
6	1	0.666613101959
6	1	1.01288104057
6	1	0.852834224701
5	1	0.692888021469
5	1	0.61278796196
6	1	0.679440975189
5	1	0.5861120224
5	1	0.692812919617
5	1	0.919606924057
5	1	0.572875976562
5	1	0.532958030701
6	1	0.626165151596
5	1	0.612786054611
6	1	0.732872962952
5	0	0.639982938766
5	1	0.666514158249
6	1	0.586192846298
6	1	0.732805967331
5	1	0.626173973083
5	1	1.8523619175
6	1	0.746273994446
5	1	0.932919025421
5	1	0.599817991257
5	1	0.693364858627
5	1	0.812839984894
6	1	1.23969602585
5	1	1.0261862278
6	1	3.29116201401
5	1	2.53179001808
5	1	0.7594871521
5	1	0.933260917664
5	1	0.812877893448
5	0	0.959525108337
6	1	0.586730003357
5	0	0.639773845673
5	1	0.612946987152
5	1	0.692914962769
5	1	1.35893416405
6	1	0.572942018509
6	1	0.652895927429
5	1	0.612908840179
6	1	0.719969987869
6	1	0.62667798996
6	1	0.639627933502
6	1	0.612837076187
6	1	0.546315908432
5	1	0.65287399292
6	1	0.572911977768
5	1	0.586300849915
6	1	0.533257961273
6	1	0.613272190094
6	1	0.533374071121
6	1	0.533345937729
6	1	0.493387937546
6	1	0.959467172623
5	1	0.546244859695
5	1	0.492944955826
6	1	0.532930850983
6	1	0.532862901688
5	1	1.1723678112
6	1	0.59955406189
5	1	1.35906195641
6	1	0.626151800156
6	1	0.585980892181
5	1	0.839497804642
6	1	0.57333612442
5	1	0.600150108337
6	1	0.786244869232
5	1	0.532818078995
5	1	0.612819910049
5	1	0.932769060135
6	1	0.64005613327
6	0	1.25278115273
5	1	0.906409978867
6	1	0.692706108093
6	1	0.78612112999
5	1	0.613050222397
6	1	0.573343038559
5	1	1.69284009933
6	1	0.652953147888
6	1	0.692828893661
5	0	0.639497995377
6	1	1.74558997154
5	1	1.0395758152
6	1	0.892830133438
5	1	2.4121670723
6	1	0.586535930634
6	1	0.599927186966
5	1	0.573215961456
6	1	2.17212891579
6	1	0.666393995285
5	1	0.653290987015
5	1	0.666531801224
6	0	0.679460048676
5	1	0.826256036758
5	0	3.71832919121
6	1	0.679926872253
6	1	2.54547381401
6	1	0.799443006516
5	0	1.69240188599
5	1	0.626418113708
6	1	0.640012025833
5	1	1.09292793274
6	1	0.75949382782
5	1	0.58673787117
5	1	1.18616986275
6	1	0.586109876633
6	1	0.546570062637
5	0	0.653412103653
6	1	0.54661989212
6	1	0.626657962799
6	1	0.546648979187
6	1	0.639553070068
6	0	0.586193084717
5	1	0.679453134537
6	1	1.67893409729
6	1	0.786604166031
6	1	0.759473800659
6	1	0.679431915283
5	0	0.826192140579
5	1	0.626117944717
5	1	0.612729072571
6	1	0.559445858002
6	1	0.652806043625
5	1	0.59956908226
6	1	0.972884178162
6	1	0.679480075836
5	0	0.652839899063
5	1	0.586192131042
6	1	0.653093099594
6	1	0.559918165207
6	1	0.560094118118
5	1	0.839552879333
5	0	0.719469070435
5	1	0.519531011581
5	1	0.732825040817
5	1	0.560028076172
6	1	0.613368988037
6	1	0.906054973602
6	1	0.559417009354
5	1	0.732753992081
5	1	0.746572971344
5	1	1.38624215126
6	1	0.879502058029
5	1	1.11947703362
5	1	0.733287096024
5	0	1.0928030014
5	1	0.599843978882
5	1	0.839835882187
5	1	0.999492168427
5	1	0.946393966675
5	1	2.41235303879
6	1	0.639703035355
5	0	0.89275097847
6	1	0.572777986526
5	0	0.81302189827
6	1	0.666454792023
5	1	0.986178159714
5	0	2.51874113083
5	1	0.666543960571
6	1	1.1595249176
5	0	1.59903097153
6	1	0.612966775894
5	0	0.679909944534
6	1	0.866308927536
6	1	0.799494028091
5	0	1.07920479774
5	1	0.692817926407
6	1	2.21234798431
5	1	0.839550018311
5	1	0.906211853027
5	1	0.959806919098
6	1	3.74470901489
5	1	1.35899615288
6	1	1.90560793877
5	1	2.11902999878
5	1	0.932778120041
5	1	1.19945597649
6	1	0.986304044724
6	1	0.772779941559
5	1	0.692873954773
5	1	0.706292867661
6	1	0.65328502655
6	1	1.21278715134
6	1	0.613301992416
5	1	0.599937915802
6	1	0.639937877655
5	1	0.71950006485
6	1	0.67946100235
5	1	0.746211051941
5	1	0.693397045135
5	1	0.759526014328
5	1	0.666151046753
6	1	0.69287109375
6	1	0.719465017319
5	1	0.626734972
5	1	0.719725847244
6	1	0.62611913681
6	1	0.599447965622
5	1	0.546130895615
5	1	0.652755975723
6	1	0.559642076492
6	1	0.57337808609
5	1	0.639970779419
6	1	0.560024023056
5	1	0.573309898376
5	1	0.866157054901
6	1	0.54624915123
5	1	0.746114015579
6	1	0.773302078247
5	1	0.719516992569
5	1	1.25286602974
5	1	0.759541988373
6	1	0.692899942398
5	1	0.919565916061
6	1	0.799447059631
6	1	0.612926006317
5	1	0.692929029465
6	0	0.839424848557
6	1	0.759819030762
6	1	0.772921800613
5	1	0.572912931442
6	1	0.586213827133
6	1	1.63901805878
6	1	0.600056171417
5	1	0.626714944839
6	1	0.71946978569
5	1	0.852734804153
6	1	0.626199007034
5	0	0.693251132965
6	1	0.653414011002
5	1	1.05281305313
5	1	0.932861089706
5	1	0.57303404808
5	1	0.612890005112
6	1	0.586164951324
6	0	1.19954204559
5	1	0.839550971985
6	1	0.666145086288
5	1	0.639541149139
5	1	1.13286805153
5	1	0.666166067123
5	1	1.23896598816
5	0	0.77284693718
6	1	1.14563918114
6	1	0.812687158585
3	1	0.719893932343
3	0	1.5595240593
3	1	0.746187925339
3	1	0.719491004944
3	1	0.799419879913
3	1	0.6665558815
3	1	0.666642904282
3	0	0.612921953201
3	0	1.14615988731
3	1	1.69277191162
3	1	1.41274094582
3	1	2.81175613403
3	1	1.03946781158
3	1	0.999561071396
3	1	1.42563009262
3	1	2.82528495789
3	1	0.919808149338
3	1	0.812816143036
3	1	0.772760868073
3	1	2.14555096626
3	1	1.26628088951
3	1	0.652862071991
3	1	0.786150932312
3	1	0.612813949585
3	1	0.679784059525
3	1	1.02617001534
3	1	0.572830200195
3	1	0.692746162415
3	1	0.679774045944
3	1	0.653496980667
3	1	0.586600065231
3	1	0.57301402092
3	1	0.74613404274
3	0	0.679560184479
3	1	0.679600954056
3	1	1.3328640461
3	1	1.05262303352
3	0	1.17286205292
3	1	2.06562399864
3	1	1.19929695129
3	0	1.57235407829
3	1	0.839481115341
3	1	0.612818002701
3	1	0.826657056808
3	1	0.826180934906
3	1	0.77280497551
3	1	0.626289129257
3	1	1.27947402
3	1	0.839500904083
3	1	0.653427124023
3	1	0.866257190704
3	1	0.666101932526
3	1	0.652890920639
3	1	0.706697940826
3	0	1.4662129879
3	1	1.01293897629
3	1	1.31898903847
3	1	1.10619997978
3	1	0.75954079628
3	1	0.826222896576
3	1	0.692880868912
3	1	1.03951597214
3	0	0.919543027878
3	1	0.893167972565
3	1	4.14461994171
3	1	1.29284191132
3	1	1.31906485558
3	1	0.826040029526
3	1	1.83952283859
3	1	0.759480953217
3	1	0.63956284523
3	1	0.639522075653
3	1	0.853091955185
3	1	0.759526968002
3	0	1.93242692947
3	1	0.759865999222
3	1	0.746160984039
3	1	0.612821102142
3	0	0.799510955811
3	1	0.692955970764
3	1	0.86613202095
3	1	1.10621500015
3	1	0.773215055466
3	0	1.35954880714
3	1	0.799517154694
3	1	0.799523115158
3	1	0.839582204819
3	1	0.653241157532
3	1	3.41181182861
3	1	1.42615485191
3	1	0.78622508049
3	1	0.746078968048
3	1	1.33233308792
3	0	1.3192679882
3	1	1.06609320641
3	1	0.773344039917
3	1	1.43942713737
3	1	0.772796869278
3	1	0.706077098846
3	1	0.639448881149
3	1	1.66567087173
3	1	0.932843923569
3	1	0.892863035202
3	1	0.652920007706
3	1	0.8000228405
3	1	0.626127004623
3	1	1.69239211082
3	0	0.692833900452
3	1	0.812940835953
3	1	0.679917097092
3	1	0.679560899734
3	1	0.692981004715
3	1	0.639530181885
3	1	0.773108005524
3	1	0.626695156097
3	1	0.586319923401
3	1	0.599567890167
3	1	0.559494018555
3	1	0.666208982468
7	1	1.21280312538
7	1	1.01273989677
8	1	0.692800045013
8	1	0.666137933731
8	1	0.746742963791
8	1	0.986092090607
8	1	0.799415826797
7	1	0.746734142303
7	1	0.732805967331
8	1	0.732711076736
7	0	0.906112909317
7	1	0.759769916534
7	1	2.77180695534
7	0	2.5718100071
7	1	1.54556202888
7	1	0.679491996765
7	1	0.826630830765
8	1	1.59908795357
7	1	0.652916908264
8	1	0.666266918182
7	1	0.83948302269
7	1	0.626670122147
8	1	0.732804775238
7	1	0.572843074799
8	1	0.719456195831
7	1	0.626178979874
8	1	0.853250026703
8	1	1.61251211166
8	1	0.652760028839
8	1	2.51849102974
7	1	1.43903899193
8	1	0.839580059052
7	1	0.8931889534
7	0	4.11805105209
7	0	3.42509317398
8	1	0.746323108673
8	1	0.759776830673
8	1	0.732918024063
7	1	0.826163053513
8	1	0.826632022858
8	0	1.27948713303
8	1	0.679873943329
8	1	0.732846975327
7	1	1.21292614937
8	1	0.759429931641
7	0	1.5989677906
8	1	0.626045942307
8	1	0.612861156464
8	0	1.90579414368
8	1	1.03945398331
8	0	2.1318821907
8	1	1.86562013626
8	1	0.866245985031
8	1	3.10498285294
7	1	0.986163854599
8	1	1.85234498978
8	1	1.47893500328
8	1	0.932770967484
8	1	2.73227095604
8	1	3.61121201515
8	1	0.972810983658
7	1	1.41267204285
7	1	1.89234614372
8	0	3.06512618065
8	1	0.82615685463
7	1	2.21233797073
7	1	2.41217708588
8	0	1.02619409561
8	1	0.839426040649
7	0	1.25248384476
7	1	2.39897108078
8	1	1.21280813217
7	1	2.05230593681
7	1	1.13275313377
8	0	1.31947898865
8	1	0.773055076599
7	0	2.2123298645
7	1	0.706675052643
8	1	0.73296713829
8	1	1.39907813072
8	1	1.63893198967
7	1	0.86615395546
7	1	0.773303031921
8	1	1.13286089897
7	1	0.74636888504
7	1	0.759683847427
7	1	1.37276601791
7	1	0.866157054901
7	1	0.732836008072
7	1	1.11941289902
8	1	0.759552001953
8	1	0.892904996872
8	1	0.892966985703
7	1	1.30584979057
8	1	0.692790031433
8	1	0.959487915039
7	1	0.759949922562
8	1	0.839479923248
8	1	0.666038036346
8	1	0.919675111771
7	1	0.786094903946
8	1	0.732882022858
7	1	0.786212921143
7	1	0.786422014236
7	1	1.1061091423
7	0	0.666699886322
8	1	0.706345081329
7	1	0.732784032822
7	1	0.706118822098
7	1	2.3586370945
2	1	1.3589630127
2	1	1.05286502838
2	0	0.932862997055
2	0	5.37044095993
2	1	0.946261167526
2	1	0.82666015625
2	1	0.639722824097
2	0	0.839565992355
2	0	0.826190948486
2	1	0.68002986908
2	1	1.54623484612
2	0	2.01244497299
2	0	0.813004016876
2	1	1.51948404312
2	1	0.892822027206
2	1	0.71941781044
2	1	0.63952088356
2	1	0.919673919678
2	0	1.59897184372
2	1	0.759469985962
2	1	2.11874508858
2	1	0.759478092194
2	0	0.746136188507
2	0	1.15934491158
2	0	2.86516499519
2	1	1.46606612206
2	1	1.21279406548
2	1	0.799516916275
2	1	0.746628046036
2	1	0.732851028442
2	1	0.572886943817
2	1	0.612848043442
2	1	0.652835130692
2	1	0.679489850998
2	1	0.586561918259
2	1	0.879519939423
2	1	0.972782850266
2	1	0.58668589592
2	1	0.906184911728
2	1	0.666110992432
2	1	0.652842998505
2	0	0.626187801361
2	1	0.666666984558
2	1	0.639979124069
2	1	0.839595079422
2	1	0.612788915634
2	1	0.706013917923
2	1	1.57275891304
2	1	0.932888031006
2	1	0.759449005127
2	0	0.946180820465
2	1	0.546754837036
2	1	0.986181020737
2	1	0.826060771942
2	1	0.680123090744
2	1	0.679701089859
2	1	0.599503040314
2	1	0.652806997299
2	1	1.07945513725
2	1	1.81226611137
2	1	0.626219987869
2	1	0.652973175049
2	1	0.933180093765
2	1	0.719588041306
2	1	0.732913017273
2	1	1.82563591003
2	1	0.972936868668
2	1	0.839533090591
2	0	0.62672495842
2	1	2.3591029644
2	1	0.653388023376
2	1	0.826286792755
2	1	1.15958094597
2	1	1.27949404716
2	1	0.813150167465
2	1	0.812835931778
2	1	1.29265093803
2	0	0.612730979919
2	1	0.612818956375
2	1	0.746109962463
2	0	1.14581513405
2	1	0.692882061005
2	1	1.25235700607
2	1	0.972756147385
2	1	1.85285687447
2	0	0.79946398735
2	1	0.732729911804
2	1	0.732776880264
2	1	1.30616593361
2	0	2.65218496323
2	1	0.733314037323
2	1	2.11907196045
2	0	0.826554059982
2	1	0.772815942764
2	0	1.41236686707
2	1	1.41256999969
2	1	1.61223602295
2	0	1.50561213493
2	1	0.812785863876
2	1	0.719488143921
2	1	1.26614499092
2	1	0.946194887161
2	1	0.652844905853
2	1	0.61293387413
2	1	0.93288397789
2	0	1.03950405121
2	1	0.599435091019
2	1	0.866111040115
2	0	0.919605970383
2	1	0.559444904327
2	1	0.666258811951
2	1	0.639589071274
2	1	0.612879037857
2	1	2.25235915184
2	1	0.799614906311
2	1	0.946189880371
2	1	0.626142978668
2	1	0.612792015076
2	1	0.626147985458
4	1	1.09290099144
4	1	0.720071077347
4	1	0.919497966766
4	1	0.732914209366
4	1	0.933137178421
4	0	0.826150894165
4	1	0.786288022995
4	1	0.746601104736
4	0	0.692916154861
4	1	1.05277013779
4	1	0.71998000145
4	1	0.732828140259
4	1	0.759538888931
4	1	0.586202144623
4	1	0.732872009277
4	0	1.55948114395
4	1	0.786386966705
4	1	0.852891921997
4	1	0.732892036438
4	1	1.58619308472
4	1	0.759835004807
4	0	1.25294709206
4	1	0.62671995163
4	1	0.706145048141
4	1	0.612813949585
4	1	0.759526968002
4	1	0.63972401619
4	1	0.653270959854
4	1	0.706577062607
4	1	0.572842121124
4	1	0.573050022125
4	1	0.652751922607
4	1	0.532911062241
4	1	0.506217956543
4	1	0.626106023788
4	1	0.533123016357
4	1	0.506564855576
4	1	0.693506002426
4	1	0.653540849686
4	1	0.613003969193
4	1	0.692773103714
4	1	0.652769804001
4	0	0.639550924301
4	1	0.986112833023
4	1	0.799458026886
4	1	0.612894058228
4	1	0.613003969193
4	1	0.56001496315
4	1	0.879565954208
4	1	0.692734956741
4	1	1.09285593033
4	1	0.719540834427
4	0	2.58518600464
4	1	1.33258104324
4	1	0.812815904617
4	1	0.586151838303
4	1	0.7461810112
4	1	0.626617908478
4	1	0.613003969193
4	1	0.73273897171
4	1	1.11973190308
4	1	0.586632013321
4	0	0.692729949951
4	1	0.679512023926
4	1	0.706187963486
4	1	0.932857036591
4	0	0.613074064255
4	1	0.932912111282
4	1	0.612998008728
4	1	0.66669511795
4	1	0.559997081757
4	1	1.15954494476
4	1	0.693121194839
4	1	0.773087978363
4	0	0.586156845093
4	0	1.61233186722
4	1	0.759583950043
4	1	0.706443071365
4	1	0.679995059967
4	1	0.546720027924
4	0	0.506645917892
4	1	0.652898788452
4	1	0.612953901291
4	1	0.79949593544
4	0	1.65265202522
4	1	0.586706161499
4	0	1.34624814987
4	1	0.613281011581
4	0	0.932723045349
4	1	1.06616401672
4	0	0.653250932693
4	1	0.639472961426
4	1	0.746181964874
4	1	0.706202030182
4	1	0.759812831879
4	1	0.746356964111
4	1	0.706137895584
4	1	0.626121997833
4	1	0.599450111389
4	1	0.54638504982
4	1	0.653346061707
4	1	0.559984207153
4	0	0.573256015778
4	1	0.519954919815
4	1	0.613164901733
4	1	0.679489850998
4	1	0.786278009415
4	1	0.639753818512
4	1	0.693344831467
4	1	0.719514131546
4	1	0.826021909714
4	1	0.772863149643
4	1	1.11947822571
4	1	0.732823848724
4	1	1.07940292358
4	1	0.759443044662
4	1	0.812824010849
4	0	0.72002196312
4	1	0.86612701416
4	0	1.78568291664
4	1	1.5195350647
4	1	1.95903611183
4	1	1.07959699631
4	1	0.986238002777
4	1	0.77276802063
4	1	0.70597410202
4	1	0.693260908127
4	1	0.999527931213
4	1	0.919526815414
7	1	0.601681947708
7	1	0.763287067413
8	1	0.70689702034
8	1	0.674874067307
7	0	1.07363796234
8	1	0.746958971024
7	1	1.9362449646
8	1	0.569921970367
8	1	1.93932199478
7	0	1.62674498558
7	1	0.602033138275
8	1	0.482033014297
7	1	0.482409954071
8	0	2.03526711464
7	1	0.619048118591
8	0	0.529563903809
8	1	0.546799182892
8	1	0.4668841362
7	1	0.908010959625
8	1	0.56377696991
8	1	0.863450050354
8	1	0.611495018005
7	1	0.728612184525
8	1	0.802528142929
8	1	1.03628897667
8	0	1.21640992165
7	1	0.58088183403
8	1	0.576581954956
7	0	1.53832292557
7	1	0.658535957336
7	1	0.836493015289
7	1	1.04144287109
8	1	0.600511074066
8	1	0.588051080704
7	1	0.604228019714
7	1	0.504822969437
8	1	0.643487930298
7	0	1.56225919724
8	1	0.593230009079
7	1	0.580482006073
8	1	0.586489915848
8	1	0.554152965546
7	0	1.14630508423
8	0	2.42498493195
7	1	1.68483614922
7	1	0.626894950867
8	1	0.943827867508
7	0	1.72270989418
7	0	4.2644841671
7	1	3.74702191353
8	1	0.666434049606
8	0	0.93048119545
8	1	0.761376857758
8	0	3.55347895622
7	0	0.962373018265
8	1	0.84446310997
7	0	2.03351688385
8	0	1.13620400429
8	1	0.634389877319
7	1	0.841705083847
8	1	1.38849806786
7	0	0.631291151047
8	1	0.682999849319
8	1	0.714260101318
7	0	1.21242785454
8	1	3.25883507729
8	1	1.12910294533
8	1	0.793026924133
8	1	0.930512905121
8	1	1.01942181587
7	1	1.76123189926
7	0	0.802721977234
8	1	1.55332303047
7	1	2.65064883232
8	1	0.683227062225
7	0	1.15241312981
8	1	0.796882867813
8	1	0.553218126297
8	1	1.2171330452
8	1	1.06144618988
7	1	1.73578500748
7	0	0.891993999481
8	0	1.85704803467
8	1	0.707656860352
7	1	1.04126811028
8	1	0.625725984573
8	0	0.780646085739
7	1	1.42446303368
7	1	0.674954891205
7	0	1.58629393578
7	1	0.713943004608
7	1	0.780018091202
7	1	1.08846306801
8	1	0.707988023758
7	1	1.0105650425
7	1	0.865813970566
7	0	1.03329706192
7	1	0.651047945023
7	1	1.22603797913
7	1	1.00316786766
7	1	1.40988397598
8	1	0.592547178268
7	1	1.72406196594
8	1	0.572480916977
8	1	0.690454959869
8	1	0.595052957535
7	0	1.95144796371
7	1	1.46767401695
7	1	3.42448401451
8	1	1.79347991943
7	1	0.858919143677
8	0	0.948243141174
7	1	1.47385692596
8	0	0.786832094193
6	1	0.611601829529
6	1	0.546046972275
6	1	0.591758012772
5	1	0.525084972382
6	1	0.592185974121
6	1	0.962342023849
6	1	0.71563410759
6	1	0.731099843979
5	1	0.618525028229
6	1	1.7141430378
5	0	2.65015888214
5	1	0.572324991226
5	1	2.09782004356
5	1	0.609781980515
5	1	1.78812789917
5	1	0.874045133591
6	1	1.06680607796
5	0	0.596712112427
6	1	2.08084416389
5	1	0.642732858658
5	1	0.588768959045
5	1	0.690936088562
5	1	0.730673074722
6	1	2.01848387718
5	1	2.28370809555
6	1	1.31309485435
6	1	5.74514389038
6	1	1.13789701462
6	0	0.802765130997
5	1	1.84464597702
6	0	0.769680976868
6	0	0.665337085724
5	1	1.57746601105
5	0	0.874315977097
5	1	1.56243515015
5	1	1.7798640728
5	1	2.24255800247
5	0	2.94534492493
6	1	1.1549179554
5	1	0.745483875275
6	1	0.59751200676
6	1	0.840080976486
6	1	0.595374107361
6	1	0.627731084824
6	1	0.682116985321
5	1	1.15185403824
6	1	0.779378890991
6	1	0.676313877106
5	1	0.506520032883
5	0	1.63161110878
5	0	1.09174990654
5	1	0.672343015671
6	1	0.658383846283
6	1	1.16214895248
5	1	1.89892196655
6	1	0.571086883545
6	1	0.84446811676
5	0	1.11330008507
6	1	0.556064844131
5	0	2.04333615303
6	1	0.585162878036
6	1	0.771034955978
5	1	1.21142601967
5	1	1.01004505157
6	1	1.1456990242
6	1	0.685123920441
5	1	0.536857843399
6	1	0.634672164917
5	1	0.641302108765
5	1	0.779263973236
5	1	0.763706922531
5	0	1.31648898125
5	1	1.14681696892
6	1	3.22381806374
6	1	0.794820785522
5	1	0.69074010849
5	1	1.85869479179
6	1	0.751776218414
5	1	1.13300609589
6	1	1.2495470047
5	1	0.722983837128
6	1	0.715054035187
6	0	0.80295085907
6	1	0.94574379921
6	1	0.650094032288
6	0	3.49057388306
5	1	2.57156395912
6	1	1.01705408096
5	1	1.47377705574
5	0	2.71466398239
6	0	1.29127192497
6	1	0.690289020538
5	0	1.24327111244
5	0	4.73844385147
5	1	0.778934001923
5	0	2.09009194374
6	1	0.753566026688
6	1	0.657204151154
5	1	0.748002052307
5	1	0.849860191345
6	1	0.666028022766
6	1	0.611623048782
6	0	1.68197607994
5	1	0.867863893509
5	1	1.25720000267
5	1	0.497978925705
6	1	0.561429977417
6	0	1.38620305061
5	1	0.770977020264
5	1	0.916181087494
6	1	1.56181812286
2	0	1.21820902824
2	0	1.17125487328
2	0	0.940926074982
2	1	1.0175151825
2	0	0.81795501709
2	1	0.682676792145
2	1	0.568793058395
2	1	0.618772983551
2	0	1.03492116928
2	1	0.594449996948
2	1	0.545840024948
2	1	0.610092878342
2	0	0.913902997971
2	1	0.667937040329
2	1	0.499470949173
2	1	0.618850946426
2	1	0.843171834946
2	0	1.22484207153
2	1	1.08414697647
2	1	0.706015110016
2	1	3.97882795334
2	1	0.76904296875
2	1	1.43452000618
2	1	2.80415391922
2	1	0.911512851715
2	1	0.675554037094
2	1	0.603829860687
2	1	0.484243154526
2	1	0.60257101059
2	1	0.575920820236
2	1	1.05098295212
2	1	0.513653039932
2	1	0.500341176987
2	0	1.44868683815
2	1	0.584784984589
2	1	1.72308397293
2	1	1.62616586685
2	0	5.14517784119
2	1	0.840862989426
2	1	0.979593992233
2	1	0.761501073837
2	1	1.26560807228
2	0	1.17995095253
2	1	2.22518897057
2	0	1.40323805809
2	1	0.921566009521
2	1	1.54772496223
2	1	1.97744011879
2	1	0.616674900055
2	1	0.504693031311
2	1	4.44196796417
2	1	0.635949134827
2	0	0.857363939285
2	0	0.89625787735
2	0	0.706941127777
2	1	1.21093297005
2	1	1.99448990822
2	1	1.90551781654
2	1	0.71475315094
2	1	0.601521015167
2	1	4.8180680275
2	1	0.872373819351
2	1	0.652684926987
2	1	1.14594101906
2	1	0.777908086777
2	1	0.553740024567
2	1	0.474262952805
2	1	0.555133104324
2	1	0.593463897705
2	1	0.851838111877
2	1	0.562424898148
2	0	0.906849145889
2	1	0.507885932922
2	1	1.71554589272
2	1	1.82547497749
2	1	0.722012996674
2	1	0.538929224014
2	0	2.67408323288
2	1	0.90107011795
2	0	1.50353884697
2	1	1.31537604332
2	0	1.08189082146
2	1	1.19640994072
2	0	1.79193592072
2	1	0.642080068588
2	1	0.849092960358
2	1	0.603340864182
2	1	0.852806091309
2	1	0.833389043808
2	0	1.01884508133
2	1	0.627637147903
2	1	0.641293048859
2	1	0.682687997818
2	1	0.499311208725
2	1	0.684236049652
2	1	1.93757200241
2	1	0.809792995453
2	1	3.87411093712
2	0	0.600907087326
2	0	0.929835796356
2	1	0.683109998703
2	1	0.381757974625
2	1	0.823997020721
2	0	1.25189399719
2	0	0.711581945419
2	1	0.596728086472
2	1	0.529114961624
2	1	1.00478410721
2	1	0.664031982422
2	1	1.29006814957
2	0	0.668465137482
2	1	0.682193040848
2	1	0.626991987228
2	1	0.601613998413
2	0	0.651268959045
8	1	1.15402507782
7	0	0.650950908661
7	1	0.602625131607
7	1	0.796389102936
8	1	0.912889957428
8	0	1.26717495918
7	1	1.40932512283
7	1	0.641976833344
7	1	0.579930067062
8	1	1.24297094345
7	1	0.815723896027
8	1	0.763324022293
8	1	0.802299022675
7	1	0.772359132767
8	1	0.697804927826
7	1	0.665235996246
8	1	0.723562955856
7	1	0.772412061691
7	1	0.609830141068
8	1	0.578161001205
8	1	0.557466030121
8	1	0.777769088745
7	1	0.667403936386
7	1	0.455726861954
8	1	0.955120801926
8	1	0.644044876099
7	1	0.704962968826
8	1	0.60369515419
8	1	0.672508001328
7	1	0.634971141815
7	1	0.377845048904
7	1	0.556936979294
7	1	0.289834976196
7	1	0.618245840073
7	1	2.0169980526
7	1	0.579473018646
7	1	0.587745904922
8	1	0.610586166382
7	0	1.31244707108
8	0	0.844440937042
8	1	0.679637908936
7	1	0.674999952316
7	1	0.474801063538
7	1	2.30312108994
8	1	0.756214857101
8	0	0.643266916275
7	1	0.617801904678
7	1	0.794255018234
8	1	1.06558895111
8	0	0.923869132996
7	1	1.38582110405
7	1	0.77274107933
7	1	0.784797906876
7	0	1.67543196678
7	0	2.73168587685
8	0	1.6175558567
7	0	2.7692220211
7	1	3.03426909447
7	0	1.64081192017
8	1	0.972985982895
7	1	2.66338706017
7	1	0.603461027145
8	1	0.602663993835
7	1	0.426923036575
7	1	0.579123973846
8	0	0.593849182129
7	0	0.827050924301
8	1	0.619074106216
7	1	0.689249038696
8	0	0.731534004211
8	0	1.37835717201
8	0	2.06625795364
8	1	1.24069309235
8	0	2.32334804535
8	1	2.00880789757
7	0	0.893254995346
8	0	0.68917798996
7	1	1.64212608337
8	1	0.644505023956
8	1	0.865217208862
7	0	0.659013032913
7	0	1.21258711815
7	1	0.585335016251
8	0	0.843709945679
8	1	0.92192697525
7	1	0.736603975296
8	1	5.5995798111
7	0	2.00224685669
8	1	1.58888506889
7	1	0.794501066208
8	1	1.39225196838
7	1	1.15461802483
8	1	0.94763302803
7	1	0.752987861633
8	0	0.715895175934
8	0	2.99133300781
8	1	1.03556489944
8	1	0.872480154037
7	0	0.883496046066
7	0	0.994630813599
8	1	1.07622313499
7	1	3.28030204773
7	1	1.52581000328
8	1	2.64841389656
7	0	1.20160102844
7	1	0.650110006332
8	1	2.11388707161
7	0	1.61082911491
7	1	1.05902004242
8	1	0.89873790741
8	1	0.577149152756
8	1	0.666320085526
4	1	0.62762093544
4	1	1.08444690704
4	1	0.545586109161
4	1	0.545886993408
4	1	0.603902101517
4	1	0.577736139297
4	0	1.00261998177
4	1	1.06734418869
4	1	0.802380084991
4	1	0.50643992424
4	0	1.35476589203
4	1	0.196348905563
4	0	0.408822059631
4	0	0.627467870712
4	1	0.923763036728
4	1	0.505169153214
4	1	0.587329149246
4	1	0.633865118027
4	1	0.555985927582
4	1	0.457442998886
4	1	0.732100963593
4	0	1.80956196785
4	1	1.44105792046
4	1	0.652133226395
4	1	1.08081102371
4	1	0.972086906433
4	1	2.36825895309
4	1	0.841359853745
4	1	0.666235923767
4	1	3.12883996964
4	1	1.41177392006
4	1	0.936731100082
4	1	0.596650123596
4	1	0.714509963989
4	1	0.881402015686
4	0	0.930412054062
4	0	0.634418010712
4	0	1.33833408356
4	0	0.64871096611
4	1	1.66754388809
4	1	0.698547124863
4	1	1.02580308914
4	0	0.77003288269
4	1	1.72188305855
4	1	1.35454106331
4	1	2.0362098217
4	1	3.46499109268
4	1	1.19447112083
4	1	0.961791992188
4	1	1.9637389183
4	1	0.705075979233
4	1	0.563297986984
4	0	0.570555925369
4	1	0.547528028488
4	1	0.570001125336
4	1	0.499788999557
4	1	0.7781291008
4	1	0.51294708252
4	0	0.650539875031
4	1	1.04201698303
4	1	2.26787996292
4	1	1.11430692673
4	1	1.89637708664
4	1	0.729470014572
4	1	3.5704100132
4	1	0.832853078842
4	0	2.74035286903
4	1	1.2005879879
4	0	0.788054943085
4	0	1.67147088051
4	1	2.96190285683
4	1	0.610195159912
4	1	4.20183801651
4	1	0.906954050064
4	1	1.00931286812
4	0	2.93945598602
4	1	0.897207975388
4	1	0.901486873627
4	1	0.720299005508
4	0	0.985179901123
4	1	1.1879389286
4	1	0.905139923096
4	1	0.819041013718
4	1	0.650289058685
4	1	0.739571094513
4	1	0.805170059204
4	0	1.00073885918
4	1	0.850864887238
4	1	0.637809038162
4	1	1.08858203888
4	1	0.674465894699
4	1	3.58466291428
4	1	1.16965103149
4	1	1.04122900963
4	0	2.24305295944
4	0	2.87479901314
4	1	0.664885044098
4	0	1.46796798706
4	1	1.7834789753
4	1	2.37186193466
4	1	1.24295806885
4	1	1.04900383949
4	0	1.91392207146
4	1	1.17221903801
4	0	1.81872701645
4	1	0.673352956772
4	1	0.579040050507
4	1	0.86026096344
4	1	1.54445004463
4	1	4.00208997726
1	1	1.21917414665
1	1	0.676367998123
1	1	1.54399299622
1	1	0.579146146774
1	1	0.540989875793
1	1	0.67250418663
1	1	0.698673009872
1	0	1.47683095932
1	1	0.579090118408
1	1	2.26466584206
1	1	1.17055702209
1	1	1.21962499619
1	1	2.41565704346
1	1	1.0422232151
1	1	0.580549001694
1	1	1.34667992592
1	1	0.682583093643
1	1	1.88232183456
1	1	0.833925008774
1	1	0.618496894836
1	1	0.629607915878
1	1	0.298389911652
1	0	0.402090072632
1	1	0.635135889053
1	0	0.832144975662
1	1	0.636288166046
1	1	0.626181125641
1	1	0.578767061234
1	1	0.617803096771
1	1	0.690443992615
1	0	0.483588218689
1	1	0.633215904236
1	1	0.521620035172
1	1	0.539608955383
1	1	0.95498585701
1	1	1.0174510479
1	1	0.637190103531
1	1	0.777676105499
1	0	0.611319065094
1	1	0.80908703804
1	0	0.732810020447
1	1	0.610627889633
1	1	4.18133211136
1	1	0.749587059021
1	1	0.736037969589
1	1	0.872862815857
1	0	0.938243865967
1	0	0.667094945908
1	1	1.09948205948
1	0	0.776727199554
1	1	5.42734503746
1	1	0.768967151642
1	0	1.35580015182
1	0	1.35343694687
1	1	1.45019578934
1	1	0.68159198761
1	0	1.75932502747
1	0	1.63484883308
1	1	2.72988390923
1	1	0.644597053528
1	1	1.68896508217
1	1	0.57245516777
1	1	0.523434877396
1	1	0.626197814941
1	1	0.544492959976
1	1	0.580051898956
1	0	0.952820062637
1	1	0.835438013077
1	0	1.4005382061
1	1	1.29164195061
1	1	0.545688867569
1	1	0.594810962677
1	1	0.594445943832
1	0	0.67174077034
1	1	0.69075012207
1	1	0.697824001312
1	0	1.29185605049
1	1	1.55564403534
1	1	0.666642904282
1	1	3.24996113777
1	1	0.60037612915
1	0	0.619168043137
1	1	0.868380069733
1	0	1.08886218071
1	0	2.21214485168
1	0	7.31072211266
1	1	0.761893987656
1	1	1.23523187637
1	1	0.601081848145
1	1	4.6583070755
1	0	1.2751159668
1	1	0.835727214813
1	1	0.737422943115
1	1	0.817809104919
1	1	1.22523379326
1	0	0.827327013016
1	1	1.69932198524
1	1	1.96798396111
1	1	2.66624283791
1	1	2.27546596527
1	1	2.29816699028
1	1	0.820639133453
1	1	1.61824178696
1	1	1.40135502815
1	0	1.00230908394
1	0	2.17133998871
1	0	1.99381303787
1	1	2.26616287231
1	1	0.706434011459
1	1	0.691767930984
3	1	0.644277095795
3	1	0.650372982025
3	1	0.778472185135
3	1	0.626864910126
3	1	1.24125099182
3	1	1.5557320118
3	1	0.706001996994
3	1	0.643330097198
3	0	0.970911026001
3	1	0.90732717514
3	1	0.651012897491
3	1	0.569509029388
3	1	0.765156030655
3	1	0.584575891495
3	1	0.738361120224
3	1	1.30626702309
3	1	0.644580125809
3	0	0.729549884796
3	1	0.563064098358
3	1	0.715079069138
3	1	0.818013906479
3	1	0.633183002472
3	1	0.61150097847
3	1	0.650851011276
3	1	0.802290916443
3	1	0.57909488678
3	0	1.49858689308
3	1	0.548980951309
3	1	0.623724937439
3	1	0.738986968994
3	1	0.682009935379
3	0	2.35411596298
3	0	0.762557029724
3	1	0.59490609169
3	1	0.443410873413
3	0	0.48073387146
3	1	0.332273960114
3	1	0.427742958069
3	0	2.71217012405
3	1	0.642992019653
3	1	0.667798995972
3	1	0.625855922699
3	1	0.650426864624
3	1	0.714977025986
3	1	0.82723903656
3	0	0.748571872711
3	1	0.919690847397
3	1	0.723896980286
3	1	0.807196855545
3	1	1.469217062
3	1	0.720152139664
3	1	0.754473924637
3	1	0.801405906677
3	1	0.946709156036
3	0	0.738793134689
3	1	3.63316202164
3	0	1.4916009903
3	1	0.833264112473
3	1	0.914146184921
3	1	0.741230964661
3	1	0.9781229496
3	1	0.705924987793
3	0	0.652011156082
3	0	1.28105115891
3	1	0.643927097321
3	1	0.618312120438
3	1	0.611033916473
3	0	1.54669690132
3	1	0.817196130753
3	1	0.617809057236
3	1	0.650012016296
3	1	0.617762088776
3	1	1.38076877594
3	1	0.659726858139
3	1	0.600404977798
3	1	0.514377117157
3	0	0.747822999954
3	1	0.643089056015
3	1	0.620078802109
3	0	0.60055398941
3	1	0.349148035049
3	0	3.14374995232
3	0	0.410250902176
3	1	0.562237977982
3	0	1.27512311935
3	1	0.571696043015
3	1	0.456983089447
3	1	0.761516809464
3	1	0.578629016876
3	1	0.564304828644
3	1	2.99990701675
3	1	0.938789844513
3	1	0.602818012238
3	1	0.916764974594
3	1	0.649104833603
3	1	0.625777959824
3	1	0.786399841309
3	1	1.06695604324
3	1	3.97836589813
3	1	0.95352602005
3	1	0.754822969437
3	1	0.689749956131
3	1	0.554477214813
3	0	1.15991306305
3	1	1.31603908539
3	1	1.01077890396
3	1	1.12435603142
3	0	0.506177902222
3	0	0.882307052612
3	1	0.642304897308
3	1	0.611473083496
3	1	0.552841901779
3	1	1.30740904808
3	1	0.755522012711
3	1	2.9924929142
3	1	1.53221702576
3	1	1.97069716454
3	1	3.46423411369
3	1	0.778287172318
3	1	0.628359079361
3	1	1.28312015533
3	1	0.785763978958
5	1	0.517390012741
6	1	0.809056997299
6	1	0.458729028702
5	1	0.531037092209
5	1	0.546666145325
5	1	0.498757839203
5	1	0.474498987198
6	1	0.693451166153
6	1	0.538682937622
5	1	0.762961864471
5	1	1.87149906158
5	1	1.11549210548
5	0	1.12081599236
5	1	0.579405069351
6	0	2.97687196732
6	1	0.554698944092
6	1	3.04320001602
6	1	0.984881162643
5	1	0.635831832886
5	1	0.761608123779
5	1	0.754295110703
6	0	0.92119884491
5	1	0.65950512886
5	0	1.38582015038
6	1	0.544859170914
6	1	0.563174009323
6	1	2.79264497757
5	1	0.54607796669
6	1	0.49924993515
5	1	0.98769903183
6	0	0.953758955002
5	0	1.01860690117
5	1	0.762176036835
5	1	0.610717058182
6	1	0.580953121185
5	1	0.681780099869
5	1	0.666578054428
5	0	0.450898170471
6	0	0.551977872849
6	1	0.628649950027
5	1	0.618788957596
6	1	0.697174072266
6	1	6.74394798279
6	1	0.691020965576
5	1	2.30667185783
5	1	1.36082196236
5	1	0.619311094284
6	1	1.02528595924
6	1	1.67356610298
5	1	0.579925775528
6	1	0.896516084671
6	1	1.05791091919
6	1	1.06041812897
5	1	0.658010959625
6	1	0.832925081253
6	1	1.22483706474
5	0	2.57835888863
6	1	0.699667930603
6	1	1.37771201134
5	0	1.31404709816
6	1	0.554681062698
6	1	0.568840026855
5	0	1.11678195
5	1	0.586123228073
5	1	0.87370300293
6	1	0.50648188591
5	0	0.810399055481
6	1	1.24206519127
5	1	1.14774107933
6	0	2.33631110191
5	0	3.06582999229
5	1	0.58630490303
5	1	1.33743000031
5	0	1.40323281288
6	1	0.707376003265
5	1	2.03445291519
5	1	2.37040495872
6	1	1.01931786537
6	1	2.70410203934
6	0	2.40474200249
5	1	0.528712034225
5	0	0.841189146042
6	0	0.604234933853
6	1	0.49799489975
5	1	0.48991894722
6	1	0.492228984833
6	1	0.67382979393
6	1	0.499555110931
5	0	1.28132295609
6	1	1.25865316391
5	0	0.953174114227
6	1	0.57782793045
6	1	0.634590148926
5	1	0.612534046173
6	1	0.713546991348
6	1	0.402884960175
6	0	0.770084142685
5	1	0.610575914383
6	1	1.29170823097
6	1	0.649842023849
6	1	0.665458917618
5	1	0.837186813354
6	0	1.85686516762
5	1	1.27566599846
6	1	0.749136924744
6	1	0.880984067917
5	1	0.660918951035
6	1	0.834707975388
5	0	0.872870922089
6	1	0.707952976227
5	0	1.39257311821
5	0	3.01135182381
5	1	5.0811522007
6	0	1.98052692413
1	1	0.746411085129
1	1	0.666460990906
1	1	0.533178091049
1	1	0.586589097977
1	1	0.479831933975
1	1	0.493176937103
1	1	0.439838886261
1	1	0.4282310009
1	1	0.439839839935
1	1	0.346550941467
1	1	0.346544027328
1	1	0.519819974899
1	1	0.493119001389
1	1	0.386551141739
1	1	0.546456098557
1	1	0.493132829666
1	1	0.426424980164
1	1	0.546539068222
1	1	0.546440124512
1	1	0.813024997711
1	1	0.759770870209
1	1	0.479907989502
1	1	1.90600991249
1	1	0.439882040024
1	1	0.388211011887
1	1	0.626476049423
1	1	0.533133983612
1	1	0.506379127502
1	1	0.479754209518
1	1	0.652987957001
1	1	0.613173007965
1	1	0.65494799614
1	1	0.479737997055
1	1	0.454833984375
1	1	0.439835071564
1	1	1.02637004852
1	1	0.453248977661
1	1	0.706414937973
1	1	0.879730939865
1	1	0.533148050308
1	1	0.453145980835
1	1	0.519790887833
1	1	0.586540222168
1	1	0.47984790802
1	1	0.573153018951
1	1	0.533132076263
1	1	0.586497068405
1	1	0.453172922134
1	1	0.386527061462
1	1	0.533190011978
1	1	0.386482000351
1	1	0.559752941132
1	1	0.4798579216
1	1	0.35986995697
1	1	2.19918704033
1	1	0.373167991638
1	1	0.506454944611
1	1	0.57316493988
1	1	0.613126039505
1	1	0.479845046997
1	1	0.55987405777
1	1	0.468148946762
1	1	0.399900913239
1	1	0.506515979767
1	1	1.44116687775
1	1	0.479789972305
1	1	0.506524801254
1	0	1.24127101898
1	1	0.519837141037
1	1	0.653085947037
1	1	0.534853935242
1	1	1.66606998444
1	0	1.37280988693
1	1	1.23957300186
1	0	2.38747191429
1	1	1.23964095116
1	1	0.599835157394
1	1	0.788083076477
1	1	0.519762039185
1	1	0.959758996964
1	1	3.42718505859
1	1	0.519854068756
1	1	0.493187904358
1	1	0.494866132736
1	1	0.719780921936
1	1	0.559844970703
1	0	0.972981929779
1	1	1.53283405304
1	1	0.453132867813
1	1	0.533066034317
1	1	0.653136014938
1	1	0.493134975433
1	1	0.906312942505
1	1	0.468177080154
1	1	0.559861183167
1	1	1.86598610878
1	1	0.481543064117
1	1	0.493098974228
1	1	0.44156908989
1	1	0.85302901268
1	1	0.613131999969
1	1	0.426503896713
1	1	1.26845693588
1	1	0.439898967743
1	1	0.919696807861
1	1	1.46614003181
1	1	0.466459035873
1	1	0.586566925049
1	1	0.666423082352
1	1	0.586416006088
1	1	0.733045816422
1	1	0.519768953323
1	1	0.933017015457
1	1	0.319882154465
1	1	0.959666967392
1	1	3.89198994637
1	1	0.626509189606
1	1	0.439993143082
1	1	0.559752941132
1	1	0.573147058487
1	0	1.13296890259
1	1	1.14636611938
1	1	0.573101043701
1	1	0.84139585495
1	1	1.27954983711
1	0	1.31956410408
1	0	1.66605186462
1	0	1.00127196312
1	1	0.693159818649
1	1	1.11961102486
1	1	0.679702997208
1	1	0.573147058487
4	1	0.59987783432
4	1	0.46660900116
4	1	0.533197879791
4	1	0.639770030975
4	1	0.639800071716
4	1	1.09305596352
4	0	0.879737854004
4	1	0.50657916069
4	1	0.63978099823
4	1	0.653114795685
4	1	0.519835948944
4	1	0.693086862564
4	1	0.533130168915
4	1	0.533170938492
4	1	0.519868135452
4	1	0.626534223557
4	1	0.546442985535
4	1	0.639785051346
4	1	0.506556034088
4	1	0.628228902817
4	0	0.879592895508
4	0	1.75939297676
4	0	2.79909205437
4	1	1.19952082634
4	1	3.74535012245
4	0	2.65233898163
4	1	1.08128809929
4	1	0.813016891479
4	1	0.573078870773
4	1	0.546397924423
4	1	0.573143005371
4	0	0.493131160736
4	1	0.506509065628
4	1	0.521637916565
4	1	0.493189096451
4	1	0.759843826294
4	1	0.453095912933
4	1	1.73442101479
4	1	0.639759063721
4	0	0.63977599144
4	1	1.45286393166
4	0	0.573129892349
4	1	0.559689998627
4	1	0.599817037582
4	1	0.946238994598
4	1	1.1729118824
4	1	1.67943310738
4	1	0.69301700592
4	1	2.01434803009
4	1	2.62571811676
4	0	0.893017053604
4	0	1.49281382561
4	1	1.63942790031
4	1	0.668220043182
4	0	0.653136968613
4	1	2.10597419739
4	0	1.65277981758
4	1	1.07967305183
4	1	0.708067893982
4	1	0.51985001564
4	1	0.493108987808
4	1	2.25420713425
4	1	0.599882125854
4	1	0.506570100784
4	1	0.639745950699
4	1	0.746447086334
4	1	0.81302022934
4	0	1.51943397522
4	1	0.626489877701
4	1	1.11958408356
4	1	0.613097190857
4	0	0.519815206528
4	1	1.9859790802
4	1	0.613118171692
4	0	0.386533975601
4	1	0.586452007294
4	1	0.559811830521
4	1	1.19960784912
4	1	0.708204030991
4	0	0.759794950485
4	0	1.29293298721
4	1	0.626497030258
4	1	1.06632208824
4	1	0.439790010452
4	0	0.439862966537
4	1	2.18590593338
4	1	0.559754133224
4	1	2.74736189842
4	1	0.559823036194
4	1	2.1992020607
4	1	1.07966089249
4	0	0.586542129517
4	1	1.61436915398
4	1	0.333287000656
4	1	0.772961139679
4	1	0.561537027359
4	1	0.586436033249
4	0	0.519767045975
4	1	0.972911834717
4	1	1.62619400024
4	1	0.546541929245
4	0	0.479794979095
4	1	1.03973889351
4	1	0.586472034454
4	1	0.319964885712
4	0	0.426502943039
4	1	0.773093938828
4	1	0.839720964432
4	1	0.373106002808
4	1	0.46651506424
4	0	0.653068065643
4	0	1.59940004349
4	1	0.506416082382
4	1	0.559738874435
4	1	1.19953203201
4	1	0.893042087555
4	0	0.733072042465
4	0	1.13286614418
4	1	0.53311085701
4	1	0.493121147156
4	1	0.639832019806
4	1	0.694862127304
4	0	0.506503105164
6	1	0.546403884888
5	1	0.426470041275
5	1	0.613116025925
5	1	0.533148050308
6	0	0.506497859955
6	1	0.626403808594
5	1	0.533148050308
5	1	0.41325879097
5	0	0.399748086929
6	0	0.693114042282
6	1	0.559767007828
5	1	0.479885101318
5	0	0.721527814865
5	1	0.573127031326
5	0	0.439877033234
5	1	0.559828042984
5	1	0.508193016052
5	0	0.733129024506
6	1	0.586427927017
5	0	1.06628704071
5	1	0.559751987457
5	1	0.573179960251
5	1	0.494863986969
5	1	2.89234399796
6	0	4.39841294289
6	1	0.413206100464
6	0	0.453194141388
5	1	0.879726886749
5	0	0.533133983612
5	0	0.90637087822
6	1	2.23925900459
5	1	0.973060846329
6	1	1.06795811653
6	1	0.519841909409
6	1	2.57424497604
6	1	0.986272096634
6	0	0.71971988678
5	1	2.23924612999
5	1	3.90528512001
5	1	0.69310593605
6	1	0.799734115601
6	1	0.668251991272
6	1	2.01253604889
6	1	1.14631390572
6	0	0.892948150635
6	1	0.586567878723
5	1	0.706465005875
6	1	0.773100137711
5	1	0.533091068268
6	1	0.693023920059
5	0	0.574871063232
6	1	0.866389036179
6	1	0.693089008331
5	1	0.82813501358
5	1	0.534859895706
6	1	0.559792041779
5	1	0.586486101151
6	1	0.773078203201
5	0	0.693101882935
6	0	1.73281502724
5	1	2.05261397362
6	0	0.694737195969
5	1	0.946389913559
6	0	1.02633404732
6	1	0.479791879654
5	1	0.546489953995
6	1	1.94599485397
5	1	1.30629706383
5	1	1.90595602989
6	1	2.26592588425
6	0	3.75868105888
5	1	0.653089046478
6	0	1.1063439846
6	0	1.22792983055
6	1	0.45490694046
5	1	0.759691953659
6	1	0.573135137558
6	1	4.29188799858
5	1	0.839823961258
6	1	1.86597204208
5	1	0.933098077774
6	1	7.79730319977
5	1	0.453159093857
5	1	0.519813776016
6	1	0.559823989868
5	1	0.466502904892
6	1	0.453170061111
6	1	0.399908065796
6	0	0.373247861862
5	0	0.613097906113
6	1	0.559741020203
5	0	1.49284601212
5	1	0.508200883865
5	1	0.439832925797
5	1	0.573051214218
6	0	0.466444015503
5	1	0.706327199936
6	1	1.81448698044
6	1	1.29292988777
6	1	0.479809999466
5	1	0.586484909058
6	1	1.66609811783
6	1	0.719775915146
5	1	0.548191070557
5	1	0.494858026505
6	0	1.51947116852
6	0	2.1726398468
5	1	0.89306807518
6	1	0.493129014969
5	1	0.439899921417
6	1	0.759701013565
6	0	0.546418190002
5	1	1.26620721817
6	0	1.71943020821
6	0	1.38786792755
5	0	1.49456906319
6	1	1.10627508163
2	1	1.67934894562
2	1	0.706495046616
2	1	1.10807299614
2	0	2.51913189888
2	0	0.95960187912
2	0	0.613080024719
2	1	1.82605600357
2	1	0.746370077133
2	1	0.346576929092
2	0	0.681427001953
2	0	0.626504182816
2	0	0.626521110535
2	0	1.39954614639
2	1	2.37250685692
2	0	0.79965877533
2	1	1.69276094437
2	0	0.799732923508
2	1	0.866365194321
2	1	0.62649679184
2	0	0.626452922821
2	1	0.574826002121
2	1	0.666506052017
2	0	1.50613999367
2	1	1.39958405495
2	0	2.78568005562
2	1	2.78565096855
2	1	0.959604024887
2	0	8.09224891663
2	1	0.866356134415
2	1	0.546489953995
2	1	1.61279582977
2	1	0.534797906876
2	1	0.519771099091
2	0	1.37288594246
2	1	1.22627997398
2	1	0.613051176071
2	0	0.493072986603
2	1	1.39952802658
2	0	0.626507997513
2	1	1.57273101807
2	1	2.9190659523
2	0	1.01306200027
2	1	1.35950994492
2	1	0.706421136856
2	1	0.70640206337
2	1	0.653105974197
2	1	1.18633008003
2	1	0.626378059387
2	0	0.772994041443
2	1	0.586519002914
2	1	0.626477003098
2	1	1.02808094025
2	1	0.826404809952
2	1	4.61172604561
2	1	0.653203964233
2	1	0.599844932556
2	0	0.773036003113
2	1	1.15950798988
2	1	5.14485311508
2	0	0.586473941803
2	0	0.89301109314
2	1	0.719726085663
2	1	0.306617975235
2	1	0.75980591774
2	0	1.19953107834
2	1	0.519807100296
2	1	0.666453123093
2	1	0.479866981506
2	1	1.97255921364
2	1	0.666415929794
2	1	0.653168916702
2	1	0.561460971832
2	1	0.734745025635
2	1	0.573131084442
2	1	0.546440839767
2	1	0.588107824326
2	1	0.933064937592
2	1	1.14627480507
2	0	1.74794101715
2	1	0.839719057083
2	1	1.21454596519
2	0	2.10598897934
2	1	0.546443939209
2	0	1.21460914612
2	1	1.03964495659
2	1	0.839761018753
2	0	1.69272112846
2	1	0.893086910248
2	1	1.11961579323
2	1	1.38616299629
2	1	2.82577490807
2	0	1.23956298828
2	1	1.35960006714
2	1	2.67908883095
2	1	1.67946314812
2	1	1.99930405617
2	0	3.63871383667
2	1	2.35909676552
2	1	0.626451015472
2	1	0.466538906097
2	1	0.639822006226
2	0	0.813110113144
2	1	0.693007946014
2	1	5.50463104248
2	1	1.42615294456
2	1	2.66750597954
2	1	1.01300382614
8	1	0.719809055328
7	1	0.466511011124
8	0	1.29282093048
8	1	0.639744997025
8	1	0.573137998581
8	1	0.453200101852
7	1	0.773049116135
7	1	0.959628105164
7	1	0.453102111816
8	1	0.533113002777
8	0	1.05468201637
8	1	0.586431980133
8	0	0.466471910477
7	1	0.719815015793
7	0	0.746484041214
7	0	0.359799146652
7	1	0.693057060242
7	0	1.03966784477
7	0	0.466536045074
8	1	0.919607877731
7	1	0.95963716507
8	1	0.653181791306
7	1	0.59974694252
7	1	0.493139982224
8	1	0.49317908287
7	1	0.493133068085
8	1	0.719710826874
8	1	0.653112888336
8	1	0.666478872299
8	0	0.399885892868
7	0	1.35956192017
7	1	0.533225059509
7	1	0.693064928055
8	0	0.546448945999
8	1	0.973017930984
8	1	0.813039064407
8	1	0.5881690979
7	1	1.0545899868
8	1	1.26631212234
8	1	0.62811589241
7	0	0.853037118912
8	1	0.466551065445
8	1	0.588119983673
7	1	0.506469011307
7	0	1.43952178955
8	1	1.07955789566
7	0	1.39952898026
7	0	1.07962298393
8	1	1.98596906662
7	0	0.719676971436
8	0	0.546424150467
7	1	0.441526889801
7	1	5.85132312775
8	1	1.37289500237
7	1	1.10632896423
8	1	1.27960705757
7	0	5.25157618523
7	0	0.866395950317
8	0	0.679785013199
8	1	0.546458005905
7	0	0.506560087204
7	1	0.479845046997
8	0	0.559812784195
7	1	0.626512050629
7	0	0.519840955734
7	1	0.559808969498
7	1	0.573180198669
8	1	0.533176898956
8	1	0.653156042099
7	1	0.679752111435
8	0	2.27920484543
8	1	0.919720172882
8	1	4.14521384239
8	1	0.61489200592
7	1	0.679745197296
7	1	2.03924512863
8	0	2.45243787766
7	0	1.55942416191
8	1	0.479856014252
8	1	0.47981095314
7	1	0.46649813652
7	1	0.519834041595
8	1	0.386522054672
7	1	0.413219928741
8	0	0.519892215729
8	0	0.506497859955
7	1	0.519917964935
8	1	0.919722080231
7	0	0.839608192444
8	1	0.87969493866
7	1	3.2405629158
7	0	0.586511850357
8	1	0.533155202866
8	1	0.519807815552
8	1	0.759734153748
7	1	0.534886837006
7	1	0.413235902786
7	1	0.921452999115
7	1	0.679799079895
8	1	6.23781585693
7	1	0.426560163498
7	1	0.839669942856
7	1	0.519721984863
7	1	0.399740934372
7	1	0.33319401741
8	0	0.373207092285
7	1	0.399882078171
8	1	0.6265001297
8	1	6.47776484489
8	1	1.93259596825
7	1	0.879754066467
8	0	1.34615898132
7	1	0.401636123657
7	0	1.73267793655
3	1	1.14625096321
3	1	1.39949011803
3	1	0.719731092453
3	1	0.813107013702
3	1	0.892910957336
3	1	0.812997102737
3	0	1.0796649456
3	0	0.628174066544
3	1	0.719791889191
3	0	1.18622899055
3	1	1.16140985489
3	0	0.866281986237
3	0	1.17285895348
3	1	0.908101081848
3	1	1.63951516151
3	1	1.39952111244
3	0	2.69239401817
3	0	0.693068027496
3	1	1.8543510437
3	1	3.62538909912
3	0	2.89228916168
3	1	0.613078117371
3	1	0.814785957336
3	0	0.38658285141
3	1	0.613017082214
3	1	3.03896999359
3	1	0.99972319603
3	1	0.626475095749
3	1	0.799701929092
3	1	0.613131046295
3	1	0.733021974564
3	1	0.53316783905
3	1	0.839677095413
3	0	0.468405008316
3	1	1.07964110374
3	0	2.11926388741
3	0	0.533137083054
3	1	0.413163900375
3	0	1.46611595154
3	0	1.9460670948
3	1	1.23963999748
3	1	1.58781695366
3	1	0.559804916382
3	1	3.0789949894
3	1	2.5990858078
3	0	0.748069047928
3	0	3.23894095421
3	1	2.77240610123
3	0	1.97260904312
3	1	0.546483039856
3	1	0.506438016891
3	1	0.546555042267
3	0	1.38786101341
3	1	0.559871196747
3	1	0.693156957626
3	1	1.75948286057
3	0	2.89221119881
3	0	0.906352043152
3	1	0.573134183884
3	1	0.867997169495
3	1	1.78601980209
3	1	0.626449108124
3	1	0.506563901901
3	0	1.09298110008
3	1	0.85297203064
3	1	0.493102073669
3	1	0.586475133896
3	1	0.494946956635
3	1	0.706428050995
3	1	0.53316283226
3	1	0.61305308342
3	0	0.453211069107
3	1	0.534825086594
3	1	0.534881830215
3	1	0.47983789444
3	1	8.95861792564
3	0	0.719784975052
3	0	0.999561071396
3	1	0.508192062378
3	1	1.18629002571
3	1	0.4931640625
3	1	0.89297914505
3	0	0.733119010925
3	1	0.453139066696
3	0	1.95937609673
3	1	0.69303393364
3	1	6.07794904709
3	0	2.53237199783
3	1	1.03967690468
3	1	0.599828004837
3	0	0.653057098389
3	1	0.693102836609
3	1	1.77275395393
3	0	1.09294390678
3	1	0.879811048508
3	1	1.79941296577
3	0	0.453162908554
3	1	1.15959000587
3	1	0.666475057602
3	1	0.654828071594
3	1	0.786458015442
3	1	0.413180828094
3	1	0.439810037613
3	0	0.801370859146
3	1	0.999691009521
3	1	3.43882608414
3	0	1.87931990623
3	0	3.70535802841
7	1	0.839706897736
8	1	0.906399011612
8	1	1.01462602615
8	1	0.546433210373
8	1	0.493162155151
8	1	0.66810798645
8	1	0.613150119781
7	1	0.439902067184
7	1	0.359847068787
7	1	0.613093852997
7	1	0.453157901764
8	1	0.373169183731
8	1	0.506420850754
7	1	0.626414060593
8	1	0.453124046326
8	1	0.4797539711
8	1	0.519886016846
8	0	0.546428918839
8	1	0.693035125732
7	1	0.639766931534
8	1	6.55768013
7	1	0.533178091049
7	1	0.599813938141
8	1	0.668184041977
8	1	0.466524839401
8	1	0.653086900711
8	1	0.453220844269
7	0	0.35990691185
8	1	0.493119001389
7	1	0.426548957825
7	0	1.02625894547
7	1	0.546504974365
7	1	4.47837305069
8	0	0.573158979416
8	1	0.759703159332
8	1	0.599797964096
7	1	0.599821805954
8	1	1.64113402367
8	1	0.479814052582
8	0	0.439777135849
8	0	1.0929479599
8	0	0.853041172028
8	1	0.573058128357
8	1	0.45318198204
7	1	2.55911397934
8	1	1.53277397156
7	1	1.37288093567
7	1	0.586527109146
7	1	0.47985291481
8	0	1.08126783371
7	1	0.413122177124
8	1	0.426442146301
7	1	0.34651017189
7	1	0.346482992172
8	1	0.706480979919
7	0	0.293193101883
8	1	0.374923944473
8	1	0.799765110016
8	1	0.546411991119
8	1	0.601613044739
8	1	0.919672966003
7	1	0.626502037048
8	1	0.533086061478
8	1	0.641508102417
7	1	0.719735860825
7	1	0.559829950333
7	1	3.21220898628
8	1	0.546477079391
8	1	0.719791173935
8	1	0.519942998886
7	1	0.559808015823
7	1	0.573177814484
8	0	0.319865942001
7	0	0.66644692421
7	0	3.6387989521
8	1	0.51978302002
8	1	0.479799985886
7	0	0.47994017601
7	1	0.586468935013
7	0	0.746433973312
7	1	0.47984290123
8	1	0.46826505661
7	1	3.19882082939
8	1	0.546442985535
7	0	0.439872026443
8	1	0.533251047134
8	1	0.453193902969
7	1	1.44193696976
8	0	0.826406002045
7	1	0.51983499527
7	1	0.719732999802
7	1	0.719741106033
7	1	0.599848985672
7	1	0.439823150635
7	1	0.49319601059
7	1	0.559728860855
8	1	0.599872112274
8	1	0.759686946869
8	0	1.98607802391
8	1	0.506527900696
7	1	0.426603078842
8	1	0.641621112823
8	1	0.319921970367
7	1	0.559836864471
8	1	0.46654510498
7	0	0.306541919708
8	1	0.759742975235
7	1	2.09261417389
7	1	0.706327915192
7	0	0.826380968094
7	0	2.09265708923
7	0	0.586472988129
7	1	0.719847202301
7	1	3.85207915306
7	1	0.879631996155
7	0	0.613113880157
7	0	0.668159008026
7	1	1.03964805603
7	1	1.5994079113
7	1	0.906407117844
7	0	2.02598690987
7	1	0.546467065811
7	1	0.559762001038
8	1	3.4520778656
8	1	0.973010063171
5	1	1.23963999748
5	1	0.546610116959
6	1	0.439816951752
5	1	0.61478304863
5	1	0.774719953537
6	1	0.533164024353
5	1	5.17158508301
6	1	1.59950995445
5	1	0.466442108154
6	1	0.439975976944
6	1	2.39922094345
6	0	2.29256105423
6	1	0.493139982224
5	1	3.63873195648
5	1	0.813048124313
5	0	0.972999095917
5	1	4.1985039711
6	1	2.01266098022
5	1	2.7990090847
5	1	0.879685163498
5	1	1.06795692444
6	1	1.27949690819
6	0	1.79931116104
6	1	0.813128948212
5	1	3.87860298157
6	0	0.826377153397
6	0	0.613087177277
5	1	3.70544600487
5	1	1.17292809486
6	1	1.15966510773
5	1	1.91940689087
6	1	2.03930592537
6	1	7.66406989098
6	1	0.533138036728
6	1	5.97133398056
5	0	1.37283301353
5	0	2.6657269001
5	0	0.641439914703
6	1	2.1326611042
6	0	3.5587580204
5	1	0.466568946838
6	1	0.413147926331
5	1	0.346587896347
5	1	2.09262704849
5	0	6.02455806732
5	1	2.65457701683
5	1	0.479850053787
5	1	0.479893922806
6	1	0.493172168732
5	1	0.533229827881
6	1	0.399930953979
5	1	1.07956314087
6	1	0.466523885727
6	1	1.63937282562
5	1	0.519828796387
6	1	1.43954610825
6	0	0.626379966736
5	1	0.466506958008
5	1	0.399843931198
6	1	0.413239002228
5	1	0.573129892349
5	1	0.399802923203
5	1	0.413120985031
5	1	0.468172073364
6	1	0.546554088593
5	1	0.386476039886
5	0	0.813040971756
6	1	0.519812822342
5	1	0.466472148895
5	1	0.519801855087
5	1	1.27959609032
6	1	0.61483001709
6	1	0.61488199234
5	1	0.63983297348
6	1	5.11830401421
5	1	0.599761009216
5	0	1.70603990555
5	0	0.533082962036
5	1	0.879668951035
5	1	0.679779052734
5	1	0.813027143478
6	0	8.0772151947
5	0	0.519770145416
6	1	0.748086929321
5	0	0.626357793808
5	1	0.892988920212
6	1	0.439833879471
6	1	0.599779844284
6	1	0.919626951218
5	1	0.799805879593
5	1	0.519814014435
5	1	0.506557941437
6	1	0.879702091217
5	1	0.508269071579
6	1	0.466474056244
5	1	0.506492137909
5	1	0.573062896729
