6	1	2.75378894806
5	1	1.45187711716
5	1	0.704123973846
5	1	0.645226955414
6	1	0.721013069153
5	1	1.11569213867
6	1	0.586846828461
6	1	0.608873844147
5	0	0.747286081314
6	1	0.570306062698
6	1	0.594519853592
5	1	0.809272050858
6	1	1.23451113701
5	1	0.594021081924
5	0	0.707008123398
5	1	0.61111497879
6	1	0.832864046097
6	1	0.59198307991
6	1	0.587770938873
6	0	0.776705980301
6	1	0.723150968552
6	1	0.72281908989
6	1	0.474468231201
5	1	0.571427822113
6	1	0.632222890854
5	1	0.594444990158
5	1	0.554949998856
5	1	0.898275136948
6	1	0.507467985153
6	1	0.626059055328
5	0	1.0246360302
6	0	1.2752790451
5	1	0.772583961487
6	1	0.968273878098
6	1	0.722220897675
6	1	1.1315870285
6	1	0.561553001404
6	1	0.801818847656
6	1	0.769634008408
5	1	0.683645963669
6	1	0.873021125793
5	1	0.668711900711
5	1	0.689515113831
5	1	0.620448827744
6	1	0.54788684845
5	0	0.553851127625
6	1	0.75452709198
6	1	0.760421037674
6	1	0.785868883133
5	1	0.73996591568
6	1	0.556278944016
5	1	0.737895965576
6	1	0.664391994476
6	1	0.665410995483
5	1	0.786424160004
6	1	1.12213587761
5	1	0.587207794189
6	1	0.747049093246
6	1	0.610685825348
6	1	0.467282056808
6	1	0.561596155167
5	1	0.51517701149
5	1	0.626954078674
5	1	0.530723810196
6	1	0.664295196533
5	1	0.803169965744
6	0	1.16920495033
6	1	0.563001871109
6	1	1.22993087769
5	1	0.817529916763
5	1	1.33185601234
5	1	0.560930013657
6	0	1.29151296616
5	1	0.68147110939
5	1	0.873316049576
5	1	0.59593296051
5	1	0.713956832886
6	1	0.710047960281
6	1	0.536556005478
5	1	0.744294881821
6	1	0.714407920837
6	0	0.482740879059
6	1	0.483202934265
6	1	1.09702515602
5	0	0.585794210434
6	1	0.578783988953
6	1	0.579689979553
5	1	0.65994811058
5	1	0.600765943527
6	1	0.635513067245
6	1	0.705157995224
5	1	0.634860992432
6	1	0.523010015488
6	1	0.834378004074
5	1	0.706913948059
5	1	0.55567407608
6	1	0.554072141647
5	1	0.577975988388
6	1	0.531002998352
5	0	0.842348098755
5	1	0.664618015289
5	0	0.553412914276
6	1	1.1707971096
5	1	1.42672109604
6	0	1.09174513817
6	1	2.81793999672
6	0	2.77904295921
5	1	1.76181101799
6	1	0.619171142578
6	1	0.537909030914
6	1	1.04455113411
5	1	0.704216003418
6	1	0.74950504303
5	1	1.0168941021
6	1	0.889833211899
6	1	0.706310033798
5	1	0.930906057358
6	1	0.884255886078
5	1	0.505976915359
5	1	0.684334993362
5	1	0.626001119614
5	1	0.482913017273
5	1	0.41181397438
6	1	0.289826869965
6	1	0.544902086258
5	1	0.60345697403
5	0	0.585970878601
6	0	0.738996982574
5	1	0.826359987259
5	0	1.02675890923
6	0	1.07396197319
7	1	1.40314078331
8	1	0.795057058334
8	1	0.530425071716
7	1	0.825036048889
8	1	0.523925065994
8	0	0.561201095581
8	1	0.772418022156
8	1	0.537419080734
8	1	0.570911884308
8	1	0.567606925964
8	1	0.516623973846
8	1	0.496955871582
8	1	0.565249919891
7	1	0.560914039612
8	1	0.540901899338
7	1	0.465543985367
8	1	0.386432886124
7	1	0.754797935486
7	1	0.529516935349
7	0	0.699862003326
8	1	0.537909984589
8	1	0.666007995605
7	1	0.584759950638
7	1	0.985706090927
8	1	1.37961602211
7	1	0.905225992203
8	1	0.93129992485
8	1	0.977880954742
7	1	1.82539319992
8	1	0.565536975861
7	1	0.561352968216
7	0	0.745083808899
7	0	0.827980041504
7	1	0.688260793686
8	1	0.605642795563
8	1	1.12274980545
7	1	0.522050857544
8	1	0.704359054565
8	1	0.531940937042
8	1	0.865390062332
8	1	0.492491006851
7	1	0.611403942108
7	0	0.853077888489
8	0	0.666062831879
8	1	0.827114105225
8	1	2.20948791504
8	1	1.92928099632
8	1	0.602518081665
8	1	0.516345977783
7	1	0.624309778214
7	0	0.876829147339
7	0	0.697097063065
8	0	0.578701019287
7	0	1.61972308159
7	1	0.576105117798
7	1	0.86718916893
8	1	0.546086072922
8	1	0.427415132523
8	0	0.324023008347
7	0	0.872899055481
7	1	0.611199855804
8	1	0.512397050858
7	1	0.802675008774
7	1	0.530197143555
7	1	0.554848909378
7	1	0.497469902039
8	1	0.449296951294
8	0	0.437331199646
8	1	0.458504915237
8	1	0.56992316246
8	1	0.827579021454
7	1	0.921948194504
7	1	0.608951091766
7	1	0.604635953903
7	1	0.746906042099
8	1	0.850629091263
7	1	0.658707141876
8	1	0.563259124756
8	1	0.48844408989
8	1	0.539697885513
8	1	0.602217912674
8	1	0.442121982574
7	1	0.675025939941
7	1	0.55312204361
8	1	0.524969100952
7	1	0.37905216217
7	1	0.560461997986
8	1	0.484607934952
7	1	0.498089075089
7	1	0.515473842621
7	1	0.632828950882
8	1	0.499670982361
8	1	1.5291519165
8	0	0.580618143082
8	1	1.06620001793
7	1	0.939191102982
7	1	1.90451097488
8	1	1.06759285927
8	1	1.08126401901
7	0	0.779772996902
7	0	0.624300956726
7	1	0.595474004745
8	1	0.531419038773
8	0	0.691756010056
7	1	0.583987951279
7	1	0.516696929932
7	0	0.799962997437
8	1	0.555771827698
8	1	0.619035005569
8	1	0.688153028488
7	1	0.716428041458
7	0	0.480941057205
8	1	0.530362844467
8	1	0.49036693573
7	1	0.498924016953
8	1	0.593112945557
8	1	0.529274940491
8	1	0.429033041
8	0	0.497313022614
8	1	0.617580890656
8	1	0.955857038498
8	1	1.05880594254
7	1	0.499497175217
8	0	0.563884019852
7	1	1.76287484169
8	1	0.578619003296
8	1	0.859680175781
7	1	0.648365974426
8	1	0.552329063416
7	1	0.635197877884
8	1	0.557212114334
7	1	0.593059062958
7	1	0.63406085968
8	1	0.456042051315
8	1	0.644273996353
2	1	0.988158941269
2	1	0.905870914459
2	0	0.59494805336
2	0	0.570273160934
2	0	4.45064210892
2	1	0.609585046768
2	1	0.549081802368
2	1	0.849771976471
2	1	0.489068984985
2	1	0.554893016815
2	1	0.683502912521
2	1	0.53810095787
2	0	0.748260974884
2	1	0.617788076401
2	1	2.42487382889
2	1	0.698683023453
2	0	0.696726083755
2	1	0.546509027481
2	0	0.794407129288
2	0	0.738875150681
2	1	0.30748295784
2	1	0.575934171677
2	1	0.666267871857
2	0	0.602993011475
2	1	0.555879116058
2	1	0.595425128937
2	0	0.481095790863
2	1	0.570202112198
2	1	0.515913009644
2	1	0.600084066391
2	1	0.474867105484
2	1	0.361279964447
2	1	0.499174118042
2	1	0.467383861542
2	1	0.498057126999
2	1	0.586318969727
2	1	0.490610837936
2	1	0.362581014633
2	1	1.11425614357
2	1	0.674013853073
2	1	0.496961116791
2	1	0.523638010025
2	1	0.825948953629
2	1	0.569843053818
2	1	0.802539110184
2	1	0.499717950821
2	1	0.546291828156
2	1	0.634816884995
2	0	0.595791101456
2	1	0.744012832642
2	0	0.755652189255
2	0	0.624873161316
2	1	0.626008987427
2	1	0.547086954117
2	0	1.25608706474
2	1	0.602746009827
2	1	0.706944942474
2	1	0.778435945511
2	1	0.970293998718
2	1	0.971255779266
2	1	0.713288068771
2	1	0.618165016174
2	1	0.810083150864
2	1	1.67613697052
2	1	0.658019065857
2	1	0.770726919174
2	0	0.747231960297
2	1	0.569622039795
2	1	0.800690174103
2	1	0.684923887253
2	1	0.763024091721
2	1	0.689759016037
2	0	0.756697893143
2	0	0.562031984329
2	1	0.57066488266
2	1	0.578128099442
2	0	0.729119062424
2	0	2.09960007668
2	1	0.795094013214
2	1	0.600929021835
2	0	1.05984306335
2	1	0.864847183228
2	1	0.643768072128
2	1	0.858201026917
2	1	0.586457014084
2	1	0.80171585083
2	1	0.835790157318
2	1	0.516984939575
2	1	0.599009037018
2	1	0.643927097321
2	0	0.601984024048
2	0	0.723124027252
2	1	1.04854393005
2	1	0.635321140289
2	1	0.60244512558
2	1	1.61807107925
2	1	0.618077993393
2	1	0.603603124619
2	1	0.528759002686
2	1	0.571434020996
2	1	0.715960979462
2	1	0.491343021393
2	1	0.770817995071
2	1	0.810076951981
2	1	0.560732841492
2	0	0.692043066025
2	1	0.744079828262
2	1	1.13047218323
2	0	2.52242302895
2	0	0.704101085663
2	1	0.699548006058
2	1	0.795825004578
2	1	0.681490898132
2	1	0.688863992691
2	1	0.685700178146
2	1	0.58548784256
2	0	0.683754920959
2	1	0.618076086044
2	1	0.658572912216
2	1	1.25956296921
2	1	0.577589035034
2	1	0.619611978531
2	0	0.785010099411
2	1	0.467680931091
2	0	0.679640054703
2	1	0.789376020432
2	1	0.497895002365
2	1	0.570381164551
2	1	0.705581903458
2	1	0.530325889587
2	1	0.458555936813
2	1	0.658052206039
2	0	0.531639099121
5	0	1.626912117
6	0	0.531864881516
5	1	1.13755488396
6	0	0.554718971252
6	1	0.906476020813
5	1	0.79617190361
5	1	0.634356975555
5	1	0.570598125458
5	0	0.713286876678
6	1	0.706656217575
5	1	0.53798699379
5	1	0.690666913986
6	1	0.651585102081
6	1	0.634464979172
6	1	0.536237955093
5	1	0.554228067398
6	1	0.668190002441
6	1	0.521093130112
5	0	0.330610990524
6	1	0.594006061554
5	1	0.451828956604
5	0	0.570129156113
6	0	0.491691112518
5	0	1.37169790268
6	0	0.608881950378
6	1	0.57807302475
6	1	0.498271942139
6	1	0.458343982697
5	1	0.891762971878
6	1	0.704802036285
5	1	0.443214178085
6	1	0.652169942856
5	1	0.514795064926
6	1	0.585297822952
6	1	1.33641386032
5	1	0.613620996475
6	1	0.93784403801
6	1	0.516276836395
5	1	0.50353717804
5	0	0.921663045883
6	1	1.36514019966
6	1	0.600152015686
5	1	0.524256944656
6	1	0.555088996887
6	1	0.466714143753
6	1	0.448426961899
5	1	0.994074106216
6	1	0.490668058395
6	0	0.507600069046
5	0	0.809726953506
6	0	1.08338999748
5	1	0.672725200653
6	1	1.27496099472
5	1	0.578987836838
5	1	0.713907957077
6	1	0.721965074539
6	1	0.780138015747
5	1	0.506754875183
5	0	0.985226154327
5	0	0.826519012451
5	0	0.659317970276
5	1	0.99375295639
6	1	0.619794130325
5	1	0.547484874725
6	1	0.50631403923
6	0	0.850116968155
6	1	0.616897106171
6	1	0.762274026871
5	1	1.30583095551
5	1	1.6901011467
5	1	0.625482082367
5	0	1.42685508728
5	0	0.930197954178
6	1	0.938071012497
5	1	1.32991099358
6	1	0.780110836029
6	1	0.578431844711
5	1	0.599483013153
6	1	0.498846054077
6	1	0.597049951553
6	1	0.478760004044
5	1	0.477840185165
5	1	1.97669100761
6	1	0.715830087662
5	1	0.770688056946
5	1	0.808177947998
6	1	0.626597166061
6	1	0.596991062164
6	0	0.57685303688
6	1	1.74785494804
5	0	0.744354009628
5	1	0.707887887955
5	1	0.939069986343
5	1	0.530420064926
6	1	0.593818902969
6	1	2.6605861187
6	1	0.730906009674
5	1	1.24012207985
5	1	0.92501282692
5	1	3.57646608353
5	1	0.515440940857
6	1	0.633803129196
5	1	0.667150974274
6	1	0.49764585495
6	1	0.521908044815
6	1	0.508367061615
5	1	0.416887998581
5	1	0.473382949829
5	0	0.77114200592
6	1	0.700230121613
6	1	0.658820867538
6	0	0.617486000061
6	1	0.34875202179
6	1	1.1145169735
5	1	0.624445915222
5	1	0.562960147858
6	1	0.962684869766
6	1	0.579452037811
5	1	0.786494016647
6	1	0.916134119034
6	1	0.601500988007
6	1	0.693352937698
6	1	0.650000095367
5	0	0.745116949081
5	1	0.557436943054
5	1	0.568286895752
5	1	0.578336954117
6	1	0.76432800293
5	0	0.688977003098
6	1	0.589105129242
6	1	0.706224918365
5	1	0.610567808151
4	1	1.18602204323
4	1	0.554576158524
4	1	0.506915092468
4	1	0.889765977859
4	1	0.905030965805
4	0	1.2436299324
4	0	0.523802995682
4	0	0.802589893341
4	1	0.523367881775
4	0	0.936307907104
4	1	1.80212402344
4	1	1.8738079071
4	1	0.602040052414
4	1	1.77113199234
4	1	0.514612913132
4	1	0.55365395546
4	1	0.531493902206
4	0	0.608907222748
4	1	0.541241884232
4	1	0.561192989349
4	1	0.484284162521
4	1	0.482104063034
4	1	0.465425014496
4	1	0.570832967758
4	1	0.489738941193
4	1	0.745815038681
4	1	0.411185026169
4	1	0.676490783691
4	1	0.641112089157
4	1	0.627290964127
4	0	0.624811172485
4	1	0.597326993942
4	1	0.682544946671
4	1	0.511742115021
4	0	2.04957008362
4	0	0.550014019012
4	0	0.561613082886
4	0	0.57017493248
4	1	0.561183929443
4	0	0.794739961624
4	1	0.555222988129
4	1	0.515319108963
4	0	0.64947104454
4	0	0.525135993958
4	0	0.765544176102
4	0	0.696943044662
4	0	0.676094055176
4	1	0.577717065811
4	1	0.547032117844
4	0	0.651700973511
4	1	0.497895956039
4	1	0.433610916138
4	0	0.578110933304
4	1	0.72268986702
4	1	0.600558996201
4	1	0.508124828339
4	1	0.38721704483
4	1	0.546586990356
4	1	0.584656000137
4	1	0.474133014679
4	0	0.707276821136
4	1	0.835522890091
4	0	0.907660007477
4	0	0.51256108284
4	1	0.796495914459
4	1	0.619945049286
4	1	0.545101881027
4	1	0.569397926331
4	0	0.71516084671
4	1	0.547734975815
4	1	0.554307937622
4	1	0.557090997696
4	1	0.497619152069
4	1	0.548051118851
4	1	0.61486697197
4	1	0.493189811707
4	1	0.571847915649
4	1	0.490957975388
4	1	0.560649871826
4	1	0.564332962036
4	1	0.515305995941
4	1	0.633898973465
4	1	0.507806062698
4	1	0.570471048355
4	0	0.47330904007
4	1	0.657179117203
4	1	0.484389781952
4	0	1.33758997917
4	1	0.586273908615
4	1	0.5881960392
4	1	0.648533821106
4	1	0.72293806076
4	1	0.602171897888
4	1	1.38699793816
4	1	1.1453871727
4	1	0.997793197632
4	1	0.592649936676
4	0	1.5296869278
4	1	0.497732877731
4	1	0.522485971451
4	1	0.699138879776
4	1	0.476156949997
4	1	0.703476190567
4	1	0.691926002502
4	0	1.08044314384
4	1	0.867493152618
4	1	0.641560792923
4	1	0.546571016312
4	1	0.530114889145
4	1	0.572615861893
4	0	0.570497989655
4	1	0.498149871826
4	1	0.505321025848
4	1	0.562160015106
4	0	0.610826969147
4	1	0.645003080368
4	1	0.64232301712
4	1	0.496815919876
4	1	0.587495803833
4	1	0.572077989578
4	0	0.547517061234
4	0	0.593873977661
4	1	0.549306154251
4	0	1.97702288628
4	1	0.930891990662
4	1	0.762998104095
4	1	0.552769899368
4	1	0.51357793808
4	0	1.01243805885
4	0	0.537739992142
4	1	0.794719934464
4	0	0.643275022507
4	0	0.720981121063
4	1	0.63423705101
4	1	0.650964021683
4	1	0.467287063599
3	0	2.75566983223
3	0	0.651110887527
3	0	0.281498193741
3	1	0.539342880249
3	1	0.545840024948
3	1	0.506941795349
3	0	0.648484945297
3	1	0.606005907059
3	1	0.584113836288
3	1	0.596297979355
3	1	0.579686164856
3	1	0.4419298172
3	1	0.528207063675
3	1	0.521636962891
3	1	0.506556034088
3	1	0.690416097641
3	1	0.538406848907
3	1	0.522614002228
3	1	1.13201212883
3	1	0.587358951569
3	0	0.737380027771
3	1	0.577656984329
3	1	0.555316209793
3	1	1.04832005501
3	1	1.2839679718
3	1	0.642045021057
3	1	0.508551120758
3	1	0.571506977081
3	1	0.513041973114
3	1	0.866285085678
3	1	0.643989086151
3	1	0.484079837799
3	1	1.22641301155
3	1	0.706838846207
3	0	0.682543039322
3	1	0.546303987503
3	1	0.664754152298
3	1	1.13110804558
3	1	0.515717983246
3	1	0.87583398819
3	0	0.721055984497
3	0	0.64888215065
3	1	0.888612031937
3	1	1.17285180092
3	1	0.61752820015
3	1	0.725483894348
3	1	0.561606168747
3	1	0.760375976562
3	1	0.625895023346
3	1	0.5658390522
3	1	0.514302968979
3	1	0.506346940994
3	1	0.529564142227
3	1	0.522403001785
3	1	0.468341112137
3	1	0.536329984665
3	1	0.539443969727
3	1	0.586599111557
3	1	0.498224973679
3	1	0.603003978729
3	1	0.50021481514
3	1	0.447999000549
3	1	1.04080295563
3	1	0.458260059357
3	0	0.692303180695
3	0	0.584254026413
3	1	0.56159901619
3	1	0.764070987701
3	1	0.546471118927
3	1	0.50753903389
3	1	0.507652997971
3	1	0.411689043045
3	1	0.42492890358
3	1	0.389115095139
3	1	0.681352853775
3	1	0.627454996109
3	1	0.834010124207
3	0	0.850724935532
3	1	0.537432909012
3	1	0.473766088486
3	1	0.434710025787
3	1	0.747602939606
3	1	0.71470785141
3	1	0.43386387825
3	0	0.667284011841
3	1	0.419513940811
3	1	0.759959936142
3	1	0.491932153702
3	1	0.578008890152
3	1	0.547235965729
3	1	0.508919000626
3	1	0.633853912354
3	0	0.426568031311
3	0	0.338089942932
3	1	0.483124017715
3	1	0.553264141083
3	1	0.370424032211
3	0	0.284830093384
3	1	0.442780017853
3	1	0.427367925644
3	1	1.07277178764
3	1	0.395679950714
3	1	0.514939785004
3	1	0.450423002243
3	0	0.579131126404
3	1	0.660611867905
3	1	0.538112878799
3	1	0.647556066513
3	1	0.515097141266
3	1	0.506251811981
3	1	0.42773103714
3	1	0.537113904953
3	1	0.499022960663
3	1	0.570343971252
3	1	0.581577777863
3	1	0.584527015686
3	1	0.490643024445
3	1	0.668752193451
3	1	0.491223096848
3	1	0.528517961502
3	1	0.475416898727
3	1	0.492406129837
3	1	0.481336116791
3	1	0.483741044998
3	1	0.417330980301
3	1	0.38355588913
3	1	0.450803995132
3	1	0.476676225662
3	1	0.545648097992
3	1	0.426930904388
3	1	0.442994117737
3	1	0.520968914032
3	0	0.571938991547
3	1	0.482511043549
3	1	0.544263124466
3	1	0.61066198349
3	1	0.621570825577
3	1	0.512197971344
3	1	0.45766210556
3	1	0.445292234421
3	1	0.794831991196
3	1	0.545826196671
1	1	0.889531850815
1	1	0.412500143051
1	1	0.48321390152
1	1	0.554390907288
1	1	0.51550412178
1	1	0.442466974258
1	0	0.503469944
1	0	0.594642162323
1	1	0.523756027222
1	0	0.588129997253
1	1	0.377050876617
1	1	0.571622133255
1	1	0.457097053528
1	0	0.283497095108
1	0	1.51586318016
1	1	0.474133014679
1	1	0.491600036621
1	1	0.433593034744
1	1	0.417114019394
1	1	0.428229093552
1	1	0.436094999313
1	1	0.490015983582
1	1	0.512856960297
1	1	0.473550081253
1	1	0.546472072601
1	1	0.435935974121
1	0	0.417582988739
1	1	0.365591049194
1	1	0.568300962448
1	1	0.469529867172
1	1	0.817890882492
1	1	0.648478984833
1	1	0.516387224197
1	1	0.537160158157
1	1	0.563195943832
1	1	0.458886146545
1	1	0.515727996826
1	1	0.545279979706
1	1	0.474033117294
1	1	0.442877054214
1	1	0.584929227829
1	1	0.476239919662
1	1	0.475636959076
1	1	0.472218990326
1	1	0.52303314209
1	0	0.72150182724
1	0	0.602858066559
1	1	0.729759931564
1	1	0.713953018188
1	1	0.836651086807
1	1	0.802481889725
1	1	0.930415153503
1	1	0.519924163818
1	1	1.17037391663
1	1	0.667129993439
1	1	0.506763935089
1	1	0.771899223328
1	1	0.577585935593
1	0	0.771842002869
1	1	0.520302057266
1	1	0.5067050457
1	1	0.473881959915
1	1	1.17044186592
1	1	0.476152896881
1	1	0.48831486702
1	1	0.475645065308
1	1	0.481684923172
1	1	0.393154859543
1	1	0.548763036728
1	1	0.402577877045
1	1	0.370927095413
1	1	0.41939496994
1	1	0.55425786972
1	1	0.553910017014
1	1	0.609006881714
1	1	0.402874946594
1	0	0.486108064651
1	1	0.398628950119
1	1	0.660026073456
1	1	0.490526914597
1	1	0.456633806229
1	0	0.386934995651
1	1	0.609942913055
1	1	0.668576002121
1	1	0.512531995773
1	1	0.50883102417
1	1	0.417852163315
1	1	0.539622068405
1	1	0.474224090576
1	1	0.458550930023
1	1	0.443488836288
1	1	0.434760093689
1	1	0.43604683876
1	1	1.43497681618
1	1	1.27204608917
1	0	0.85887503624
1	1	1.96336388588
1	1	0.489378929138
1	1	0.612185001373
1	1	1.81859493256
1	1	1.15549683571
1	1	0.497362136841
1	1	0.480926036835
1	1	0.699373960495
1	1	0.593999147415
1	1	1.54704785347
1	0	0.722193956375
1	1	0.57119512558
1	1	0.850492954254
1	1	2.68398880959
1	1	0.539428949356
1	1	0.527648925781
1	1	1.46668601036
1	1	1.65144109726
1	1	0.467335939407
1	1	0.513069152832
1	1	0.56193113327
1	0	0.523566961288
1	1	0.496052026749
1	1	0.492576122284
1	1	0.577526092529
1	1	0.481651067734
1	1	0.508844137192
1	1	1.12848877907
1	1	0.602025032043
1	1	0.499857902527
1	1	0.354933023453
1	1	0.442106962204
1	1	0.47473192215
1	1	0.40251994133
1	1	0.609576940536
1	1	0.586104154587
1	1	0.516647100449
1	1	0.474805831909
1	1	0.866456031799
1	1	0.547508955002
1	1	0.529747962952
1	1	0.632299900055
1	1	0.556535005569
1	1	0.466866970062
8	1	0.868387937546
8	0	0.562228918076
7	1	0.337882041931
8	1	0.570454835892
7	1	0.460443973541
7	1	0.432641029358
7	1	0.483417034149
8	1	0.682127952576
7	1	0.401346921921
8	0	0.683023929596
8	1	0.483683109283
8	1	0.55254983902
7	0	0.451967954636
7	1	0.577668905258
8	1	0.490792036057
8	1	0.506995916367
7	0	0.722587108612
7	0	0.360279798508
7	1	0.587609052658
8	1	0.491199970245
8	1	0.546264886856
8	0	0.386292219162
7	0	0.465121984482
8	0	0.515673875809
7	1	0.628012895584
7	1	1.15236496925
8	1	0.410575151443
7	1	0.540406942368
7	0	0.474841117859
8	0	0.242421150208
7	1	0.226146936417
7	1	0.461575984955
8	1	0.633334159851
7	1	0.513028860092
8	0	0.355489969254
7	1	0.338730096817
7	1	0.482548952103
7	1	0.452235937119
7	0	0.374965190887
7	1	0.589410066605
8	1	0.407614946365
8	1	0.510518074036
7	1	0.402606964111
7	1	0.448767900467
7	1	0.351636886597
7	1	0.517609834671
8	1	0.44980597496
8	1	0.459014892578
8	0	0.506583929062
7	1	0.272268772125
7	1	0.547399044037
8	1	0.444159030914
7	1	0.528195142746
8	0	0.771849155426
7	0	0.491326808929
7	1	0.473984003067
8	0	0.728313207626
8	1	0.754799842834
8	1	0.581199169159
8	1	0.546112060547
8	1	0.530780076981
7	1	0.530855894089
8	1	0.538450956345
7	1	0.474766969681
7	0	0.648731946945
7	1	0.706382036209
8	1	0.5047519207
8	1	0.490968942642
7	1	0.69840502739
7	0	0.692255973816
8	0	0.785202026367
7	1	1.24962496758
8	1	0.58710193634
7	1	0.68909907341
7	1	0.59569978714
7	1	0.697106838226
7	1	0.515689134598
7	1	0.665838956833
7	1	0.506355047226
7	1	0.672547101974
8	1	0.569699048996
7	1	0.459689855576
7	1	0.522799968719
8	1	0.513426065445
7	1	0.515151023865
8	1	0.434364080429
8	1	0.481246948242
7	1	0.460216999054
8	1	0.554718017578
8	1	0.419157981873
7	1	0.45773100853
8	1	0.547415971756
7	1	0.504718065262
7	1	0.525451898575
8	1	0.648175001144
8	1	0.467018842697
8	1	0.45178103447
7	1	0.553196907043
8	1	0.483913898468
7	1	0.489171981812
8	1	0.395323038101
8	1	0.482281923294
7	1	0.420256137848
7	1	0.601652860641
7	1	0.66716003418
7	1	0.482671976089
7	1	0.554115056992
8	1	0.427797079086
8	1	0.523016929626
7	1	0.436497926712
7	0	0.394412994385
7	1	0.479887008667
7	1	0.460649013519
8	1	0.560725927353
8	1	0.63577580452
8	1	0.466090917587
7	1	0.491074800491
7	1	0.644654035568
7	1	0.555552959442
7	1	0.538994073868
8	0	0.646781921387
8	1	0.5319480896
7	1	0.482855081558
8	0	0.5950050354
7	1	0.210855007172
7	0	0.72357583046
7	0	0.346524000168
7	1	0.467486858368
7	1	0.697447061539
7	1	0.970510959625
8	1	0.387490987778
8	1	0.529353141785
7	1	0.410802125931
8	1	0.490652084351
7	1	0.491629123688
8	1	0.522243022919
7	1	0.451407194138
7	1	0.560966968536
8	1	0.714474916458
7	1	0.691405057907
7	1	0.433537006378
7	1	0.754339933395
8	1	0.484934091568
7	1	0.494525909424
8	1	0.356275081635
4	1	0.626188993454
4	1	0.506198883057
4	1	0.546164989471
4	1	0.479494810104
4	1	0.47949385643
4	0	0.506222009659
4	0	0.386157035828
4	1	0.62614607811
4	1	0.972798109055
4	1	0.89288187027
4	1	0.719470977783
4	1	0.532855987549
4	0	0.612788915634
4	0	0.719979047775
4	0	0.946223020554
4	1	0.586122989655
4	1	1.03956103325
4	1	0.466608047485
4	1	0.533382177353
4	1	0.559922933578
4	1	0.440013885498
4	1	0.479928016663
4	1	0.39998793602
4	1	0.5599360466
4	1	0.493365049362
4	1	0.732893943787
4	0	0.639404058456
4	0	0.479458093643
4	0	0.55943608284
4	1	1.07950806618
4	0	0.706190824509
4	1	0.626155138016
4	1	0.49277806282
4	0	1.13274717331
4	0	0.652956008911
4	1	0.639400959015
4	0	9.12883591652
4	1	0.919495105743
4	1	0.599556922913
4	0	0.626163959503
4	1	0.666486978531
4	0	0.453434944153
4	1	0.65332698822
4	1	0.719624042511
4	1	0.719514846802
4	1	0.666101932526
4	1	0.732839822769
4	1	0.813227891922
4	1	0.55962896347
4	1	0.599421977997
4	0	0.652894020081
4	1	0.546090841293
4	1	0.586181879044
4	1	0.972951173782
4	1	0.572964191437
4	1	0.746164083481
4	1	0.612923145294
4	0	0.692829847336
4	1	0.559969902039
4	1	0.546694040298
4	1	0.559921979904
4	1	0.413322925568
4	1	0.453274011612
4	1	0.813102960587
4	1	0.572801828384
4	1	1.06625199318
4	1	1.03942489624
4	1	0.586230039597
4	1	0.519486904144
4	1	0.492801904678
4	1	0.50617814064
4	1	0.652918100357
4	1	0.786406993866
4	1	0.413278102875
4	1	0.720069885254
4	1	0.546583175659
4	1	0.692847967148
4	1	0.772822141647
4	1	0.532773017883
4	1	0.559782028198
4	1	0.519968032837
4	1	0.613305091858
4	1	0.506744861603
4	1	0.586699008942
4	1	0.666531085968
4	1	0.426676988602
4	1	0.533389091492
4	1	0.493286848068
4	1	0.692826032639
4	1	0.412858963013
4	1	0.492831945419
4	1	0.532790184021
4	1	0.506154060364
4	0	0.586156129837
4	1	0.492854118347
4	1	0.599491119385
4	1	0.519520998001
4	0	0.986191987991
4	1	0.759501934052
4	1	0.599560976028
4	0	0.666188001633
4	1	0.772891044617
4	1	0.653399944305
4	0	0.613327980042
4	1	0.612943887711
4	1	0.559486865997
4	1	0.679565906525
4	1	0.612808942795
4	1	0.532899856567
4	1	0.519784927368
4	1	0.506562948227
4	1	0.519901990891
4	1	0.666568994522
4	1	0.506597042084
4	1	0.506652832031
4	1	0.453438997269
4	0	0.546654939651
4	1	0.640025138855
4	1	0.559868097305
4	1	0.519658088684
4	1	0.453285932541
4	0	0.413296937943
4	1	0.466547966003
4	0	0.586652040482
4	1	0.626220941544
4	0	0.599452018738
4	0	0.412827968597
4	0	0.333389043808
4	0	1.02623391151
4	1	0.639695167542
4	1	0.466645002365
4	0	0.91970205307
4	1	0.572887182236
4	1	0.479470014572
4	1	0.666220903397
4	1	0.452868938446
4	1	0.612861156464
1	1	0.479579925537
1	1	0.546243906021
1	1	0.572860956192
1	1	0.492879867554
1	1	0.466202974319
1	1	0.45284986496
1	1	0.412850141525
1	1	0.519423007965
1	1	0.572750091553
1	1	0.412781000137
1	0	0.292891025543
1	1	0.59948682785
1	0	0.639500141144
1	1	0.559486865997
1	1	0.746052026749
1	1	0.559551954269
1	1	0.479622125626
1	0	0.586156129837
1	1	2.17196297646
1	0	0.666087150574
1	1	0.532824993134
1	1	0.719473838806
1	1	1.63911581039
1	1	0.733376979828
1	1	2.22572183609
1	1	1.3727619648
1	1	0.439571142197
1	0	0.572828769684
1	1	1.70582795143
1	1	1.4394659996
1	1	0.799976110458
1	0	0.652853965759
1	0	0.639585018158
1	1	0.519479990005
1	1	0.532835006714
1	1	0.546200037003
1	1	0.492828130722
1	1	0.532742023468
1	1	0.452787876129
1	1	0.532730102539
1	1	0.532806158066
1	0	0.479622125626
1	1	0.586227893829
1	1	0.333138227463
1	1	0.492748022079
1	1	0.572821140289
1	0	0.43955206871
1	1	2.11894202232
1	1	0.586776971817
1	0	0.493332147598
1	1	0.613425970078
1	0	0.599801778793
1	1	0.493066072464
1	1	0.559480905533
1	1	0.466247797012
1	0	3.2251188755
1	1	1.90575003624
1	0	0.706125974655
1	1	1.0394589901
1	1	0.852792978287
1	0	2.1322851181
1	1	0.746217012405
1	0	0.559535980225
1	1	0.266246080399
1	1	2.55851316452
1	1	0.692771911621
1	1	0.626116037369
1	0	0.506140947342
1	1	1.34576892853
1	1	0.892865896225
1	0	0.573301076889
1	0	1.63945412636
1	1	0.480057001114
1	1	1.51960301399
1	0	1.66563391685
1	1	0.599485874176
1	0	0.706157922745
1	1	1.7990219593
1	1	0.746502161026
1	1	0.53289103508
1	1	1.01284694672
1	1	1.99900484085
1	1	2.58512997627
1	1	0.50628900528
1	1	0.47954916954
1	1	0.452903985977
1	0	1.11954808235
1	0	1.74595189095
1	0	0.759593963623
1	1	0.692765951157
1	0	0.839570999146
1	1	1.45283794403
1	1	2.58570194244
1	0	0.986145973206
1	1	0.626256942749
1	1	0.626409053802
1	1	0.546648979187
1	1	0.533353090286
1	1	0.519941091537
1	1	0.506627082825
1	1	0.493370056152
1	1	0.493335008621
1	0	0.34671998024
1	0	1.73280596733
1	1	0.520045995712
1	1	0.65293598175
1	0	0.866183996201
1	0	0.879501104355
1	0	0.892779827118
1	1	0.479470014572
1	1	0.46612906456
1	0	0.892842054367
1	0	0.399981975555
1	1	0.546200037003
1	0	0.693156003952
1	1	0.519997119904
1	0	0.186663866043
1	0	0.226232051849
1	0	0.213376045227
1	1	1.15949511528
1	1	0.493295907974
1	1	0.573290109634
1	0	1.35952615738
1	1	0.572948932648
1	0	0.67996096611
1	1	0.759658098221
7	0	1.27928590775
7	0	0.426211833954
8	0	0.492740869522
7	1	0.533402919769
8	0	1.51936197281
7	1	0.772882938385
8	0	0.6395008564
7	1	0.51953291893
7	0	0.906237125397
8	1	0.560019016266
8	0	0.333382129669
8	1	0.186668157578
8	0	2.47851991653
8	1	1.8124628067
7	1	1.25287294388
8	1	0.826402187347
7	1	0.799492120743
7	0	0.653387069702
8	1	0.666402101517
7	1	0.759448051453
7	0	0.679514884949
7	1	1.06597399712
8	0	0.999553203583
7	1	0.360005140305
7	1	0.506112098694
7	1	0.399526119232
8	1	0.612789869308
7	0	2.4786760807
7	1	3.37148189545
7	1	0.946218013763
8	1	2.63909101486
8	1	0.772836923599
8	0	0.772907018661
7	0	1.41262292862
7	0	0.65287399292
8	1	0.986172914505
7	1	0.612781047821
7	1	0.599570989609
8	1	0.57292509079
8	1	0.892956018448
7	1	1.74585795403
8	1	1.14609098434
8	1	0.479929924011
7	1	0.972864151001
8	0	2.11902999878
8	1	0.626653909683
7	1	1.03948998451
8	1	2.99847912788
8	0	1.15953397751
7	0	1.99904108047
8	1	0.612815856934
7	1	1.02626085281
8	1	0.546684026718
7	1	0.586670160294
8	1	0.599512815475
8	1	0.759469032288
7	1	0.599505901337
8	1	0.572927951813
7	0	0.653126955032
7	0	0.493295907974
8	1	0.373435020447
8	1	0.43986082077
7	1	0.59977388382
7	0	0.560016155243
8	1	0.586607217789
7	1	0.54661989212
7	1	0.666636943817
7	0	0.426691055298
8	1	0.493291139603
7	0	0.493211984634
7	1	0.612907171249
8	1	0.559419870377
8	1	0.732908964157
8	1	0.892915964127
8	1	0.839564085007
7	0	0.666220903397
8	1	0.439457178116
7	0	0.572893857956
8	1	0.439469099045
7	1	0.47954416275
8	1	0.546252965927
7	1	0.73291683197
8	0	0.63974905014
8	1	0.746583938599
8	1	0.586395025253
8	1	0.892798185349
8	1	0.639564990997
7	1	0.573305130005
8	1	0.62656712532
8	1	0.586699962616
7	1	0.599879026413
8	1	0.639430999756
7	1	0.719522953033
7	1	0.612799882889
8	0	0.586202144623
7	1	0.600030183792
8	1	0.546649217606
7	1	0.613227128983
7	1	0.666356086731
7	1	0.626151800156
7	1	0.599436998367
7	0	0.759568929672
7	1	0.679781913757
8	1	0.666646957397
7	1	0.560024023056
7	1	0.586268186569
8	1	0.586153030396
7	1	0.599486112595
7	0	0.732746124268
7	1	0.559659004211
8	1	0.613296031952
8	1	0.520005941391
7	1	0.480053186417
8	1	0.466590166092
7	1	1.03954720497
7	1	0.452785015106
8	1	0.546147823334
7	0	0.452832937241
8	1	0.626181840897
8	1	0.506174087524
7	1	0.466116905212
7	1	0.586213111877
7	0	1.65239787102
7	1	0.626595973969
8	1	0.720076799393
7	1	0.573109865189
8	1	0.599562883377
8	1	0.746196985245
8	1	0.706707000732
8	1	0.57300901413
8	1	0.692895889282
7	0	0.732877016068
7	0	0.773005008698
8	1	0.573365926743
8	1	0.666429042816
7	1	1.01281404495
7	1	1.34602999687
7	1	0.706228017807
7	1	0.639927148819
8	0	0.65331697464
7	1	0.55997800827
7	1	0.626178026199
8	1	0.612884044647
8	0	0.572766065598
7	1	0.532846927643
7	1	0.546137094498
8	1	0.479420900345
8	1	0.5728328228
8	1	0.586298942566
7	0	0.61333322525
7	1	0.479991197586
8	1	0.493340969086
7	1	0.493325948715
7	1	0.493268966675
8	1	0.493362188339
8	1	0.440077066422
8	0	0.46665596962
8	1	0.57331609726
7	1	0.546675920486
7	1	0.613348007202
7	1	0.746253013611
7	1	0.61275601387
7	1	0.45281291008
8	1	0.479533910751
8	1	0.492817878723
7	1	0.426175117493
7	1	0.439719200134
8	0	0.386652946472
8	1	0.559706926346
7	1	0.652904987335
8	1	0.452776908875
8	1	0.866166830063
8	1	1.29248809814
7	1	0.519492864609
7	1	0.692949056625
7	1	0.786478996277
7	0	0.559903860092
8	1	0.67952299118
8	1	0.546175003052
8	1	0.506149053574
7	0	0.519469976425
7	1	0.532869100571
8	1	0.959545135498
8	0	0.81318116188
7	1	0.612769126892
7	1	0.652873039246
8	1	0.93287396431
7	1	0.573288917542
7	1	0.546663045883
7	1	0.679757118225
7	1	0.666206121445
8	1	0.479537963867
7	1	0.692842006683
7	1	0.679588079453
8	1	0.906496047974
7	1	0.519824028015
8	1	0.572772026062
8	1	0.666125059128
8	0	0.586261987686
8	1	0.732882976532
8	1	0.5733730793
8	1	0.573369979858
7	0	0.68005490303
8	1	0.65283703804
7	1	0.972908973694
7	1	0.799998044968
7	1	0.826119184494
7	1	0.652826070786
8	1	0.519531965256
7	1	0.466059207916
7	1	0.612843036652
7	1	0.546492099762
7	0	0.640002012253
8	0	0.53328704834
7	1	0.653403043747
7	0	0.666196107864
8	1	0.599478960037
8	1	0.772808074951
7	1	0.506253004074
7	1	0.466411828995
8	1	0.506145954132
8	0	0.45291686058
7	0	0.879528999329
8	1	0.546629905701
7	1	0.586729049683
7	1	0.466743946075
7	1	0.626137971878
7	0	0.586235046387
7	0	0.652904987335
7	1	0.652848005295
7	1	0.50636100769
7	0	0.839583158493
7	0	0.799502849579
8	1	0.732917785645
7	0	0.732734918594
7	0	0.493352890015
7	1	0.426718950272
7	1	0.440074920654
7	0	0.786431789398
7	1	0.653278827667
7	1	0.759454965591
7	0	0.492845058441
8	1	0.546146154404
8	1	0.612986087799
7	1	0.612870931625
8	1	0.573303937912
7	1	0.919678926468
8	0	0.532875061035
7	1	0.812837123871
8	0	0.82616519928
8	1	0.759847164154
7	1	0.826144933701
8	1	1.05282998085
7	1	0.666198968887
8	1	1.63906097412
7	0	0.65283703804
7	1	0.532829999924
8	1	0.586214065552
7	1	0.692981958389
7	1	0.493202209473
7	1	0.613288879395
8	1	0.506633043289
8	1	0.426671981812
8	1	0.413341999054
8	1	0.453362941742
7	1	0.480057954788
7	0	0.493347167969
7	1	0.533396959305
5	1	0.652730941772
6	1	0.573321819305
5	1	0.679948091507
6	1	0.493389129639
5	1	0.506716012955
5	1	0.519999027252
6	1	0.586635828018
5	1	0.599536180496
5	1	0.532862186432
5	0	0.54619383812
5	1	0.519464969635
6	1	0.519556999207
6	1	0.719449043274
6	1	0.572782039642
5	0	0.573181867599
6	1	0.613206148148
5	1	0.600087165833
5	0	0.533325910568
5	1	0.666323900223
5	1	0.62615609169
5	1	0.479475975037
5	0	0.612853050232
5	1	0.599476099014
5	1	0.586230993271
5	1	0.559705972672
6	1	0.693295001984
6	1	0.573402881622
6	0	0.586698055267
5	1	0.533321142197
5	1	0.399995088577
6	1	0.466635942459
5	0	0.53321313858
5	1	0.546595096588
5	1	0.479935884476
6	1	0.506666898727
5	1	0.439963102341
5	1	0.652918100357
6	1	0.612847089767
5	1	0.559512138367
5	1	0.892803192139
6	0	0.73339009285
5	1	0.506656885147
5	1	1.11941599846
6	1	0.586496829987
5	1	0.853308916092
5	1	0.812891960144
5	1	0.666100025177
6	0	0.799598932266
5	1	0.719872951508
5	1	0.612951040268
6	1	0.83954501152
6	1	0.82625412941
5	0	0.693207025528
5	1	0.572860002518
6	1	0.772877931595
6	1	0.812808036804
6	1	1.0128891468
6	1	0.799493789673
6	1	0.599673032761
5	1	0.666676998138
6	1	0.613388061523
6	1	0.626425027847
6	1	0.59960103035
5	1	0.519543886185
5	0	0.732800006866
6	0	0.692743062973
6	1	0.800047874451
5	1	0.759484052658
6	1	0.666207075119
5	1	0.679480791092
6	1	0.706543922424
6	1	0.653445005417
6	1	0.786165952682
6	0	0.652793884277
6	0	0.892798900604
5	0	0.60005903244
6	0	0.573418140411
6	1	0.599617004395
5	0	0.826200008392
6	1	1.18566083908
6	1	0.65286898613
5	0	0.812815904617
5	1	0.626703977585
6	1	0.613349914551
6	1	0.639958143234
5	1	0.533159017563
6	1	0.572803020477
5	1	0.532814979553
5	1	0.626116991043
5	1	0.51942896843
5	1	0.612790822983
6	1	0.6795399189
5	1	0.586736917496
5	1	0.520066022873
6	1	0.479979991913
6	1	0.440015077591
5	1	0.573281049728
6	1	0.573266983032
5	1	0.546636104584
5	1	0.506680965424
5	0	0.453377962112
5	1	0.573429822922
5	1	0.613045930862
5	0	1.0528960228
5	0	0.760051012039
6	1	0.613211154938
5	1	0.652798891068
6	1	0.652892112732
5	1	0.719466924667
6	1	0.933099985123
5	1	0.79946398735
5	0	1.26582980156
6	1	0.706146001816
6	1	0.652836084366
6	1	0.546154022217
5	1	0.666346073151
5	1	0.680023908615
6	1	0.666435003281
5	1	0.546195983887
6	1	0.559531927109
6	1	0.719523906708
5	1	0.70608997345
5	0	0.626523971558
6	0	0.533347845078
6	1	0.720062017441
5	0	0.9728038311
5	1	1.25230813026
5	0	0.626111984253
5	1	0.746175050735
6	1	0.706598997116
5	1	0.679831981659
6	1	0.652836084366
6	1	0.612844944
5	1	0.599509000778
6	1	0.586219072342
6	1	0.692960977554
5	1	0.693368911743
6	1	0.852838039398
2	1	0.706079959869
2	1	0.559570074081
2	1	0.599472045898
2	1	0.75972700119
2	1	0.719748973846
2	1	0.519740104675
2	1	0.652801036835
2	1	0.492743015289
2	0	0.719438076019
2	1	0.586149930954
2	1	0.613061189651
2	1	0.533283948898
2	1	0.599940061569
2	0	0.640037059784
2	0	1.75893306732
2	0	0.57285785675
2	0	0.679507017136
2	0	0.47946190834
2	0	0.319539070129
2	1	0.292803049088
2	0	0.452943086624
2	0	0.79957818985
2	1	0.319422960281
2	1	0.492786169052
2	0	0.55938577652
2	0	0.386211156845
2	0	0.386384010315
2	0	0.213269948959
2	0	0.65331697464
2	0	0.30658197403
2	1	0.506678819656
2	1	0.613333940506
2	1	0.519989967346
2	1	0.506746053696
2	1	0.479986906052
2	1	0.53342294693
2	0	0.493319988251
2	1	0.599752902985
2	0	0.453271865845
2	0	0.480030059814
2	0	0.28001999855
2	1	0.786328792572
2	1	0.599584102631
2	0	0.639505147934
2	0	0.599498033524
2	1	0.772833824158
2	0	0.600028991699
2	1	0.89280295372
2	1	0.719450950623
2	1	0.71945810318
2	1	0.613364934921
2	1	0.586673021317
2	1	0.573272943497
2	1	0.546424865723
2	1	0.612908840179
2	1	0.572819948196
2	1	0.599530935287
2	1	0.5594830513
2	1	0.559493780136
2	1	0.532828807831
2	1	0.546269893646
2	0	0.559774875641
2	1	0.746778011322
2	1	0.533354997635
2	0	0.520069122314
2	1	0.586509943008
2	1	0.719527006149
2	1	0.666190862656
2	1	0.692919969559
2	0	0.906414985657
2	1	1.22615695
2	1	0.919456005096
2	1	0.626085042953
2	1	0.692898988724
2	1	0.666452884674
2	1	0.760057926178
2	0	0.67954993248
2	1	0.572782039642
2	1	0.639496803284
2	1	0.73285984993
2	0	0.693377971649
2	1	0.640008926392
2	0	1.30627799034
2	1	0.892868041992
2	1	0.879535913467
2	1	0.746521949768
2	1	0.560019016266
2	1	0.81285405159
2	1	0.50621509552
2	1	0.532845973969
2	1	0.492805957794
2	1	0.506105899811
2	1	0.559477090836
2	1	0.559563875198
2	1	0.546175956726
2	1	0.732870101929
2	1	0.49334192276
2	1	0.506581068039
2	1	0.55992603302
2	1	0.626605987549
2	1	0.599809885025
2	1	0.826222896576
2	1	0.719424009323
2	1	0.679938077927
2	1	0.613415002823
2	1	0.653023958206
2	1	0.546215057373
2	1	0.65282702446
2	1	0.639487028122
2	1	0.599555015564
2	1	0.599766969681
2	0	0.493384838104
2	1	0.573354959488
2	0	0.533391952515
2	1	0.519988775253
2	1	0.533335924149
2	1	0.306725978851
2	1	0.679916143417
2	1	0.653286933899
2	1	0.626212120056
2	0	1.02614498138
2	0	0.506690979004
2	1	0.493364095688
2	1	0.773334980011
2	1	0.666217088699
2	1	0.612812042236
2	1	0.812813997269
2	0	0.533180952072
2	1	0.599897861481
2	1	0.666704893112
2	1	0.706182003021
2	1	0.586146831512
2	1	0.559567928314
2	1	0.546156167984
2	1	0.572817087173
2	1	0.826231002808
2	1	0.679944038391
2	0	0.599984169006
2	1	0.61283493042
2	1	0.666091918945
3	1	0.546138048172
3	0	0.599523067474
3	1	0.413116931915
3	1	0.612816095352
3	0	0.679883956909
3	0	0.639976024628
3	1	0.719486951828
3	0	0.786261081696
3	1	0.572853088379
3	0	0.652940988541
3	0	0.520060062408
3	1	0.759990930557
3	1	0.586340904236
3	1	0.626204013824
3	1	0.559462785721
3	1	0.652757883072
3	1	0.612861871719
3	1	0.546417951584
3	1	0.813368797302
3	1	0.519981145859
3	1	0.546649217606
3	1	0.493391036987
3	1	0.49330496788
3	1	0.466699838638
3	1	0.480010032654
3	1	0.666239976883
3	1	0.559453010559
3	1	0.586177825928
3	1	0.55946803093
3	1	0.506232976913
3	0	0.58612704277
3	1	0.652872085571
3	1	0.786664009094
3	1	0.559952974319
3	1	0.519942998886
3	1	0.4665620327
3	0	0.706145048141
3	1	0.652862071991
3	1	0.652824163437
3	0	0.559667110443
3	1	0.58656001091
3	1	0.63994884491
3	1	0.546679019928
3	1	0.479958057404
3	1	0.719676017761
3	1	0.652830123901
3	1	0.47941493988
3	1	0.786242961884
3	1	0.559726953506
3	1	0.680011034012
3	1	0.546747207642
3	1	0.493432044983
3	1	0.533325910568
3	1	0.48002409935
3	1	0.599921941757
3	1	0.626194953918
3	1	0.546224832535
3	1	0.639524936676
3	1	0.492829084396
3	1	0.559566020966
3	0	0.506123065948
3	1	0.639561891556
3	1	0.559639930725
3	1	0.653252124786
3	1	0.493376970291
3	1	0.640070915222
3	1	0.812837123871
3	1	0.53293299675
3	1	0.772754907608
3	1	0.946362018585
3	1	0.612910032272
3	0	0.692882061005
3	1	0.452888965607
3	1	0.519418954849
3	1	0.746201038361
3	1	0.746433973312
3	1	0.573335886002
3	1	0.506665945053
3	1	0.493371009827
3	1	0.613173007965
3	1	0.493180036545
3	1	0.639497041702
3	1	0.506160020828
3	1	0.506192207336
3	1	0.57282781601
3	1	0.492841005325
3	1	0.599442005157
3	0	0.506230115891
3	0	0.546153068542
3	1	0.492816925049
3	1	0.586157798767
3	1	0.573003053665
3	1	0.426697015762
3	1	0.493153810501
3	1	0.426416873932
3	1	0.626186847687
3	1	0.466671943665
3	1	0.533308982849
3	1	0.413424015045
3	1	0.599817991257
3	1	0.613255023956
3	1	0.453336000443
3	1	0.58665394783
3	1	0.479942083359
3	0	0.640066146851
3	0	0.559772968292
3	1	0.479934930801
3	1	0.546361923218
3	0	0.546182155609
3	1	0.599495172501
3	1	0.519593000412
3	1	0.572785139084
3	1	0.626147031784
3	1	0.6795399189
3	1	0.573396921158
3	0	0.493329048157
3	1	0.546618938446
3	1	0.559990882874
3	1	0.533399105072
3	1	0.692903995514
3	1	1.05285906792
3	1	0.533324956894
3	1	0.599924087524
3	1	0.613315105438
3	1	0.826219081879
3	1	0.586244106293
3	1	0.519573926926
3	1	0.452882051468
3	1	0.506155967712
3	1	0.439504861832
3	0	0.506204843521
3	1	0.532856941223
3	1	0.4794921875
3	1	0.546190023422
3	0	0.692925930023
3	1	0.680034160614
3	1	0.773059844971
3	1	1.11949396133
3	1	0.640039920807
3	1	0.519986152649
3	1	0.573389053345
3	1	0.493303060532
3	1	0.506587028503
6	1	0.946084976196
6	1	0.559980869293
5	1	0.546581983566
5	1	0.560091972351
5	1	0.573210954666
5	1	0.532994031906
5	1	0.572754144669
5	1	0.519546985626
5	1	0.546259880066
5	1	0.626209020615
6	1	0.532862186432
5	1	0.586234092712
6	1	0.506241798401
5	1	0.452829837799
5	0	0.49280500412
6	1	0.679413080215
5	1	0.506628990173
5	1	0.573358058929
5	1	0.453274011612
6	1	0.38657784462
5	1	0.519936084747
6	1	0.533334970474
6	1	0.680056095123
5	1	0.599949836731
6	1	0.772873163223
6	1	0.652792930603
6	1	0.652912139893
6	1	0.559810161591
5	1	1.1728618145
5	1	0.546163082123
5	1	0.652881145477
6	1	0.65300989151
5	1	0.520004034042
5	0	0.520036935806
5	1	0.479933977127
5	1	0.573428153992
5	1	0.600003004074
6	1	0.666239023209
6	1	0.572844982147
6	1	0.692786931992
5	1	0.759609937668
6	0	0.733394145966
6	0	1.41279792786
5	0	0.626569986343
6	0	0.71949505806
5	1	0.506104946136
5	1	0.58616399765
5	0	0.559568881989
5	1	0.532840967178
5	0	0.732724905014
5	1	0.640070915222
5	0	0.573369979858
6	0	0.626707077026
5	0	1.22621488571
6	0	0.560009002686
5	0	0.46675992012
5	0	0.320075035095
5	1	0.612860202789
6	1	0.439513921738
6	1	0.55952000618
6	0	0.346410989761
5	1	0.226657152176
6	0	0.680052995682
5	1	0.360040903091
5	1	0.373341083527
6	1	0.493424892426
5	1	0.546704053879
5	1	0.613395214081
6	1	0.493213891983
5	1	0.426632165909
5	1	0.400026082993
5	1	0.373268127441
6	1	0.346603155136
6	1	0.426177978516
6	1	0.41290807724
5	0	0.506158828735
5	0	0.626184225082
6	1	0.439475059509
6	0	0.546205997467
6	1	0.439523935318
6	1	0.546205997467
5	1	0.599405050278
5	1	0.506443023682
5	0	0.546632051468
6	0	0.600008010864
6	0	0.519991874695
6	0	0.33324098587
5	1	0.386619091034
5	0	0.466369152069
6	1	0.506155967712
5	1	0.866252183914
6	1	0.546764135361
6	1	0.44008898735
6	1	0.573328971863
6	1	0.453361988068
5	1	0.519954919815
5	1	0.679572105408
5	1	0.399815797806
6	1	0.440057039261
6	1	0.586306095123
6	1	0.506392002106
6	1	0.599498033524
5	1	0.479570150375
6	1	0.506063938141
5	1	0.506181955338
6	1	0.452898025513
5	0	0.546173095703
6	1	0.466192960739
5	0	0.492795944214
6	1	0.479424953461
6	1	0.45273399353
5	1	0.466084003448
6	1	0.559567928314
6	1	0.652790784836
5	1	0.506072998047
5	1	0.532937049866
5	1	0.506114006042
5	1	0.479464054108
5	1	0.466204166412
5	1	0.466202974319
5	0	0.4928150177
6	1	0.61278796196
5	1	0.532756090164
5	1	0.706261873245
6	1	0.49328494072
6	1	0.57333111763
6	1	0.733123064041
5	1	0.639496088028
6	1	0.759453058243
6	1	0.746115922928
5	1	0.560020923615
6	1	0.546602964401
6	0	0.640017986298
5	1	0.706263780594
6	1	0.506229162216
5	0	0.759490966797
6	1	0.626127958298
5	1	0.61324095726
5	1	0.533356904984
5	1	0.613359928131
5	1	0.546621084213
5	1	0.74621295929
5	1	0.492872953415
6	1	0.626132965088
7	1	0.599792003632
8	1	0.359886884689
8	1	0.45307803154
8	1	0.493205070496
8	1	0.373252868652
8	1	0.546414136887
8	1	0.386584043503
7	0	0.334959983826
8	1	0.519737005234
7	1	0.453144073486
8	1	0.359869003296
7	1	0.948001146317
8	1	0.386561870575
8	1	0.41317987442
7	1	0.373195171356
8	1	0.388154983521
7	0	0.654812097549
7	1	0.399842977524
7	1	0.414828062057
7	0	0.959659099579
8	1	1.03966498375
8	1	0.599718809128
7	1	0.439801931381
8	1	0.479841947556
8	1	0.45318198204
7	1	0.586447954178
8	0	0.626497030258
7	1	0.66649389267
7	1	0.533146858215
7	1	0.46657705307
8	1	0.586507081985
7	1	0.573080778122
8	1	0.626511096954
8	0	0.59978890419
8	1	0.613066911697
7	1	0.613071203232
8	1	0.49311709404
8	1	0.519813776016
8	0	0.573101043701
8	0	0.628159999847
8	1	0.559854030609
7	1	0.69309592247
7	1	0.654905080795
7	1	0.479825019836
8	1	0.693012952805
8	1	0.653152942657
7	1	0.494780063629
7	1	0.986354112625
8	1	0.588202953339
7	1	0.519830942154
7	1	0.439913988113
8	1	0.426660060883
8	1	0.586440086365
8	1	0.626445055008
8	1	0.626448869705
7	1	0.439821958542
8	1	0.373148918152
7	1	0.439796924591
8	0	0.706376075745
7	1	0.481571912766
7	1	0.51987695694
7	1	0.479763031006
7	1	0.373123884201
7	1	0.439771175385
8	1	0.466491937637
8	1	0.333250999451
7	1	0.639778137207
8	1	0.468239784241
8	1	0.359883069992
8	1	0.439903974533
8	1	0.719763040543
8	0	0.493173122406
7	1	0.479823827744
8	1	0.439909934998
8	1	0.414895057678
8	1	0.719726085663
8	1	0.453139066696
8	1	0.746329069138
8	1	0.346559047699
8	1	0.559768915176
8	1	0.468301057816
7	1	0.519825935364
7	1	0.413107872009
8	1	0.454826116562
8	1	0.5464220047
8	1	0.39994597435
8	1	0.42644906044
8	1	0.613125801086
7	1	0.388322114944
8	0	0.479802846909
8	1	0.639733076096
7	1	0.73304104805
7	1	0.533219099045
7	1	0.599822044373
7	0	0.653167009354
7	1	0.573081016541
7	1	0.466552019119
8	0	0.706427097321
8	1	0.719758033752
8	1	0.932986021042
7	1	0.468346834183
8	0	0.399953126907
7	0	0.573208093643
7	1	0.559784889221
7	0	0.772974014282
7	0	0.61310505867
8	1	0.453212976456
7	1	0.574932098389
8	1	0.426583051682
8	0	0.839714050293
7	0	0.493117809296
8	1	0.893064975739
7	1	0.786337852478
7	1	0.439790010452
7	1	0.508211135864
8	1	0.454967021942
7	1	0.466548919678
7	1	0.733090877533
8	1	0.439846992493
7	1	0.746386051178
7	1	0.466407060623
8	1	0.546437978745
7	1	0.49307012558
8	0	0.55973982811
8	1	0.533121109009
8	1	0.826427936554
8	1	0.413171052933
7	1	0.521615982056
7	1	0.559834003448
8	1	0.453227043152
7	1	0.559872150421
7	1	0.58823299408
7	1	0.639760971069
8	0	0.479772090912
7	1	0.453203201294
7	1	0.573192834854
8	1	0.493119001389
8	1	0.533211946487
8	1	0.519852161407
8	1	0.613149166107
7	1	0.653079986572
8	1	0.574857950211
7	0	1.21464705467
7	0	0.613143920898
1	1	0.626528978348
1	1	0.413197040558
1	1	0.42663693428
1	1	0.399847984314
1	1	0.479882955551
1	1	0.373192071915
1	1	0.45311999321
1	1	0.373136997223
1	1	0.346596002579
1	0	0.413208961487
1	1	0.453074216843
1	1	0.388391971588
1	1	0.626538038254
1	1	0.359899997711
1	1	0.50653886795
1	1	0.373142004013
1	1	0.373276948929
1	1	0.439791917801
1	0	0.42659497261
1	0	0.654814004898
1	1	0.786396980286
1	1	0.508192062378
1	1	0.359899997711
1	0	0.559818029404
1	1	0.653121948242
1	1	0.653122901917
1	1	0.759793996811
1	1	0.706448078156
1	1	0.399924993515
1	1	0.866421937943
1	1	0.972980976105
1	1	0.67976808548
1	1	0.826400995255
1	1	0.49319601059
1	1	0.533023834229
1	0	0.788110971451
1	1	0.559835910797
1	1	1.79946208
1	1	0.746324777603
1	1	0.69313287735
1	1	0.439880132675
1	1	1.21290016174
1	1	0.519930124283
1	1	0.479796171188
1	1	0.546518802643
1	1	0.719755172729
1	1	0.399777889252
1	1	0.426573991776
1	1	0.439880132675
1	1	0.373172044754
1	1	0.346610069275
1	1	0.441657066345
1	1	0.546411991119
1	1	0.413235187531
1	1	0.39990901947
1	1	0.519762992859
1	1	0.479847192764
1	1	0.533206939697
1	1	0.413296937943
1	1	0.479882955551
1	1	0.493180036545
1	1	0.426541805267
1	1	0.413193941116
1	1	0.413223028183
1	1	0.413203001022
1	1	0.49317908287
1	1	0.453119039536
1	1	0.453174829483
1	1	0.414878129959
1	1	0.426573991776
1	0	0.773123979568
1	1	0.41322517395
1	1	0.479845046997
1	1	0.426529884338
1	1	0.879672050476
1	1	0.972964048386
1	1	0.626491069794
1	1	0.706379890442
1	1	0.573146104813
1	1	2.57240605354
1	0	0.773086071014
1	0	0.54643201828
1	1	0.533142089844
1	1	0.479848861694
1	1	0.599786996841
1	1	0.439826965332
1	1	0.479907989502
1	1	0.708055019379
1	0	0.692989110947
1	1	1.01297688484
1	1	0.786401033401
1	0	0.493160009384
1	1	0.47981595993
1	1	0.519747018814
1	1	0.786302804947
1	1	0.546465873718
1	1	0.559786081314
1	1	0.62644982338
1	1	0.426538228989
1	1	0.439918994904
1	1	0.533192873001
1	1	0.506504058838
1	1	0.534925222397
1	1	0.426495075226
1	1	0.466536998749
1	1	0.493128061295
1	1	0.599801063538
1	0	0.559791088104
1	1	0.439936161041
1	1	0.521573066711
1	1	1.09295201302
1	1	0.401741027832
1	0	0.586438894272
1	1	0.613070964813
1	1	0.626426935196
1	1	0.533150196075
1	1	0.866430044174
1	1	0.519815921783
1	1	0.761580944061
1	1	0.533156871796
1	1	0.479907989502
1	1	0.694973945618
1	1	0.466496944427
1	1	0.453099012375
1	0	0.74641418457
1	0	1.13461208344
1	1	0.733042001724
1	1	0.546519994736
1	1	0.546496868134
1	1	0.47987818718
1	1	0.746433973312
1	1	0.721456050873
1	1	0.51976108551
1	1	0.679691076279
1	0	1.03962421417
1	1	0.573151111603
1	1	0.679890155792
1	1	0.772984981537
1	0	1.03955101967
1	1	0.519773960114
1	1	0.519824028015
1	0	0.988119840622
2	1	0.653044939041
2	1	0.453173875809
2	0	0.454928874969
2	1	0.626452922821
2	1	0.548249006271
2	1	0.679772138596
2	1	0.519715070724
2	1	0.413111925125
2	1	0.388221979141
2	1	0.453155040741
2	1	0.453205108643
2	1	0.399796962738
2	1	0.399903059006
2	1	0.559900999069
2	1	0.55973815918
2	1	0.481463909149
2	1	1.19963216782
2	1	0.546403169632
2	0	0.681462049484
2	1	0.574815988541
2	1	0.586496114731
2	1	0.519819974899
2	1	0.439914941788
2	1	0.759730100632
2	0	0.614761829376
2	1	0.599782943726
2	1	0.51978302002
2	0	0.58652305603
2	0	0.679758787155
2	1	0.573225975037
2	1	0.519836902618
2	1	0.813125133514
2	0	0.533171892166
2	1	0.479829072952
2	1	0.586435079575
2	1	0.414961099625
2	1	0.7063331604
2	1	0.586385011673
2	1	0.639807224274
2	1	0.653086900711
2	1	0.453232049942
2	1	1.02623200417
2	0	0.733139038086
2	0	0.493147850037
2	1	0.426492929459
2	1	0.494961977005
2	1	0.519780158997
2	1	0.453181028366
2	1	0.373265028
2	1	0.533131122589
2	1	0.559698104858
2	1	0.373239994049
2	0	0.53311085701
2	1	0.359884977341
2	1	0.439821004868
2	1	0.426541090012
2	1	0.81530213356
2	1	0.759740114212
2	1	0.439918041229
2	1	0.426549911499
2	1	0.534934997559
2	1	0.559751033783
2	1	0.399870872498
2	1	0.50810790062
2	1	0.519819974899
2	1	0.653047084808
2	1	1.11958885193
2	1	0.453184127808
2	1	0.399775028229
2	1	0.599737882614
2	1	0.42657995224
2	1	0.466480970383
2	1	0.586422920227
2	1	0.453105211258
2	1	0.559811115265
2	1	0.546559810638
2	1	0.439877986908
2	1	0.479801893234
2	1	0.573124170303
2	1	0.413146018982
2	1	0.333158969879
2	1	0.439870119095
2	1	0.533032178879
2	0	0.626384973526
2	1	0.786463022232
2	1	1.06632494926
2	1	0.626435995102
2	1	0.573081970215
2	0	0.826397180557
2	1	0.626461029053
2	1	0.561503887177
2	1	0.439831972122
2	1	0.599759101868
2	1	0.466676950455
2	1	0.414922952652
2	1	0.453202009201
2	1	0.46649479866
2	1	0.93302488327
2	1	0.533112049103
2	1	0.479869842529
2	1	0.386492013931
2	1	0.614847898483
2	1	0.39985704422
2	1	0.375453948975
2	1	0.439712047577
2	1	0.493144989014
2	1	0.439805030823
2	1	0.399944067001
2	1	0.441691160202
2	1	0.613090991974
2	1	0.466495990753
2	1	0.388208150864
2	1	0.359988927841
2	1	0.479853153229
2	0	0.666451931
2	1	0.494779109955
2	1	0.972936868668
2	1	0.839732170105
2	1	0.599822998047
2	1	0.639771938324
2	1	0.573160886765
2	1	0.733138084412
2	1	0.533186197281
2	1	0.573119878769
2	1	0.479795217514
2	1	0.559779882431
2	1	0.506462097168
2	0	0.694809913635
2	1	0.639747142792
2	1	0.959578990936
2	1	0.548244953156
2	1	0.493138074875
2	1	0.47983789444
2	1	0.679781913757
2	0	0.50816488266
2	1	0.519791841507
2	1	0.439806938171
2	1	0.506472110748
2	1	0.346486091614
2	1	0.399868011475
2	0	0.599779844284
2	1	0.599745035172
2	0	0.493227958679
2	1	0.573103904724
4	1	0.626405000687
4	1	0.399869918823
4	1	0.386500120163
4	1	0.479789018631
4	0	0.346521854401
4	1	0.586529970169
4	1	0.373268127441
4	1	0.359865903854
4	1	0.50653886795
4	1	0.54820394516
4	1	0.466433048248
4	0	0.773022890091
4	1	0.586426019669
4	1	0.426599979401
4	1	0.746356010437
4	1	1.75939106941
4	1	0.506593942642
4	1	0.466521024704
4	1	0.479880094528
4	1	0.401656150818
4	1	0.399919986725
4	1	0.533174037933
4	1	0.399857997894
4	1	0.50649189949
4	1	0.426491975784
4	1	0.506569862366
4	1	0.654824018478
4	1	0.439795970917
4	1	0.399927854538
4	1	0.426468849182
4	1	0.319893836975
4	1	0.506479978561
4	1	0.45313501358
4	1	0.481455087662
4	1	0.466459989548
4	1	0.399762868881
4	1	0.38643693924
4	1	0.41317987442
4	1	0.41321516037
4	1	0.519806861877
4	1	0.519812107086
4	1	0.426517009735
4	1	0.493182897568
4	1	0.494880914688
4	1	0.453150987625
4	1	0.453188180923
4	1	0.506605863571
4	1	0.479835987091
4	1	0.586378097534
4	1	0.453206062317
4	0	0.49324798584
4	1	0.62636089325
4	1	1.30623793602
4	0	0.559868097305
4	0	0.588212013245
4	0	0.799683094025
4	1	0.399892091751
4	1	0.42827796936
4	1	0.359893083572
4	1	0.439893007278
4	1	0.439816951752
4	0	0.413290977478
4	1	0.559809923172
4	1	0.546500921249
4	1	0.573120117188
4	0	0.213186979294
4	0	1.05293107033
4	0	0.826342105865
4	0	0.799792051315
4	0	0.573143959045
4	0	0.813117980957
4	1	0.241696834564
4	1	2.29260110855
4	1	1.2411968708
4	1	0.519860982895
4	0	0.559852838516
4	0	0.413255929947
4	0	0.308212995529
4	1	0.254888057709
4	0	0.386553049088
4	1	1.77272796631
4	1	0.8130671978
4	0	0.879623889923
4	0	1.27960014343
4	0	0.773028850555
4	1	0.693057060242
4	0	1.81274008751
4	0	1.57468080521
4	0	4.35852909088
4	1	1.75937509537
4	1	1.57279014587
4	0	0.774775028229
4	0	1.14618611336
4	0	0.386588096619
4	1	0.599784851074
4	0	1.22784399986
4	1	2.9722840786
4	1	0.479800224304
4	1	0.426537036896
4	1	0.453207969666
4	0	0.49312210083
4	1	1.49281787872
4	0	0.693153858185
4	0	1.65449905396
4	1	1.62613511086
4	1	0.468276977539
4	0	2.37253904343
4	1	0.786346912384
4	0	1.18618893623
4	0	0.519807100296
4	1	0.199954032898
4	0	0.799772024155
4	0	0.733031988144
4	1	0.546516895294
4	1	1.01299285889
4	1	0.319940090179
4	1	0.506498813629
4	1	0.573189973831
4	1	0.613168001175
4	0	4.3984348774
4	1	1.89265704155
4	0	2.29251003265
4	1	1.06634688377
4	0	0.799795150757
4	0	0.533191919327
4	0	0.399842977524
4	0	0.439903974533
4	0	0.213222026825
4	0	0.266631126404
4	0	0.279911994934
4	0	0.266546010971
5	0	0.679671049118
5	1	0.453193902969
5	1	1.49446392059
6	1	0.814759969711
5	0	1.44145202637
5	1	0.959734916687
6	1	0.493216991425
6	1	0.426479816437
5	1	0.466458082199
6	1	0.439785957336
6	0	0.519804000854
6	1	0.66641998291
6	0	0.666463851929
5	1	0.506464004517
5	1	0.186637878418
5	1	0.399864912033
6	1	0.868058919907
6	1	0.479797124863
6	1	0.373202085495
6	1	0.559782981873
5	1	0.493088006973
5	1	0.639822006226
5	0	0.906322002411
6	1	0.546436071396
6	1	0.599724769592
6	1	0.668271064758
6	0	0.959722995758
6	0	0.453216075897
5	1	0.839689970016
6	1	0.453247785568
6	1	0.493163108826
6	1	0.439911842346
6	1	0.466513872147
5	0	0.626393079758
6	1	0.773154020309
5	1	0.733057975769
5	0	0.74644780159
5	1	0.839687108994
5	0	0.559829950333
5	0	0.892940998077
6	0	1.89265990257
6	0	0.546489953995
6	1	0.679747104645
6	1	0.814708948135
5	0	0.666400909424
5	0	0.679795980453
6	1	0.961277961731
5	0	0.559819221497
5	1	0.799701213837
5	0	1.11957502365
5	1	0.932981014252
5	1	3.46551990509
5	1	0.519828796387
5	0	1.15950798988
5	0	1.19965100288
5	0	0.746361970901
6	0	0.639715194702
6	1	0.58642411232
6	0	1.06630706787
5	0	0.399857997894
5	1	1.13303399086
5	1	0.439815044403
5	1	0.441548109055
6	0	0.559799909592
6	1	0.586412906647
6	1	0.799738168716
5	1	0.439890861511
5	1	0.466464042664
5	1	1.03965497017
6	1	0.574832201004
5	1	0.759664773941
6	1	0.546379089355
5	0	0.61311507225
5	1	0.946391105652
6	0	0.466536998749
6	1	0.866332054138
6	1	0.479890108109
6	1	0.533123970032
6	1	0.733096122742
5	1	0.453219890594
5	1	0.559918880463
6	1	0.426547050476
5	1	0.59983921051
5	1	0.479900121689
6	1	0.413208007812
6	0	0.708065032959
5	1	0.426609992981
5	0	1.13296198845
6	0	0.839787006378
5	0	0.519794940948
5	0	0.679774999619
5	1	0.559831857681
6	1	0.506493091583
5	1	0.706468105316
6	0	0.519840955734
5	1	0.401620149612
6	1	0.43986582756
5	1	0.426504135132
5	0	0.521644115448
6	1	0.454779148102
5	1	0.413212060928
6	1	0.359858036041
5	1	0.50653719902
5	0	0.546575784683
5	1	0.693187952042
5	1	0.439827919006
6	1	0.586504936218
5	1	0.199949979782
5	1	0.359810113907
5	0	0.719771146774
5	1	2.13257098198
6	1	1.14841103554
5	0	0.426566123962
5	1	0.506498098373
5	0	0.613139152527
6	1	0.906402111053
6	0	0.946345090866
5	1	0.639755010605
5	1	0.508371114731
5	0	0.839669942856
6	0	1.13286495209
6	0	0.759752035141
5	1	0.679787158966
6	0	0.746422052383
6	1	0.614995956421
6	1	0.519731998444
6	1	0.506527900696
6	1	0.439877033234
5	1	0.63981294632
5	1	0.479866027832
5	1	0.386510133743
6	1	0.559840202332
6	1	0.413214921951
5	0	0.426491975784
7	1	0.719753026962
7	0	0.493139028549
7	1	0.706359148026
7	1	0.508172988892
8	1	0.479843139648
7	1	0.439786911011
8	1	0.373237848282
7	0	0.453170061111
7	1	0.493129968643
7	1	0.453150033951
8	0	0.879662036896
7	0	0.813000917435
8	1	0.986258983612
8	1	0.586484909058
8	1	0.533159971237
7	1	0.573156833649
7	1	0.574910879135
8	1	0.454905033112
7	1	0.439831018448
7	1	0.45316696167
7	1	0.534852981567
7	1	0.453197002411
8	1	0.506523132324
8	1	0.45317697525
8	1	0.466466903687
8	0	0.773102998734
7	0	0.812963008881
7	1	0.561577796936
8	1	0.493096828461
8	1	0.693094015121
8	0	0.706437826157
8	1	0.493083000183
8	1	0.839694023132
8	0	1.05297112465
8	1	0.81312084198
8	1	0.679766893387
8	1	0.479851961136
8	1	0.506483078003
7	1	0.493155002594
8	1	0.559834003448
8	1	0.653023004532
7	1	0.373170137405
8	1	0.453113079071
7	1	0.54648900032
8	1	0.44171500206
7	1	0.534813165665
8	0	0.999733924866
8	1	0.53320813179
7	1	0.453289985657
8	1	0.439867973328
7	1	0.479902982712
7	1	0.413254022598
7	1	0.573048114777
7	1	0.519717931747
7	1	0.386505842209
7	1	0.399894952774
7	1	0.453085899353
7	0	0.533168792725
8	1	0.4797539711
7	1	0.813132047653
7	1	0.773056030273
7	0	0.586480855942
7	1	0.666497945786
8	1	0.586534023285
8	0	0.4798848629
7	0	0.839703083038
7	1	0.573214054108
8	1	0.626421928406
7	1	0.49322104454
8	1	0.813082933426
8	1	0.83966088295
7	1	0.521531820297
7	1	0.839708805084
8	0	0.493148088455
8	0	0.599851846695
7	1	0.453207969666
7	1	0.54659986496
8	1	0.43979716301
8	1	0.454785108566
7	1	0.519875049591
8	1	0.39985704422
8	1	0.546463012695
7	1	0.359848976135
7	1	0.359880924225
8	1	0.546530008316
7	1	0.494839191437
7	1	0.493077993393
8	1	0.639809846878
7	0	0.95968914032
7	0	0.628185987473
7	0	0.906423091888
7	1	0.812973976135
8	1	0.787981033325
8	1	0.826389074326
7	0	0.759708881378
7	1	0.77309012413
8	0	0.546514034271
8	1	1.17446184158
8	0	0.239974975586
8	0	0.479928016663
7	0	0.586423158646
7	1	0.934708118439
8	0	0.759739160538
8	0	1.25449204445
8	1	0.706366062164
8	1	0.759756088257
7	1	1.27958607674
7	0	0.7997610569
8	1	0.973061084747
7	1	1.05293703079
7	1	1.3746650219
8	1	0.559813976288
8	1	1.06632900238
7	0	0.641517162323
8	0	0.706505060196
7	0	1.58791089058
7	1	0.333290100098
8	0	0.746485948563
7	0	1.01304006577
7	1	0.668162107468
8	1	0.906365871429
8	1	0.908054828644
7	1	0.839698076248
7	1	0.919656038284
8	1	0.628202915192
7	0	1.10620188713
8	1	0.428133964539
8	0	0.626492023468
8	1	0.61306810379
8	1	0.866394996643
7	1	0.373207807541
7	1	0.786420822144
8	1	0.773001194
7	1	0.548211097717
8	1	0.413177013397
8	0	0.55970287323
8	0	1.37289619446
6	0	0.468095064163
5	1	0.879647016525
6	1	0.4398188591
5	1	0.573063850403
5	1	0.426520109177
5	1	0.386513948441
5	1	0.428215026855
5	1	0.41313791275
6	1	0.386522054672
5	1	0.346560001373
6	1	0.466575860977
5	1	0.426578998566
5	0	0.58652305603
5	1	0.639737844467
5	0	0.799741983414
5	1	0.519788980484
5	1	0.559808969498
5	1	0.546494007111
5	0	0.75968503952
5	1	0.626394987106
5	1	0.706395149231
5	1	0.546498060226
5	1	0.639763116837
5	1	0.866406917572
6	1	0.559846878052
6	1	0.613140821457
5	1	0.574766159058
5	1	0.746389865875
5	1	0.573041915894
5	1	0.506484031677
6	1	0.506422996521
6	1	0.653106927872
6	1	0.573142051697
6	1	0.453204154968
6	1	0.573256015778
6	1	0.533226013184
5	0	0.479829072952
6	1	0.573155879974
5	1	0.38822889328
6	1	0.466521024704
5	1	0.479869842529
5	1	0.546401977539
5	1	0.653187990189
6	1	0.479898929596
5	1	0.693156003952
6	1	0.639740943909
5	1	0.53317117691
6	1	0.546469926834
5	1	0.426504135132
5	0	0.586437940598
5	1	0.679788827896
5	0	0.628118991852
6	1	0.5465259552
5	1	0.573194980621
5	1	1.07964110374
5	1	0.533114910126
6	1	0.546426057816
5	1	0.693052053452
6	1	0.546506881714
6	1	0.546474218369
6	1	0.479804992676
5	1	0.693156957626
5	0	0.799710988998
5	0	0.719698190689
5	1	1.50606894493
6	1	0.613134145737
6	1	0.535434961319
6	1	1.23959994316
6	1	0.813033819199
6	1	0.493261098862
6	1	0.494777202606
5	1	0.453195810318
5	1	0.479864835739
5	1	0.45324587822
6	0	0.45309305191
5	0	0.626565933228
6	1	0.479776859283
6	1	0.679748058319
6	1	0.479841947556
6	1	0.586396932602
5	1	0.599771022797
5	0	0.626399040222
6	1	0.453166007996
6	1	0.708183050156
5	1	0.493160963058
5	1	0.719828128815
5	1	0.493178844452
5	1	0.694857120514
6	1	0.58645606041
6	1	0.439872980118
5	1	0.519920825958
5	1	0.359977006912
6	1	0.399857997894
6	1	0.386471986771
6	1	0.786391973495
6	0	0.599797964096
5	1	0.5997569561
5	1	0.479923009872
6	1	0.466563940048
6	1	0.466579914093
6	0	0.706378936768
6	1	0.586400032043
5	1	0.493098974228
5	1	0.493166208267
5	1	0.573095083237
5	1	0.533094882965
5	1	0.799726009369
5	1	0.61315703392
6	1	0.453172922134
6	1	0.43982219696
6	1	0.466550111771
6	1	0.694642782211
5	1	0.454880952835
6	1	0.466470956802
6	1	0.65309381485
5	0	0.413167953491
6	1	0.468152999878
5	1	0.453193902969
6	1	0.413147926331
5	1	0.613202095032
5	1	0.453214168549
6	0	0.213306188583
5	1	0.613101005554
6	1	0.573079109192
5	1	0.63973903656
6	0	1.9859828949
6	1	0.654727935791
6	1	0.679732084274
6	1	1.19959902763
5	1	0.839676856995
6	1	0.973056077957
5	1	0.573075056076
5	1	0.679698944092
6	1	0.653110027313
5	1	0.548146009445
6	1	0.679832935333
6	1	0.613095998764
5	1	0.639788866043
5	1	0.679805040359
5	1	0.719650030136
3	0	2.18587899208
3	0	0.19986987114
3	0	1.4927649498
3	1	1.35950183868
3	1	0.333284139633
3	1	0.599766969681
3	0	0.719683170319
3	1	0.706409931183
3	1	0.361543178558
3	1	0.586485862732
3	0	0.799715995789
3	0	0.321579933167
3	1	0.466535806656
3	1	0.18661904335
3	0	1.07961702347
3	0	0.439919948578
3	0	0.279918909073
3	0	0.186526060104
3	0	1.21298408508
3	1	0.213373184204
3	0	1.90600705147
3	0	0.413108110428
3	0	2.83890891075
3	1	0.506515979767
3	1	0.319874048233
3	0	0.226634979248
3	0	0.641468048096
3	1	0.439882040024
3	1	3.07892012596
3	1	0.199948072433
3	0	1.61277890205
3	0	0.694777011871
3	1	0.254982948303
3	0	0.573084831238
3	0	0.801488876343
3	1	0.439908981323
3	0	1.23958587646
3	0	0.613160133362
3	1	0.666344881058
3	0	0.279887914658
3	1	0.546493053436
3	1	0.546450853348
3	1	1.01293706894
3	0	0.799739122391
3	1	0.933037042618
3	1	0.319898843765
3	1	0.973025083542
3	1	0.693166017532
3	1	0.788121938705
3	0	0.279876947403
3	0	0.693065881729
3	1	0.373229026794
3	1	0.626431941986
3	0	2.22593903542
3	1	1.39944601059
3	1	1.05303812027
3	1	0.626461982727
3	1	0.521623849869
3	0	0.266598939896
3	0	1.59950613976
3	0	0.614831209183
3	0	0.654820919037
3	0	0.199897050858
3	1	0.586435079575
3	1	1.90594911575
3	1	0.533262014389
3	1	0.493184089661
3	1	0.41496014595
3	1	0.506497859955
3	0	0.46660399437
3	0	1.05305600166
3	0	0.253345966339
3	1	1.53286409378
3	0	0.266602993011
3	0	0.37322306633
3	1	0.932985067368
3	1	1.69280910492
3	1	0.442075014114
3	1	0.399877071381
3	0	0.186698913574
3	1	0.519786119461
3	1	1.87931895256
3	1	0.51981306076
3	1	0.4265229702
3	0	0.18661403656
3	0	0.453150987625
3	1	0.29323887825
3	0	0.333245992661
3	0	1.54620695114
3	1	2.8006529808
3	1	0.614681005478
3	1	0.519846916199
3	1	0.999629974365
3	1	0.548079967499
3	0	0.399939060211
3	1	0.866379022598
3	0	2.68072485924
3	0	0.519866943359
3	1	0.51978302002
3	1	0.413220882416
3	1	0.893031835556
3	1	0.933070898056
3	0	0.1998898983
3	0	1.41291308403
3	1	0.91969203949
3	1	1.49276304245
3	1	1.37286806107
3	1	0.746407985687
3	0	1.14625906944
3	0	0.359835147858
3	1	1.1880030632
3	1	1.03958010674
3	1	0.653151988983
3	0	0.546528100967
3	1	0.653141021729
3	1	0.813040018082
3	1	0.479850053787
3	1	0.413205862045
3	0	0.361710071564
3	0	0.626525163651
3	0	0.493183851242
3	1	0.333287000656
3	1	0.786370992661
3	1	0.506516933441
3	1	0.519849061966
