6	1	0.786746025085
6	1	0.626516103745
6	1	0.746155023575
6	1	0.532910108566
6	1	0.519493818283
5	1	0.679489135742
5	1	0.613076925278
5	1	0.559958934784
5	1	0.533257007599
6	1	0.533345937729
6	1	0.932751893997
5	1	0.919437170029
5	1	0.53327703476
6	1	0.599956989288
6	1	0.533409833908
5	1	0.666519880295
6	1	0.546242952347
6	1	0.51952791214
6	1	1.02609109879
6	1	0.653259038925
6	1	0.533390045166
5	1	2.67883706093
6	1	0.572801828384
5	1	0.586131095886
6	1	0.639548063278
6	1	0.639482975006
6	1	0.772890090942
5	1	1.23958182335
6	1	0.759631872177
6	1	0.65336894989
5	1	0.786110877991
5	1	0.759591817856
6	1	0.746286869049
5	1	0.613317966461
6	1	0.692973136902
6	1	0.61282491684
5	1	0.559510946274
6	1	0.586111783981
6	1	0.559568881989
6	1	0.666104078293
5	1	0.639954090118
6	1	0.546681880951
5	1	0.586683034897
5	1	0.626517057419
6	1	0.58620595932
5	1	0.612818956375
6	1	0.652830839157
5	1	0.559507846832
5	1	1.5722899437
5	1	0.799721002579
6	1	0.54665517807
5	1	0.613111972809
6	0	1.25273299217
5	1	0.746449947357
5	1	0.572875976562
5	1	1.11945700645
5	1	0.533336162567
6	1	0.573284864426
6	1	0.560029029846
5	1	0.533403873444
6	1	0.50662779808
6	1	0.533192157745
5	1	0.612804889679
5	1	0.546136856079
5	1	0.546230077744
6	1	0.519531965256
5	1	0.559443950653
6	1	0.572752952576
6	1	0.54620218277
5	1	0.519520044327
6	1	0.639696836472
6	1	0.773393154144
5	1	0.706128120422
6	0	3.49131512642
5	0	0.866120100021
6	0	1.66593003273
6	1	1.82602095604
6	1	0.572916984558
6	1	1.01273012161
5	1	0.972789049149
5	0	1.21288490295
6	1	1.54613113403
5	1	0.732730150223
5	1	0.732840061188
5	1	0.69283413887
6	0	0.786553144455
6	1	1.01280617714
6	1	0.586179018021
5	1	0.572870969772
6	1	0.506368875504
5	1	0.613133907318
5	1	0.586724042892
5	1	0.559962034225
5	1	0.546751022339
6	1	0.480031013489
5	1	0.493410110474
6	1	0.639888048172
5	1	0.493082046509
5	1	0.572937011719
5	1	0.599493980408
6	1	0.599436044693
5	1	0.506211996078
5	1	0.546194076538
6	1	0.666118144989
6	1	1.07936310768
5	0	0.532812833786
6	1	0.679533958435
5	1	0.599506855011
5	1	0.652831077576
6	0	0.693420171738
6	1	0.599992036819
6	1	0.559943914413
6	1	0.533173799515
5	1	0.519547939301
5	1	0.572772026062
5	0	1.02620720863
5	1	0.826526165009
6	1	0.626136064529
6	1	0.519516944885
6	1	0.572850942612
5	1	0.612842082977
5	1	0.719532966614
6	1	0.613358974457
6	1	0.533328771591
6	1	0.839468002319
5	1	0.479510068893
5	1	1.57235097885
6	1	0.66613984108
5	1	0.55953001976
5	1	0.666188001633
5	1	0.599958896637
5	0	0.613296985626
6	1	0.706471920013
4	1	1.03949189186
4	1	0.839813947678
4	1	0.520052909851
4	1	0.519999027252
4	1	0.719561100006
4	1	0.492846012115
4	1	0.519506931305
4	1	0.546235084534
4	1	0.519495010376
4	1	0.506156921387
4	1	0.626150131226
4	1	0.559512853622
4	1	0.559646129608
4	1	0.546620845795
4	1	0.533221006393
4	1	0.95947098732
4	0	0.959419965744
4	1	0.693290948868
4	1	0.746301174164
4	1	0.652869939804
4	1	0.572803974152
4	1	0.572931051254
4	1	0.626130104065
4	1	0.572971105576
4	1	0.866664171219
4	1	0.586340904236
4	1	0.572882890701
4	1	1.25289702415
4	1	1.4128921032
4	1	0.506690979004
4	1	0.49328494072
4	1	0.55992102623
4	1	0.599895954132
4	1	0.466620922089
4	1	0.53311419487
4	1	0.479870080948
4	1	0.546407938004
4	1	0.93286895752
4	1	1.25244998932
4	1	0.626163005829
4	1	0.572844028473
4	1	2.05216693878
4	0	0.559555053711
4	1	1.86567997932
4	0	1.93229389191
4	1	3.23844790459
4	1	0.720031023026
4	1	0.586716890335
4	1	5.03749489784
4	1	0.786468029022
4	1	0.693266153336
4	1	0.533085107803
4	1	0.946109056473
4	1	0.652982950211
4	0	0.946191072464
4	1	0.826236009598
4	1	0.772953987122
4	1	1.5061480999
4	1	0.666651010513
4	0	0.626384019852
4	1	0.759500980377
4	1	0.586230039597
4	1	0.706164121628
4	1	0.573287010193
4	1	0.586657047272
4	1	0.67990899086
4	1	0.66620182991
4	1	0.666133880615
4	1	0.652839183807
4	1	0.586292982101
4	1	0.453263998032
4	1	1.19933700562
4	1	0.572868108749
4	1	0.639442920685
4	0	1.22573709488
4	1	0.732819080353
4	1	0.54612493515
4	1	1.97238898277
4	1	1.13275194168
4	0	0.853125095367
4	1	1.51925706863
4	1	0.65284705162
4	1	1.10618710518
4	1	0.613344907761
4	1	0.732886791229
4	1	0.639461994171
4	1	0.706138134003
4	0	0.453012943268
4	1	0.70611000061
4	1	0.546643018723
4	1	0.773188114166
4	0	0.533061981201
4	1	0.572847127914
4	1	0.626157999039
4	1	0.626112937927
4	1	0.519518136978
4	1	0.599469184875
4	0	0.746473073959
4	1	1.06617999077
4	1	0.559502840042
4	0	0.572794914246
4	1	1.67914891243
4	1	0.773401975632
4	1	0.599589824677
4	1	0.532786846161
4	0	1.03958487511
4	1	1.94564390182
4	1	0.66622209549
4	1	0.639533042908
4	1	0.319474935532
4	1	0.572741031647
4	1	0.612822055817
4	1	0.599414110184
4	1	0.58665895462
4	1	0.733309984207
4	1	0.586529970169
4	1	1.50611591339
4	1	0.546393871307
4	1	0.666105985641
4	1	1.98573303223
4	1	0.666610956192
4	1	1.7723069191
4	1	0.999465942383
4	1	0.679917097092
4	0	0.546700954437
4	1	2.94524884224
1	1	0.679483890533
1	1	0.892800092697
1	1	0.506676197052
1	1	0.520036935806
1	1	0.586730957031
1	1	0.440009117126
1	1	0.812887191772
1	1	0.519520044327
1	1	0.519495010376
1	1	0.479522943497
1	1	0.466172933578
1	0	0.559557914734
1	1	0.639514923096
1	1	0.679563999176
1	1	0.599999189377
1	1	0.546626091003
1	1	0.559952020645
1	1	1.89237999916
1	1	0.546147108078
1	1	0.546186208725
1	1	0.51943898201
1	1	0.599426031113
1	1	0.572849035263
1	1	0.773149967194
1	1	0.7063601017
1	1	0.812742948532
1	1	1.63901805878
1	1	0.47967505455
1	1	0.519577980042
1	1	0.83967089653
1	1	0.613350152969
1	1	0.466645002365
1	1	0.612822055817
1	0	1.03943300247
1	1	0.693357944489
1	1	0.666563034058
1	1	0.546410083771
1	1	0.586226940155
1	1	0.572947978973
1	1	0.492859840393
1	1	0.719511985779
1	1	0.58620595932
1	1	1.2659611702
1	1	0.546163082123
1	1	0.612930059433
1	0	1.02616810799
1	1	0.639508008957
1	1	0.546202898026
1	1	0.559463024139
1	1	1.98566198349
1	1	0.599989891052
1	1	0.79941701889
1	1	0.519550085068
1	1	0.519482135773
1	1	0.586204051971
1	1	0.599537849426
1	1	0.586215019226
1	1	0.706480979919
1	1	1.99901580811
1	1	0.49286699295
1	1	0.746165990829
1	1	0.612924098969
1	1	0.493268966675
1	1	0.533309936523
1	1	0.733409881592
1	1	0.652868032455
1	1	0.599511861801
1	1	0.572894096375
1	1	0.586132049561
1	1	0.559489011765
1	0	0.932934999466
1	0	1.02620315552
1	1	0.879430055618
1	1	0.653352975845
1	1	0.986166954041
1	1	0.839540958405
1	1	1.90561199188
1	1	0.732876062393
1	1	0.679439067841
1	1	0.586730957031
1	1	0.520030975342
1	1	1.8391251564
1	0	0.506233930588
1	1	0.586175203323
1	1	0.639535188675
1	1	0.626122951508
1	1	0.532763004303
1	1	0.519624948502
1	1	0.506453990936
1	1	0.479835033417
1	1	0.506446123123
1	1	2.81209301949
1	1	0.533377885818
1	1	0.573210954666
1	1	0.906167030334
1	1	0.74619102478
1	0	0.573367834091
1	1	0.653326034546
1	1	0.506657123566
1	1	0.599832057953
1	1	0.652813911438
1	1	0.546181201935
1	1	2.05224704742
1	1	0.573266983032
1	1	0.519917964935
1	1	0.506573915482
1	1	0.586421966553
1	1	1.26619791985
1	1	0.57329916954
1	1	0.453375101089
1	1	0.573346853256
1	1	0.546718120575
1	1	1.5060839653
1	1	0.586443185806
1	1	0.746109962463
1	1	0.892810106277
1	1	0.533263921738
1	1	0.586667060852
1	1	0.533338069916
1	1	0.879511117935
1	1	0.599556922913
1	1	0.69292807579
1	1	0.706678152084
1	1	0.693203926086
1	1	0.639456987381
1	0	1.05286002159
1	1	0.600030183792
1	1	0.892846107483
1	1	0.692786216736
1	0	1.31909108162
1	1	0.612844944
1	1	0.599518060684
1	1	1.65238809586
3	1	0.61278295517
3	1	0.546350002289
3	1	0.47985291481
3	1	0.613153934479
3	1	0.613319158554
3	1	0.613385915756
3	1	0.652953863144
3	0	0.492917060852
3	1	0.62619805336
3	1	0.519471883774
3	1	0.506162881851
3	1	0.439429044724
3	1	0.49284696579
3	1	0.652894973755
3	1	0.519508838654
3	1	0.532794952393
3	1	0.612866163254
3	1	0.706337928772
3	1	0.560030937195
3	1	0.546611070633
3	1	0.666390895844
3	1	0.612796068192
3	1	0.586214065552
3	1	0.546056985855
3	1	0.532863140106
3	1	0.506145954132
3	1	1.29234004021
3	1	0.50615811348
3	1	0.66609120369
3	1	0.599575996399
3	1	0.466052055359
3	1	0.506119012833
3	1	0.479593992233
3	1	0.492850065231
3	1	0.652844190598
3	1	0.586562871933
3	1	0.613349914551
3	1	0.653388977051
3	1	0.639549970627
3	1	0.612809181213
3	1	0.732840776443
3	1	0.73280787468
3	1	0.613341093063
3	1	0.586707115173
3	1	0.586498022079
3	1	0.519737958908
3	1	0.53288602829
3	1	0.666188001633
3	1	0.519490003586
3	1	0.55954003334
3	1	0.652846813202
3	1	0.612941026688
3	1	0.57331609726
3	1	0.53339099884
3	1	0.573339939117
3	1	0.573341846466
3	1	0.493288993835
3	1	0.533296108246
3	1	0.466710090637
3	1	0.852828025818
3	1	0.666188001633
3	1	0.599485874176
3	1	0.559864044189
3	1	0.613303899765
3	1	0.493327856064
3	1	0.453362941742
3	1	0.533374071121
3	1	0.813004016876
3	1	0.666251182556
3	1	1.34574198723
3	1	0.599484920502
3	1	0.586160182953
3	1	0.546126842499
3	1	0.892889022827
3	1	0.839534044266
3	1	0.51948595047
3	1	0.519553899765
3	1	0.612761974335
3	1	0.506313085556
3	1	0.49286699295
3	1	0.599599838257
3	1	0.666203975677
3	1	0.666532039642
3	1	0.599932909012
3	1	0.599992036819
3	1	0.666167020798
3	1	1.43918085098
3	1	0.572806119919
3	1	1.61241793633
3	1	1.09282016754
3	1	0.586719989777
3	1	0.612973928452
3	1	0.666238069534
3	1	1.13278913498
3	1	0.559964895248
3	1	0.559908151627
3	1	0.493194103241
3	1	0.572886943817
3	0	1.78577303886
3	1	0.826169013977
3	1	0.666571855545
3	1	0.732788085938
3	1	0.66614484787
3	1	0.55947804451
3	1	0.612842082977
3	1	0.586307048798
3	1	0.560034036636
3	1	0.626721143723
3	1	1.03951597214
3	1	0.706192016602
3	1	0.61314702034
3	1	0.919564962387
3	1	0.506177902222
3	1	0.58612704277
3	1	0.5061211586
3	0	1.42574501038
3	1	0.732815980911
3	1	1.93238711357
3	1	0.573385953903
3	1	0.8128490448
3	1	0.626157999039
3	1	0.666043043137
3	1	0.706531047821
3	1	0.812987804413
3	1	0.732897043228
3	0	1.85239481926
3	1	0.586687803268
3	1	0.58660197258
3	1	0.506682872772
3	1	0.613234043121
3	0	0.533133029938
3	1	0.746224164963
3	1	0.546185016632
3	1	1.03946304321
3	1	0.839475870132
3	1	0.532764911652
3	1	0.546154975891
2	1	0.653360128403
2	1	0.653259038925
2	1	0.546208143234
2	1	0.453082084656
2	1	0.546200037003
2	1	0.599520921707
2	1	0.759541988373
2	1	0.599503993988
2	1	0.533165216446
2	1	0.560022115707
2	1	0.559907913208
2	1	1.26613497734
2	1	0.492948055267
2	1	0.612882137299
2	1	0.519999027252
2	1	2.31910014153
2	1	0.506261110306
2	1	0.652947902679
2	1	0.69331908226
2	1	0.666473865509
2	1	1.34614801407
2	1	1.91894006729
2	1	0.492801904678
2	1	0.479443073273
2	1	0.826196908951
2	1	0.55999994278
2	1	1.46617293358
2	1	0.599949121475
2	1	1.09276485443
2	1	0.612866163254
2	1	1.13250994682
2	1	1.06615209579
2	1	0.919528961182
2	1	0.586165904999
2	1	0.519462823868
2	1	0.572866916656
2	1	0.599560976028
2	1	0.519518136978
2	1	0.492878198624
2	1	0.519464969635
2	1	0.519637107849
2	1	0.559744119644
2	1	0.560020208359
2	1	0.573329925537
2	1	0.533442020416
2	1	0.852931022644
2	1	0.559487819672
2	1	0.586141109467
2	1	0.559422016144
2	1	0.559545993805
2	1	0.479467153549
2	1	0.492899894714
2	1	0.559536933899
2	1	0.492877006531
2	1	0.519608974457
2	1	0.706342935562
2	1	0.560033082962
2	1	0.600064992905
2	1	0.653072118759
2	1	0.652802944183
2	1	1.09282112122
2	1	0.546684026718
2	1	0.520015954971
2	1	0.58663892746
2	1	1.19951415062
2	1	0.586699962616
2	1	0.519998073578
2	1	0.506628036499
2	1	0.533229827881
2	1	0.5732421875
2	1	0.586316108704
2	1	0.546138048172
2	1	0.466279029846
2	1	0.519540071487
2	1	0.53283405304
2	1	0.519465923309
2	1	2.03898310661
2	1	1.02614498138
2	1	0.612820148468
2	1	0.852813005447
2	1	0.626738071442
2	1	0.613368034363
2	1	0.453333854675
2	1	0.466721057892
2	1	0.466615200043
2	1	0.493330955505
2	1	0.626536130905
2	1	1.0662419796
2	1	0.533239126205
2	1	0.613268136978
2	1	0.639988899231
2	1	0.533278942108
2	1	0.480020046234
2	1	1.026293993
2	1	0.506211996078
2	0	1.1189968586
2	1	0.612899065018
2	1	0.47950387001
2	1	0.452861070633
2	1	1.14623999596
2	1	0.586678981781
2	0	0.732789039612
2	1	0.692801952362
2	1	1.0662419796
2	1	1.3328499794
2	1	0.600079059601
2	1	0.706161022186
2	1	2.59856700897
2	1	0.639503955841
2	0	0.879423856735
2	1	0.666699886322
2	1	1.05281996727
2	1	1.45235800743
2	1	4.74415302277
2	1	0.972784996033
2	1	0.652780056
2	1	0.732721090317
2	1	0.719810009003
2	1	0.653359889984
2	1	0.506737947464
2	1	0.719433069229
2	1	0.586137056351
2	1	1.05288791656
2	1	1.03948187828
2	0	0.492856025696
2	1	0.67947101593
2	1	0.586574792862
2	1	0.533337116241
2	1	0.733334064484
2	1	0.746165037155
2	1	0.572772026062
2	0	0.66610121727
5	1	0.986199855804
5	1	0.786206960678
5	1	0.533305883408
5	0	0.573337078094
6	1	0.533313035965
6	1	0.546625852585
5	1	0.493330001831
6	1	0.586739063263
5	1	0.652942895889
6	1	0.826156139374
6	1	0.639517068863
6	1	0.493300914764
5	1	0.6400411129
6	1	0.666665077209
6	1	0.49332690239
6	1	1.38617086411
5	1	0.466630935669
6	1	0.559991121292
5	1	0.693074941635
6	1	0.506381988525
5	1	0.626158952713
5	1	0.559571027756
5	1	0.586172103882
5	0	0.532915115356
6	1	1.39896392822
6	1	0.599502086639
6	1	0.572824001312
5	1	0.559548139572
5	1	0.493103981018
6	1	0.573168992996
6	1	0.906402111053
5	1	0.6261510849
6	1	0.746127128601
5	1	0.946170806885
5	1	0.719573020935
5	1	0.532819032669
5	0	0.586183071136
6	1	0.626065015793
5	1	0.719555139542
6	1	1.34603309631
6	1	0.679509162903
6	1	0.546699047089
5	1	0.679951190948
5	1	0.493288993835
5	1	0.599900960922
5	1	0.612964868546
6	1	0.532797813416
6	1	0.586178064346
5	1	0.47953081131
5	1	0.506098985672
5	0	0.399590969086
6	1	1.0529050827
5	1	0.600080966949
5	1	1.4395198822
6	1	0.573374032974
5	1	0.600068092346
6	0	0.466714143753
5	1	0.719475030899
6	1	0.639450788498
6	1	0.586241006851
5	0	0.892857074738
6	1	0.599916934967
6	1	0.839444160461
5	1	1.03948402405
6	1	0.453435897827
5	1	0.453374147415
6	1	0.493376970291
6	1	0.479923009872
5	1	0.479966163635
6	1	0.573343038559
6	1	0.533313035965
5	1	0.640007019043
5	1	0.453384876251
5	1	0.586606025696
5	1	0.732778072357
5	1	0.612851858139
5	1	0.799524784088
6	1	0.733380794525
5	1	0.61327290535
5	1	0.559582948685
5	1	0.58616399765
5	1	0.612790107727
5	0	0.532824993134
5	1	0.572862148285
6	1	0.65278506279
5	0	0.506608963013
5	1	0.653254032135
5	1	0.639988899231
5	1	1.57292699814
6	1	0.67952299118
6	1	0.612874031067
6	1	0.572822093964
6	1	0.559490919113
6	1	0.55958199501
5	1	0.546285867691
6	1	0.559792041779
5	1	0.533332109451
5	1	0.62667298317
5	1	0.733138084412
5	1	0.586152076721
6	1	0.586159944534
6	1	0.5862429142
6	1	0.519499063492
5	1	0.652853965759
6	1	0.546272039413
6	1	0.5864610672
5	1	0.560036182404
6	1	0.733308076859
6	1	0.573001146317
6	1	0.599539995193
6	1	0.532823085785
6	1	0.666220903397
6	1	1.09272813797
5	1	0.533189058304
6	1	0.612887859344
6	1	0.692789077759
6	1	0.799409151077
5	1	0.466713190079
5	1	0.599956989288
6	1	0.773370981216
6	1	0.57301902771
6	1	0.5862429142
6	1	0.506094932556
5	1	0.626159906387
5	1	0.679534912109
6	1	0.532894134521
5	1	0.586421966553
6	1	0.466598033905
6	1	0.599985837936
6	1	0.546713829041
5	0	0.599976062775
5	1	0.50665307045
5	1	0.600029945374
5	1	0.413406848907
6	1	0.852854013443
6	1	0.506165027618
6	1	0.652871131897
6	1	0.612736940384
5	1	0.546394109726
8	1	0.626710891724
8	1	0.533246040344
7	1	0.506506919861
7	1	0.599519968033
7	1	0.506128072739
7	1	0.492844104767
7	1	0.453015089035
7	1	0.519569158554
8	1	0.666141033173
8	1	0.479500055313
7	1	0.532891988754
8	1	0.479548931122
7	1	0.532830953598
8	1	0.586400985718
8	1	0.586146116257
8	1	0.399690151215
7	1	0.532887935638
7	1	0.546236991882
8	1	0.45293712616
8	1	0.572863101959
8	1	0.493136882782
8	1	0.519835948944
8	1	0.546588897705
7	1	0.480007886887
8	1	0.573318958282
8	1	0.533363819122
7	1	0.493418216705
7	1	0.546611785889
8	1	0.480003118515
7	0	0.373353004456
8	0	0.62664604187
7	1	0.639945983887
8	1	0.586421012878
8	1	0.706080913544
8	1	0.519482851028
8	1	0.532778024673
8	1	0.639482021332
8	1	0.546226024628
7	1	0.51970911026
8	1	0.493177175522
7	0	0.613156080246
7	1	0.680050134659
8	1	0.533313989639
7	1	0.560047149658
8	1	0.599686145782
7	1	0.692850828171
8	1	0.466290950775
8	0	0.399524927139
8	1	0.586151838303
7	1	0.65277504921
8	1	1.13256812096
7	1	0.612818002701
7	1	0.53284907341
8	1	0.532875061035
7	1	0.599547147751
8	1	0.612799882889
8	1	0.612906932831
7	1	0.586598873138
7	1	0.479951858521
7	1	0.573357105255
7	1	0.61342215538
8	1	0.559980154037
8	1	0.546700000763
7	1	0.533268928528
8	1	0.466606140137
8	1	0.546307086945
7	1	0.506356954575
8	1	0.546169996262
8	1	0.599491834641
8	1	0.546105861664
8	1	0.58601808548
7	1	0.559480190277
7	1	0.479536056519
8	1	0.479438066483
7	1	0.519459962845
7	1	1.37231707573
8	1	0.599571943283
7	1	0.599454164505
7	1	0.493077039719
7	1	0.599771022797
8	1	0.466626882553
8	1	0.44000005722
7	1	0.493187189102
7	1	0.439736127853
8	1	0.493036985397
8	1	1.1057331562
8	1	1.29283499718
8	1	0.719569921494
7	1	0.572880029678
8	1	0.546165943146
7	1	0.852852106094
8	1	0.520075082779
8	1	1.22608089447
7	1	0.519492864609
7	1	1.06616592407
8	1	0.533102035522
7	1	0.546181917191
8	1	0.519512176514
7	1	0.612796068192
7	1	0.812833070755
8	1	0.559738874435
7	1	0.533430099487
7	1	0.639991044998
8	1	0.666662931442
8	1	0.652890920639
8	1	0.652898073196
7	1	0.54617190361
8	1	0.452883958817
7	1	0.586040973663
7	1	0.612840890884
7	1	0.546473026276
7	1	0.560011148453
7	1	0.453333854675
8	1	0.480015993118
8	1	0.653291940689
7	1	0.746620893478
8	1	0.706261873245
7	1	0.892884016037
8	1	0.813323020935
7	1	0.599752187729
8	1	0.639526844025
7	1	0.652740001678
8	1	0.559412956238
8	0	0.906136989594
8	1	0.600010871887
7	1	0.573199033737
7	1	0.533130168915
7	1	0.493082046509
7	1	0.612939119339
8	1	0.586093187332
7	1	0.732722043991
8	1	0.679721832275
7	1	0.586695194244
8	1	0.466586112976
8	1	0.559945106506
7	1	0.493293046951
8	1	0.4666659832
7	0	0.43991112709
7	1	0.706670999527
8	1	0.493312120438
8	1	0.586402893066
8	1	0.506217956543
7	0	1.05290007591
8	0	0.759787797928
8	1	0.466657876968
8	1	0.493335008621
8	1	0.600039958954
8	1	0.426663160324
7	1	0.493358135223
8	1	0.453353881836
7	1	0.519945144653
8	0	0.519990921021
8	1	0.493436813354
7	1	0.586676120758
7	1	0.586344003677
8	1	1.93228697777
7	0	0.492846012115
7	1	0.559544801712
8	1	0.666407823563
7	1	0.573371171951
7	1	0.613371133804
8	1	0.53336596489
7	1	0.586470127106
8	1	0.519660949707
8	1	0.479698896408
7	1	0.506213903427
8	1	0.413298130035
8	1	0.439997911453
7	1	0.586374044418
8	1	0.479871034622
8	1	0.892837047577
7	1	0.506217956543
7	1	0.412861824036
7	0	0.412892103195
8	1	0.586277008057
7	1	0.506181955338
7	1	0.532805204391
7	1	0.54608798027
8	1	0.492835044861
7	1	0.69277215004
8	1	0.546741008759
8	1	0.400031089783
8	1	0.493308067322
8	1	0.439932823181
7	1	0.493175029755
8	0	0.453217029572
8	1	0.506402015686
8	1	0.559910058975
8	1	0.453296899796
8	1	0.346549987793
7	1	0.519403934479
7	1	0.519513130188
8	1	0.546261072159
7	1	0.479707956314
8	1	0.533143997192
7	1	0.626551151276
8	1	0.546598911285
7	1	0.493361949921
8	1	0.600018024445
8	1	0.653075933456
8	1	0.599477052689
8	0	0.359974145889
7	1	0.493234157562
7	1	0.480037927628
7	1	0.986058950424
7	0	1.03943395615
7	1	1.252835989
7	0	1.05276584625
8	1	0.599452972412
8	1	0.599540948868
7	1	0.559849977493
7	0	0.453291893005
7	0	0.586519002914
7	1	0.639991044998
7	1	0.653263092041
8	1	0.612786054611
8	1	0.546143054962
8	1	0.492828845978
7	1	0.572824954987
7	1	0.519514799118
8	1	0.546064138412
7	1	0.572848081589
8	1	0.506137132645
7	1	0.506159067154
8	0	0.412851810455
7	1	0.546146869659
7	1	0.559535980225
7	1	0.532776117325
7	1	0.639621019363
8	1	0.79993891716
7	1	0.679499864578
7	1	0.6661028862
8	1	0.679577112198
8	1	0.692970991135
7	1	0.986069917679
7	1	1.18621015549
7	1	0.573400020599
8	1	1.50611710548
7	1	0.65278506279
8	1	1.01277804375
7	1	0.573323965073
8	1	1.05276298523
8	1	0.586102962494
7	1	1.05288004875
7	1	0.759524106979
7	1	1.2127969265
7	1	0.626242876053
7	1	0.719506025314
7	1	0.746063947678
7	1	0.813138961792
8	1	0.613244056702
7	1	0.612874031067
7	1	0.906162977219
7	1	0.559759140015
8	1	0.559988975525
8	1	0.506646156311
8	1	0.693298101425
7	0	0.786190986633
7	0	0.586230993271
7	1	1.49229192734
7	1	0.666157960892
7	0	0.586226940155
8	1	0.599859952927
8	1	0.573298215866
7	1	0.653320074081
7	1	0.58668589592
7	1	0.479933977127
8	1	0.520071029663
7	1	1.07951498032
8	1	0.559902191162
8	1	0.493274927139
7	1	0.480053901672
7	1	0.546682834625
7	1	0.693424940109
8	1	0.600023984909
8	1	0.559736013412
8	1	0.493054866791
7	1	0.493141889572
7	1	0.479779005051
8	1	0.439960002899
7	0	0.453284025192
7	1	0.506695985794
6	1	2.89998102188
5	1	4.12195086479
6	1	1.13025808334
6	0	1.52361798286
6	1	4.44323205948
5	0	1.42722201347
5	1	4.19535589218
5	0	2.04472494125
6	1	0.883842945099
5	1	1.16447997093
5	0	1.85800004005
6	1	2.90062594414
6	1	1.09653687477
5	1	0.636819839478
6	1	1.32813215256
6	0	1.02072119713
5	0	0.804228067398
6	0	2.71434998512
6	1	1.32400083542
5	1	0.626806020737
5	1	0.772538900375
6	1	0.56977391243
5	1	0.508613824844
5	1	0.481711149216
5	1	0.540663957596
6	1	0.529642105103
6	1	0.517124891281
5	1	0.609555959702
6	0	0.874960184097
6	1	0.706309080124
6	1	0.574573993683
5	1	0.577163934708
5	1	0.613327026367
6	1	0.51226401329
6	1	0.516930103302
5	1	0.466298103333
5	1	0.451463937759
6	0	1.01026892662
6	1	0.667737960815
6	1	1.14629292488
5	0	2.67607402802
6	0	2.26610207558
5	1	4.90787911415
5	1	1.22636985779
5	1	2.54771089554
6	1	0.779144048691
5	0	4.25085496902
5	0	1.00442814827
6	1	2.10719799995
5	0	1.19496393204
5	1	0.933374881744
5	1	1.28339910507
6	1	0.81224489212
5	1	0.657750844955
6	1	1.37073493004
6	1	1.46751022339
6	1	2.77204799652
5	0	1.2515630722
6	1	1.69148516655
6	1	3.53895807266
5	1	1.3143248558
6	1	0.629024028778
5	1	0.970894098282
6	1	0.690676927567
6	1	0.643419981003
6	1	0.576988935471
6	1	0.562417984009
6	1	0.490810871124
5	1	0.429244041443
5	0	0.50551700592
6	1	0.47704577446
5	1	0.56196308136
6	1	0.468751907349
6	1	0.616933107376
5	1	0.754104852676
6	0	0.459455013275
6	0	0.644678115845
6	1	0.578066825867
5	1	0.770247936249
5	1	0.661544084549
5	0	3.28117990494
6	1	3.78775310516
6	0	1.28321003914
6	1	2.76343798637
6	1	1.29911994934
6	1	0.73065495491
6	0	1.35461997986
6	1	1.27556204796
6	1	5.48350095749
5	1	2.05824518204
6	1	0.802441835403
5	1	0.772644042969
5	0	0.616894006729
6	1	0.660002946854
6	1	0.802525997162
6	1	0.765376091003
5	1	0.739091157913
6	1	0.690092086792
5	1	1.38137292862
6	1	2.05216598511
5	0	1.34645104408
5	1	0.731324911118
5	1	1.04962706566
6	1	1.66742992401
5	0	1.88424897194
8	1	0.621064186096
7	1	1.22749400139
7	1	0.498512029648
7	1	0.667181015015
8	1	0.578792095184
8	1	0.579025030136
7	0	1.46588492393
8	1	0.94096493721
8	1	0.786448955536
8	0	0.689406871796
8	1	0.500982999802
7	1	2.69735789299
8	1	0.699564933777
8	1	0.678105115891
8	0	0.915079116821
8	1	1.10680317879
8	1	1.12897896767
7	1	0.666817188263
7	1	0.90703701973
7	1	1.40582489967
8	1	0.977909088135
7	0	0.787401199341
7	0	1.62761807442
7	1	2.05157995224
8	1	0.652651071548
8	1	0.738471984863
7	1	0.681338071823
7	1	1.13282895088
8	0	0.624027967453
8	1	0.58863902092
8	1	0.658505916595
7	1	0.706202030182
8	1	0.522442102432
7	1	0.915073871613
8	1	0.940135955811
7	1	0.769717931747
8	1	0.948671102524
8	0	0.212395906448
8	1	1.45839214325
8	1	0.515935897827
7	1	1.37100100517
7	1	1.77880907059
7	1	0.668682098389
7	0	0.544632911682
8	0	0.340573072433
8	0	0.336649894714
7	1	1.7317199707
7	1	0.587064981461
7	1	0.563714981079
8	1	0.634284973145
7	1	0.603259801865
8	1	0.49391913414
7	1	0.570963859558
7	1	0.62589597702
8	1	0.586808919907
8	1	0.566549062729
7	1	0.602012872696
7	1	0.468734025955
8	1	0.706820964813
8	1	0.681350946426
7	1	0.644642829895
7	1	0.642531871796
8	1	0.477020978928
7	1	0.538935184479
8	1	0.690872907639
8	1	0.563762903214
7	1	0.539693117142
8	1	0.410995006561
7	1	0.578947067261
8	1	0.403325080872
8	0	0.50838804245
8	1	0.570266008377
8	0	1.00235390663
8	1	0.499195098877
7	0	0.939437866211
7	0	1.01827192307
7	1	0.894185066223
8	1	0.673652887344
7	1	0.547747850418
8	1	0.972419023514
8	1	0.676022052765
8	1	0.617196083069
7	1	0.570363998413
7	1	0.76443696022
7	1	0.49969792366
8	1	0.471853971481
8	1	0.565260887146
7	1	0.354825019836
7	1	0.732487916946
7	1	0.536918878555
7	1	0.437698841095
7	1	0.259160995483
7	0	1.16300582886
7	1	1.25898885727
7	1	0.77164888382
7	1	0.313122987747
7	0	0.324370145798
7	1	3.78726601601
8	1	0.572796821594
8	1	0.306415081024
8	1	0.418926000595
8	1	0.363627195358
7	1	0.570330858231
8	0	0.323766946793
7	1	1.36449790001
7	1	0.545024871826
8	1	0.46873497963
8	1	0.594215869904
8	1	0.186438083649
7	0	1.16192293167
7	1	0.931642055511
8	1	0.532396793365
7	1	1.84292602539
8	1	0.531407833099
8	1	0.474457025528
7	0	0.571457862854
7	0	0.618679046631
7	0	0.844624996185
7	0	0.633235931396
7	1	0.845002889633
7	1	2.71506714821
7	0	0.690541028976
7	1	1.71371102333
8	1	0.628395080566
7	1	0.723705053329
8	1	0.546676158905
3	1	0.570571899414
3	1	0.579917907715
3	1	0.810470819473
3	1	0.68186712265
3	1	1.54787516594
3	0	1.59675502777
3	0	0.498449087143
3	1	0.55458688736
3	1	0.443821191788
3	1	0.707486867905
3	1	0.573099851608
3	1	0.594654083252
3	0	0.545604944229
3	0	0.34831905365
3	1	1.06787014008
3	1	0.698638916016
3	1	0.595495939255
3	1	0.545794963837
3	1	0.498118877411
3	0	0.637575149536
3	1	1.76165986061
3	1	0.611473083496
3	1	0.547126054764
3	1	1.03639912605
3	1	0.554260969162
3	1	0.713601112366
3	1	0.531424045563
3	1	0.5469789505
3	0	0.771739006042
3	0	0.586187839508
3	0	4.69806098938
3	0	1.41311812401
3	1	1.95594286919
3	1	1.06815290451
3	0	2.20909309387
3	1	0.628409862518
3	1	1.61841201782
3	1	0.563143014908
3	1	1.25824403763
3	1	0.450871944427
3	1	0.581459999084
3	1	0.474038124084
3	1	0.491420984268
3	1	0.413416147232
3	1	0.474291086197
3	0	0.532548189163
3	0	0.93944811821
3	1	0.506536006927
3	1	0.538711071014
3	0	0.292109966278
3	1	0.603384017944
3	1	1.76204705238
3	1	2.13872790337
3	0	1.22066378593
3	1	0.618141174316
3	1	0.484199047089
3	1	1.81872391701
3	0	1.05915212631
3	1	2.92442584038
3	1	0.73154592514
3	0	1.74851799011
3	1	1.72241401672
3	0	0.68207192421
3	1	2.38838195801
3	1	0.739768981934
3	1	0.52831196785
3	0	2.5329618454
3	1	6.61036300659
3	1	0.634280204773
3	1	0.484897851944
3	1	0.436589956284
3	1	0.450205802917
3	1	0.537959814072
3	0	0.899986028671
3	1	1.23736000061
3	1	0.442641973495
3	1	0.834470033646
3	1	0.507272958755
3	1	0.724342823029
3	1	0.46826505661
3	1	0.490041971207
3	1	0.330238103867
3	1	0.508465051651
3	1	0.514563798904
3	1	0.651891946793
3	1	0.459204912186
3	1	0.457571983337
3	0	0.452534914017
3	1	0.499469041824
3	0	0.346490859985
3	1	0.484429121017
3	1	0.417528152466
3	1	0.419156074524
3	1	0.51731801033
3	1	0.402348041534
3	0	0.347758054733
3	1	0.54819893837
3	1	0.425590991974
3	1	0.452615022659
3	1	0.36218214035
3	1	0.396117925644
3	1	0.449411153793
3	1	0.379443883896
3	1	0.378705024719
3	1	0.341279029846
3	1	0.473963022232
3	1	0.380041837692
3	1	0.340584039688
3	1	0.45121216774
3	1	0.467371940613
3	1	0.369110107422
3	0	0.339359998703
3	1	0.644309997559
3	1	0.432891130447
3	1	0.484261989594
3	1	0.41016793251
3	1	0.427572011948
3	1	0.54094004631
3	1	0.593794107437
3	1	0.49892616272
3	1	0.531196117401
3	0	0.469341993332
3	1	0.443652153015
3	1	0.489356040955
3	1	0.47634601593
3	1	0.538847923279
3	1	0.906136989594
1	1	3.37989711761
1	0	0.428798913956
1	0	0.553838014603
1	1	2.53105783463
1	1	0.452495098114
1	1	0.474656105042
1	1	0.473098039627
1	1	0.413693904877
1	0	0.344814062119
1	1	0.684593915939
1	1	0.35324716568
1	1	0.509132862091
1	1	0.44513297081
1	1	0.448136091232
1	1	0.467522859573
1	1	0.419215917587
1	1	0.553840875626
1	1	0.564697980881
1	0	0.650088071823
1	1	1.17042899132
1	1	0.72437787056
1	1	0.459594011307
1	1	1.64299082756
1	1	0.529998064041
1	1	0.43631696701
1	1	0.417700052261
1	1	0.474502086639
1	0	0.467748880386
1	0	0.491010904312
1	1	0.468533039093
1	1	0.569346189499
1	1	0.757761001587
1	0	1.08169007301
1	1	4.03296113014
1	1	2.44466590881
1	1	0.474170923233
1	0	1.4196999073
1	0	2.79615712166
1	1	1.67353987694
1	1	0.644372224808
1	1	0.497774124146
1	1	0.500200986862
1	1	0.506941795349
1	1	0.514717102051
1	1	0.372641086578
1	1	0.55570101738
1	1	0.474248170853
1	1	0.476514101028
1	1	0.433632850647
1	1	0.468125104904
1	1	0.515118122101
1	0	1.01889801025
1	1	0.452116012573
1	1	0.296257972717
1	0	0.235148906708
1	1	0.299884080887
1	1	0.235566854477
1	1	1.803388834
1	0	2.44133210182
1	1	0.65314412117
1	1	0.626362085342
1	0	1.10624694824
1	1	1.24596905708
1	1	0.610687017441
1	1	0.593658924103
1	1	0.932368040085
1	1	0.585122108459
1	1	0.580312013626
1	1	0.57897400856
1	1	0.666161060333
1	1	0.669476032257
1	1	0.505943059921
1	1	0.685132026672
1	1	0.979552030563
1	1	0.516268968582
1	1	0.570876836777
1	1	0.570358991623
1	1	0.516487121582
1	0	0.595767021179
1	1	0.676499843597
1	1	1.95510292053
1	1	0.538107872009
1	1	0.602822065353
1	1	1.80371904373
1	1	0.587534189224
1	1	0.724809885025
1	1	0.538506984711
1	1	0.522763967514
1	1	0.363383054733
1	0	0.579325914383
1	1	0.553467988968
1	1	1.83489704132
1	1	0.611788034439
1	1	0.586926937103
1	0	0.885142087936
1	1	0.643522024155
1	1	1.94552397728
1	1	0.522938966751
1	1	0.460695981979
1	1	0.474362850189
1	1	4.2737839222
1	1	0.621423006058
1	1	0.897645950317
1	0	1.13397908211
1	1	0.602368116379
1	1	0.531198978424
1	1	0.538172006607
1	1	2.35684704781
1	1	0.498668909073
1	1	0.546061992645
1	1	0.580399990082
1	1	0.547906160355
1	1	0.506244182587
1	1	1.45354604721
1	1	0.608062028885
1	1	0.46954703331
1	1	0.507482051849
1	1	0.530510902405
1	1	0.466912984848
1	1	0.60157418251
1	1	0.538766860962
1	1	0.566146850586
1	1	0.497004032135
1	1	1.26743197441
1	1	0.515347003937
1	1	0.61897110939
2	1	1.41792297363
2	1	0.869702100754
2	0	2.12939715385
2	1	0.73178601265
2	1	0.531767129898
2	1	0.627561092377
2	1	0.787580966949
2	0	1.41992497444
2	0	0.921633005142
2	1	0.746193885803
2	1	0.587830066681
2	1	0.937991857529
2	1	0.787546157837
2	1	0.650885105133
2	0	0.658899068832
2	1	0.701329946518
2	1	1.29004597664
2	1	0.525110960007
2	1	2.14722204208
2	1	0.499037027359
2	1	0.544396162033
2	1	0.958209037781
2	1	0.560492992401
2	1	1.34758996964
2	1	1.23522591591
2	1	0.651746988297
2	1	0.558387994766
2	1	0.952120065689
2	1	0.939800024033
2	1	0.514396190643
2	1	0.545139074326
2	1	0.726227045059
2	1	0.601755857468
2	1	0.836390018463
2	1	0.537409067154
2	1	0.546381950378
2	1	0.483523845673
2	1	0.602478027344
2	0	2.04386281967
2	1	0.617821931839
2	1	0.756091117859
2	1	0.53050994873
2	1	0.733158826828
2	1	0.554122924805
2	0	3.19373083115
2	1	0.635987997055
2	1	0.866066932678
2	1	0.608879089355
2	1	0.901015043259
2	1	0.540934085846
2	0	2.15393900871
2	1	0.748847961426
2	1	0.633349895477
2	1	0.837728023529
2	1	0.819813966751
2	1	1.01150894165
2	1	1.0512471199
2	1	2.18523287773
2	1	0.771270036697
2	1	0.698782920837
2	1	0.667366027832
2	1	0.563591003418
2	1	0.59589600563
2	1	1.17629003525
2	1	0.667356014252
2	1	0.522876024246
2	0	0.348128080368
2	1	0.924041032791
2	0	1.06492209435
2	1	0.754389047623
2	1	0.627290964127
2	1	1.25100493431
2	1	0.53169298172
2	1	1.00215697289
2	1	1.27662396431
2	1	0.676017045975
2	1	0.969887971878
2	1	0.81277179718
2	1	0.754962921143
2	1	0.573136091232
2	1	0.706817150116
2	1	3.61180400848
2	1	0.78454709053
2	1	0.523513793945
2	1	0.668287038803
2	1	0.547872066498
2	1	1.105686903
2	1	1.14680600166
2	1	0.66631603241
2	0	0.843548059464
2	1	2.16344714165
2	1	0.620050907135
2	1	0.554368972778
2	1	0.601289987564
2	0	1.01418280602
2	1	0.763195991516
2	0	1.04213213921
2	1	0.62837100029
2	1	0.5235850811
2	1	0.570204019547
2	1	0.597257137299
2	1	0.76975107193
2	1	0.603298902512
2	1	0.579232931137
2	1	0.621368169785
2	0	0.754134893417
2	1	1.07625484467
2	0	2.54462695122
2	0	0.774271965027
2	0	0.585971832275
2	1	0.530368804932
2	1	0.557598829269
2	1	1.29038190842
2	1	0.644420146942
2	1	0.666863918304
2	1	0.550994873047
2	0	0.884216070175
2	0	0.93134522438
2	1	0.570974111557
2	1	0.741727113724
2	0	1.36111307144
2	1	0.331302881241
2	1	0.562754869461
2	1	1.02816915512
2	0	0.540475845337
2	1	0.322593927383
4	1	1.65872907639
4	1	0.78161907196
4	1	0.633009195328
4	1	0.485505104065
4	1	0.490490913391
4	1	0.507215976715
4	1	0.612667798996
4	0	0.490182876587
4	1	0.548434972763
4	1	0.691862821579
4	0	0.490212917328
4	0	1.13219618797
4	1	0.554049968719
4	1	0.530705928802
4	1	0.652608156204
4	1	0.587643861771
4	1	0.577172994614
4	1	0.716915845871
4	0	0.811733961105
4	0	0.554090023041
4	1	0.29042506218
4	1	0.661549806595
4	0	0.314419984818
4	1	0.34827709198
4	1	1.05334281921
4	1	0.66582608223
4	0	0.329482078552
4	0	0.771659135818
4	0	0.428013086319
4	1	0.410687923431
4	1	0.786994934082
4	0	0.514264822006
4	1	0.795392036438
4	1	0.70801281929
4	0	0.508610963821
4	0	0.296962022781
4	1	0.676400899887
4	1	0.547559022903
4	1	0.650563955307
4	1	0.610240936279
4	1	2.25923705101
4	1	0.585695981979
4	1	0.547684907913
4	1	0.507656812668
4	1	0.620589017868
4	1	0.545581102371
4	1	0.475832939148
4	1	0.444516897202
4	0	0.546658039093
4	1	0.45209312439
4	1	1.73863315582
4	1	0.61076593399
4	1	1.07448506355
4	1	0.916152954102
4	1	0.555977106094
4	1	0.475490093231
4	1	0.554411172867
4	1	0.843555927277
4	1	0.75399684906
4	1	1.06135797501
4	1	0.576657056808
4	1	0.58065199852
4	1	0.513220071793
4	1	0.420104026794
4	1	1.1576321125
4	1	0.593679904938
4	1	0.699244022369
4	0	0.658139944077
4	1	0.489845991135
4	0	0.268257141113
4	1	0.596786975861
4	1	0.539121866226
4	0	0.583283185959
4	0	0.48491692543
4	1	0.672702074051
4	0	0.828633069992
4	1	1.15658521652
4	1	0.819604158401
4	1	0.6343729496
4	1	0.922252893448
4	1	0.604759931564
4	0	0.73649597168
4	1	0.74996304512
4	0	1.03429102898
4	0	2.27380800247
4	1	2.8024289608
4	1	2.65841388702
4	1	0.564722061157
4	1	0.923670053482
4	1	0.747799873352
4	1	0.506985902786
4	1	0.554394006729
4	1	1.70780110359
4	1	0.459891796112
4	1	0.496562957764
4	1	0.524698019028
4	1	0.473181962967
4	1	0.475672960281
4	1	0.578575849533
4	1	0.715717077255
4	1	0.393209934235
4	1	0.532910823822
4	1	0.457651853561
4	1	0.507224082947
4	1	0.676611185074
4	1	0.465507030487
4	1	0.500599861145
4	1	0.504326105118
4	1	0.469345808029
4	1	0.580141067505
4	1	0.627510070801
4	1	0.690741062164
4	0	0.603488206863
4	1	0.739655017853
4	1	0.57084107399
4	1	0.537600040436
4	1	0.561697006226
4	1	1.89242100716
4	1	0.562196016312
4	0	0.746581077576
4	1	2.11641001701
4	1	0.89781999588
4	1	1.32585811615
4	1	0.946590900421
4	1	0.562299013138
4	1	0.554254770279
4	1	0.48436999321
4	1	0.661067962646
4	1	0.659655094147
4	1	0.538456916809
4	1	0.562901973724
4	1	0.579454183578
4	1	0.553920030594
4	1	0.628304004669
7	1	0.710215806961
7	1	0.538229942322
8	1	0.380359888077
7	1	0.459234952927
7	1	0.394109010696
8	0	1.52386307716
8	1	0.508092164993
8	1	0.944025993347
7	1	0.628412008286
7	1	0.547957897186
8	1	0.458522081375
7	1	0.46130490303
7	1	0.729559898376
8	1	0.482479095459
7	1	0.474768161774
8	1	0.468901157379
8	1	0.435852050781
8	1	0.561866998672
8	1	0.492324829102
8	1	0.578115940094
7	1	0.922468900681
7	1	0.562759876251
7	1	0.513859033585
7	1	0.54135799408
7	1	0.441202878952
8	1	0.50932097435
8	1	0.425899982452
8	1	0.402457952499
8	1	0.332480192184
8	1	0.468105077744
7	1	0.368592977524
8	1	0.522240877151
8	1	0.429120063782
7	1	0.904900789261
7	1	0.428372144699
7	1	0.40363407135
8	0	0.322314023972
7	1	0.541428089142
8	1	1.46640086174
7	1	0.538296937943
7	1	0.549041986465
7	1	0.523213148117
7	1	0.489575147629
7	1	0.517004966736
7	1	0.537044048309
8	1	0.587330102921
7	1	0.44383597374
8	1	0.579572200775
7	1	0.538105964661
7	1	0.47484588623
7	1	0.577975988388
8	1	0.741616010666
7	1	0.611290931702
8	1	1.79588484764
7	1	0.536661863327
8	1	0.781441926956
8	1	0.433439016342
7	1	0.577742099762
7	1	0.546639204025
8	1	0.731672048569
7	1	0.523728847504
7	1	0.530787944794
7	1	0.469475030899
8	1	0.696521997452
8	1	0.515200138092
7	1	0.477282047272
8	1	0.433917999268
8	1	0.338139057159
8	0	0.291924953461
8	1	0.602540016174
7	1	0.57810997963
8	1	0.5228099823
8	1	0.517041921616
8	1	0.435078859329
8	1	0.545845985413
7	1	0.419685125351
7	1	0.523335933685
8	1	0.41978096962
7	1	0.436703920364
8	0	1.77017998695
7	0	0.570969820023
8	0	0.530871868134
7	1	0.226180076599
7	1	0.406111001968
8	0	0.417685031891
8	1	0.515347957611
8	1	0.698296070099
8	1	0.620249032974
8	1	0.666468858719
7	0	0.770998001099
8	1	0.533217191696
8	1	0.584871768951
7	0	1.10724616051
8	1	0.573240041733
8	1	3.5298140049
8	1	0.508043050766
7	1	0.497469902039
8	0	0.58731508255
7	1	0.340711832047
7	1	0.482758998871
7	1	0.483789920807
8	1	0.538664102554
7	1	0.522221088409
8	1	0.474825143814
8	1	0.53228187561
7	0	0.586188077927
8	1	0.603974103928
7	1	0.537009954453
8	1	0.475712060928
7	1	0.411266803741
7	0	0.371268987656
8	1	0.475928068161
7	0	0.483464956284
8	1	1.31563091278
7	1	0.467560052872
8	1	0.436175107956
8	1	0.498230934143
8	1	1.59387421608
7	1	0.460014104843
8	1	0.347860097885
7	0	0.522881031036
7	1	0.673122882843
8	0	0.837666988373
8	1	0.993941068649
8	1	0.426115989685
8	1	0.595538854599
7	1	0.588581085205
7	1	0.499073028564
7	1	0.548360109329
8	1	0.681312084198
8	1	0.924834012985
7	0	1.91405391693
8	1	0.420516967773
8	1	0.521245956421
8	1	0.565778017044
7	1	0.498023986816
8	1	0.523599147797
7	1	0.569506883621
8	1	0.531023979187
8	1	0.563004016876
8	1	0.521796941757
5	1	3.68481397629
5	1	0.507047176361
6	1	0.532431125641
5	1	0.477247953415
6	1	0.674868106842
5	0	0.608824014664
6	0	0.956822156906
5	1	1.86678600311
6	1	0.762136936188
5	1	1.79493093491
6	0	0.852301120758
5	1	1.79576206207
6	1	0.465445041656
6	1	0.779649972916
6	1	0.529213905334
6	1	0.490791082382
5	1	0.898597955704
5	1	0.491651058197
6	1	0.476495981216
5	1	0.612248897552
6	1	0.57017993927
5	1	0.522303104401
5	1	0.516364097595
5	1	1.36885499954
5	1	0.540318012238
5	1	0.49902009964
5	1	0.505233049393
5	1	0.363193035126
5	1	0.507884025574
6	1	0.556252002716
6	1	0.450972795486
5	1	0.844774961472
6	1	0.561578035355
6	1	0.661460161209
6	1	0.458190917969
6	1	0.48429107666
5	1	0.915036916733
5	1	0.546741008759
5	1	0.587674856186
5	1	0.475378990173
5	1	0.482496023178
5	1	0.651916980743
6	1	0.532572984695
5	1	0.377169847488
5	1	0.44309091568
5	1	0.658367156982
6	1	1.06015396118
5	1	0.619054794312
6	1	0.466733932495
5	1	0.505681991577
5	1	0.50017786026
6	1	0.46001291275
6	1	0.352878093719
5	1	0.411072015762
5	1	0.510137081146
5	1	0.402542114258
6	1	0.497475862503
5	1	0.418524980545
6	1	0.677051067352
6	1	0.50793504715
5	1	0.463975906372
5	1	0.442245960236
6	1	0.453107118607
5	1	0.499426841736
6	0	1.23392820358
6	1	0.442448854446
6	1	0.891405105591
6	1	0.332525014877
6	1	0.394930124283
5	1	0.547919988632
5	1	0.506727218628
5	1	0.411696910858
5	1	0.58070397377
6	1	0.584722995758
6	1	0.675008058548
5	1	0.51432800293
5	1	0.509022951126
6	1	0.509217023849
6	1	0.539519071579
5	1	0.434477090836
5	1	0.441821098328
5	1	0.45946598053
6	1	0.458091020584
5	1	0.62745308876
6	0	0.741483926773
6	0	0.401594877243
6	1	0.674673080444
5	1	0.555859088898
5	1	0.514191865921
5	1	0.554213047028
5	1	0.571689844131
5	1	0.564888954163
5	1	0.591934919357
5	1	0.426002979279
5	1	0.588015794754
6	1	0.517091035843
6	1	0.497236013412
6	1	0.474611997604
6	1	0.467516899109
5	0	0.890100955963
6	1	0.594372987747
5	1	0.580008029938
6	1	0.475311994553
5	1	0.514618873596
6	1	0.553936004639
6	1	0.50685095787
6	1	0.509112119675
5	1	0.514446973801
5	0	0.765064954758
6	1	0.465600967407
5	1	0.563783168793
5	1	0.54681801796
5	1	0.545841932297
5	1	0.526705980301
5	1	0.888088226318
6	1	0.461488008499
5	1	0.450931072235
5	1	0.481211900711
6	1	0.46013712883
6	1	0.460593938828
5	1	0.498054027557
6	1	0.402765035629
6	1	0.723755836487
5	1	0.392956972122
5	1	0.404978990555
5	1	0.730004072189
5	1	0.506678104401
5	1	0.44326710701
6	1	0.500823020935
5	1	0.442130088806
5	0	0.603348970413
6	1	0.554882049561
5	1	0.499025821686
6	1	0.592821836472
5	1	0.566049814224
5	1	0.602961063385
6	1	0.450531959534
5	1	0.500463008881
6	1	0.585968017578
5	1	0.474982023239
5	1	0.484400987625
6	1	0.530850887299
1	1	0.986328125
1	1	0.559911966324
1	1	0.626433849335
1	1	0.972985029221
1	1	0.559804916382
1	1	0.639719963074
1	1	0.759747982025
1	1	0.46653008461
1	1	0.573095083237
1	1	0.54648900032
1	1	0.506479978561
1	1	0.719778060913
1	1	0.559813022614
1	1	0.493201971054
1	1	0.533238887787
1	1	1.18616390228
1	1	0.706416845322
1	1	0.799716949463
1	1	0.653120994568
1	0	0.919691085815
1	1	0.746278047562
1	1	0.693009853363
1	1	0.706492900848
1	1	0.413216114044
1	1	0.639806985855
1	1	0.719661951065
1	1	0.479809999466
1	1	0.70644903183
1	1	1.14631199837
1	1	0.719705104828
1	1	0.599837064743
1	1	0.613128900528
1	1	0.533136129379
1	1	0.306560993195
1	1	0.466485977173
1	1	0.26650595665
1	0	0.613117933273
1	0	0.801394939423
1	0	0.479803085327
1	1	0.453150987625
1	1	0.399869918823
1	0	0.706362009048
1	1	0.599814891815
1	0	0.58646607399
1	1	0.346585035324
1	1	0.773061037064
1	1	0.639844179153
1	1	0.34651017189
1	1	0.439871788025
1	1	0.293260812759
1	1	0.559762001038
1	1	0.573128938675
1	1	0.559844017029
1	1	0.653080940247
1	0	0.666458129883
1	1	0.534905195236
1	1	0.866435050964
1	1	0.493131875992
1	1	0.668213129044
1	1	1.34618997574
1	1	1.6394879818
1	1	0.546596050262
1	0	0.839669942856
1	0	1.22792887688
1	0	0.694693088531
1	1	0.279836893082
1	1	0.706498146057
1	1	0.546485900879
1	1	0.599812984467
1	1	0.534826040268
1	1	0.454828023911
1	1	0.879703044891
1	0	0.4798848629
1	0	1.10626196861
1	0	2.19923710823
1	1	0.519862890244
1	0	0.533159971237
1	1	0.493208169937
1	1	0.519829034805
1	1	0.786387205124
1	0	0.439859867096
1	1	0.493082046509
1	1	0.614917039871
1	0	0.613049030304
1	1	0.586390972137
1	0	0.666429042816
1	1	0.932971954346
1	1	0.519859075546
1	1	0.653076887131
1	1	0.479733943939
1	1	0.759788036346
1	1	1.09293889999
1	1	0.599882125854
1	1	0.666411161423
1	1	0.533079147339
1	1	0.559862136841
1	0	0.533107042313
1	1	0.253252983093
1	1	0.226506948471
1	1	0.253363847733
1	0	0.601496934891
1	0	0.893033027649
1	1	0.6664249897
1	1	0.533076047897
1	1	0.586354970932
1	1	0.521443128586
1	1	0.853120088577
1	1	0.906381845474
1	1	0.573162078857
1	0	0.588115930557
1	1	0.919682979584
1	1	0.786432027817
1	1	0.586415052414
1	0	0.693010807037
1	1	1.39958286285
1	1	0.533149003983
1	0	0.893030881882
1	1	0.399913072586
1	1	0.559810876846
1	1	0.506586074829
1	1	0.506474971771
1	1	0.546549797058
1	1	0.468179941177
1	1	0.506563901901
1	1	0.61310005188
1	1	0.533174037933
1	1	0.653090953827
1	1	0.559705018997
1	1	0.559790849686
1	1	0.573058128357
1	1	0.613144159317
1	1	0.50646686554
1	1	0.574760198593
1	1	0.506520986557
1	1	0.479955196381
1	1	0.599730968475
1	1	0.535154104233
1	1	0.42663192749
8	1	1.06623101234
7	1	0.4815928936
8	0	1.49281191826
7	1	0.533123970032
7	1	0.546427965164
8	1	0.613133907318
8	1	0.653090953827
7	1	0.519864082336
8	1	0.546409845352
8	1	0.586470127106
8	1	0.533149003983
8	1	0.693084955215
8	0	0.548159122467
8	1	0.546491861343
7	1	0.508280992508
7	1	0.519747018814
7	1	0.533230781555
7	0	0.559771060944
8	0	0.468594074249
7	1	0.439855098724
8	0	0.626507997513
7	1	0.75981092453
7	1	0.59984588623
7	1	0.613068819046
7	0	0.746379137039
7	1	0.799721956253
8	0	0.97299695015
8	1	1.93436288834
8	1	2.11935210228
8	1	0.279967069626
7	0	1.47959184647
8	0	0.333135128021
8	1	0.359918117523
8	1	0.213271141052
7	1	0.626415014267
8	0	0.799755096436
7	1	0.586492061615
7	0	0.666478872299
7	0	0.614656209946
7	0	0.294975996017
8	0	0.306485891342
8	1	0.61310505867
7	1	0.97300696373
8	1	0.573230981827
8	0	0.479921102524
7	1	0.626433849335
7	1	1.26620292664
7	1	0.373100996017
7	1	0.533128023148
7	1	0.7731320858
8	1	0.906453847885
8	1	0.293289899826
8	1	0.533182144165
7	1	0.813103914261
8	1	0.573063850403
8	0	0.266574859619
7	1	0.3866147995
8	1	0.359879970551
8	0	0.253279924393
8	1	0.559770107269
7	1	0.506469011307
8	1	0.559802055359
8	1	0.346482992172
7	1	0.666455030441
7	1	0.573168992996
8	1	0.426442861557
8	1	0.599776983261
7	1	0.533120155334
7	1	0.413213014603
7	1	0.506440162659
8	1	0.706421136856
7	1	0.573198080063
7	1	0.466495037079
8	0	0.506556034088
7	1	0.653058052063
7	1	0.45310997963
8	1	0.413230895996
7	1	0.493242025375
8	0	0.319909095764
8	1	0.613238096237
8	1	1.13296699524
8	1	0.546495914459
8	1	0.666450023651
7	0	0.679776906967
7	1	0.506457090378
7	1	0.506589889526
7	1	0.561534881592
8	1	0.586462020874
8	1	0.533070087433
7	0	0.333270072937
7	0	0.613198041916
7	1	7.19748878479
8	1	0.49321603775
8	1	0.719703912735
7	1	0.54648900032
7	1	0.519846916199
8	1	0.493108987808
8	1	0.454881906509
8	1	0.466465950012
7	1	0.479902982712
8	1	0.481559991837
7	0	0.534964084625
8	0	0.653139829636
8	1	0.706346988678
7	1	0.613089084625
8	1	0.893030166626
8	1	0.49319601059
8	1	0.559762001038
8	1	0.599861860275
7	1	0.599842071533
7	1	0.666340112686
7	1	0.546468019485
7	1	0.559794902802
7	1	0.62637090683
7	1	0.546509981155
8	1	0.679752111435
7	0	0.50825381279
7	1	0.639700889587
7	0	0.613108158112
8	1	0.759702920914
7	1	0.533118009567
7	1	0.639693021774
7	1	0.613190889359
7	1	1.23961400986
8	1	0.561454772949
7	0	1.44121098518
8	1	0.226647853851
8	1	0.306573152542
8	1	0.468136072159
7	1	0.399799823761
7	0	0.239969968796
7	0	0.226580858231
7	1	0.733134031296
7	0	0.226617097855
7	1	1.05296087265
7	1	1.3595290184
7	0	1.66604399681
7	1	1.97269296646
8	1	0.812963008881
8	1	0.679779052734
7	0	0.626477003098
7	1	0.45498085022
8	1	0.786423921585
7	0	1.6794321537
8	1	0.494780063629
8	0	0.813000202179
7	0	0.306571960449
7	0	0.506448984146
8	0	1.03964209557
8	1	0.946406841278
8	0	0.759743928909
8	1	0.359861135483
8	1	0.773036003113
7	0	0.319851875305
7	0	0.826385974884
8	1	0.599730968475
8	1	0.453210115433
7	1	0.573081970215
8	1	0.546571016312
7	1	0.519804954529
8	1	0.493175983429
8	1	0.453079938889
8	1	0.493144035339
7	1	0.481576919556
7	1	0.559872150421
7	1	1.91940808296
7	1	0.533186912537
7	1	0.453142881393
8	1	0.852990865707
7	1	0.786360025406
7	1	0.813139915466
7	1	0.45318198204
8	1	0.466508150101
7	1	0.399914979935
7	1	0.439785003662
7	1	0.45320892334
8	1	0.373136997223
7	1	0.493180990219
8	1	0.546555042267
7	1	0.479854822159
8	1	0.4264960289
7	1	0.573230981827
7	0	0.668229103088
8	1	0.439831018448
7	1	0.453178882599
7	1	0.479856014252
7	1	0.373253107071
8	0	0.306519031525
8	1	0.893127918243
7	1	0.533123016357
8	1	0.346570014954
8	1	0.599874019623
7	1	0.533159971237
8	1	0.599759817123
8	1	0.466455936432
8	0	0.974831104279
7	0	0.55978012085
7	1	0.506461143494
7	1	0.559718132019
7	1	0.334914922714
7	0	0.693093061447
7	1	0.306576013565
8	0	1.02631211281
8	1	0.43989109993
7	1	0.37325501442
7	1	0.466454029083
8	1	0.573178768158
8	0	0.46658205986
8	1	0.9196600914
8	1	0.548213005066
7	1	1.37283992767
8	1	0.479840040207
7	0	0.693004846573
8	1	0.654910087585
7	1	0.559729099274
7	1	1.18630695343
8	1	0.573156833649
7	1	0.546491861343
7	1	0.772997140884
7	1	0.493205070496
8	1	0.493160009384
8	1	0.479964017868
7	0	0.399823188782
8	1	3.22558999062
7	1	0.561438083649
8	1	0.386565923691
8	1	0.493142127991
8	1	0.679745912552
7	1	0.57309794426
8	1	0.493093967438
8	1	0.826315879822
8	1	0.399901151657
7	1	0.266602993011
8	1	0.399869918823
8	0	0.639753103256
7	1	0.693118810654
8	1	0.826372861862
7	1	0.906258821487
7	1	0.719751119614
7	1	0.426571846008
7	1	0.506582975388
8	0	0.279968976974
8	1	0.519810914993
8	1	0.479891061783
8	1	0.426492929459
8	1	0.506524085999
8	1	0.586363792419
7	1	0.733036994934
7	1	0.706414937973
7	1	0.679758071899
7	0	0.866329908371
8	1	0.386521816254
8	1	0.626473903656
8	1	0.493136167526
8	1	0.373194932938
8	1	0.466489076614
7	1	0.639755010605
8	1	0.533219814301
7	0	0.334909200668
8	0	0.239959001541
8	0	0.333234071732
7	1	0.414852142334
8	1	1.99928998947
8	1	0.199970006943
7	1	0.186613082886
7	1	0.239917993546
3	0	2.50580906868
3	0	0.706373929977
3	1	0.852963924408
3	0	0.733062982559
3	0	1.35962510109
3	1	1.70608782768
3	1	0.654834032059
3	1	0.546444892883
3	1	0.626413822174
3	1	1.17284202576
3	1	0.974666833878
3	0	0.733053922653
3	1	0.761522054672
3	0	0.799804925919
3	1	2.23914504051
3	1	0.813082933426
3	1	1.25285601616
3	1	1.01459693909
3	0	1.27949714661
3	1	2.18590593338
3	1	1.79928088188
3	0	1.15953302383
3	1	0.759776115417
3	1	1.05298304558
3	1	2.30587506294
3	1	0.986356019974
3	1	0.613112926483
3	1	0.946331977844
3	1	0.653093099594
3	0	0.986268043518
3	1	0.799734830856
3	0	0.826344966888
3	1	1.42615509033
3	0	0.786444187164
3	1	0.973030805588
3	0	1.43947100639
3	1	0.599860191345
3	1	3.71870207787
3	1	0.87958407402
3	0	1.46621704102
3	0	0.894735813141
3	1	0.693159103394
3	1	0.706372976303
3	1	0.906435966492
3	0	4.57176208496
3	1	0.586416959763
3	1	1.0130469799
3	1	0.521487951279
3	1	0.58638882637
3	1	0.546489953995
3	1	0.559783935547
3	1	1.17290902138
3	1	0.508188962936
3	0	0.42644906044
3	1	0.466463088989
3	1	0.986373901367
3	1	0.47980594635
3	0	0.546531915665
3	1	0.613125085831
3	1	0.506516933441
3	1	0.959666967392
3	1	1.31956505775
3	1	1.19954895973
3	1	0.613176107407
3	1	0.61309504509
3	1	0.439844846725
3	1	0.586402177811
3	1	0.414865016937
3	1	0.574949026108
3	1	0.399971008301
3	0	0.359797954559
3	1	0.94637799263
3	0	0.453166007996
3	0	0.599857807159
3	1	0.599780797958
3	1	0.973056077957
3	0	0.599846124649
3	1	1.0797419548
3	1	1.1995818615
3	1	0.866307020187
3	1	0.559804916382
3	0	1.99931812286
3	0	1.28120684624
3	0	0.599843025208
3	0	0.226668119431
3	1	0.253181934357
3	1	1.51937007904
3	1	0.306499004364
3	1	0.573114156723
3	0	0.519860982895
3	1	1.25289392471
3	1	0.506526947021
3	0	1.13455200195
3	0	0.359794139862
3	0	0.19988489151
3	1	0.721477985382
3	1	2.62571001053
3	1	0.559816122055
3	1	0.466502904892
3	1	0.453186035156
3	1	0.399797916412
3	1	0.63987493515
3	1	0.693135023117
3	1	0.813084840775
3	0	0.508139133453
3	1	0.706398963928
3	1	0.666481018066
3	1	0.559782981873
3	0	0.63979101181
3	1	1.106361866
3	1	0.47979092598
3	1	0.519778013229
3	1	1.14791893959
3	1	0.826333045959
3	1	1.14622402191
3	1	0.55974817276
3	0	1.1062939167
3	1	0.426516771317
3	1	0.506505012512
3	0	0.546423912048
3	1	0.879745006561
3	1	0.653119087219
4	1	0.639809131622
4	1	0.533184051514
4	1	0.479779958725
4	1	0.493211984634
4	1	0.453068971634
4	1	0.533133983612
4	1	0.559772014618
4	1	0.533067941666
4	1	0.453113794327
4	1	0.466442108154
4	1	0.439831972122
4	0	0.573137998581
4	1	0.573043823242
4	1	0.546418905258
4	1	1.13287997246
4	1	0.613126993179
4	1	0.668118953705
4	1	0.533111810684
4	1	0.506542921066
4	1	0.999623060226
4	1	0.853055953979
4	0	0.533109903336
4	1	1.06809020042
4	1	0.479884147644
4	0	0.573178052902
4	1	1.2662730217
4	1	0.706461906433
4	1	1.17289185524
4	1	1.706138134
4	1	0.493178844452
4	1	0.506543874741
4	1	1.19952607155
4	1	1.25286912918
4	1	0.573150157928
4	1	0.574793100357
4	1	0.533154964447
4	1	0.68151807785
4	1	0.439785957336
4	1	0.693156003952
4	1	0.533168077469
4	1	0.439849853516
4	1	0.546555042267
4	1	0.639872074127
4	1	0.734812021255
4	0	0.759703159332
4	1	0.719831943512
4	1	0.548139095306
4	1	0.986330986023
4	1	0.546507835388
4	1	0.519754171371
4	1	0.573063135147
4	1	0.546383142471
4	1	0.519752979279
4	1	0.573200941086
4	0	0.679781913757
4	1	0.493151903152
4	1	0.573167085648
4	1	0.599805116653
4	1	0.706420898438
4	1	0.599770069122
4	1	0.479847192764
4	1	0.759732961655
4	0	0.573050022125
4	1	0.58868598938
4	1	1.09298181534
4	1	0.50640296936
4	1	1.0680911541
4	1	0.399949073792
4	1	0.453280925751
4	1	0.559826850891
4	1	0.86634516716
4	1	1.13516187668
4	0	1.77278399467
4	1	0.58648109436
4	0	0.519779920578
4	1	0.813050985336
4	1	1.2929008007
4	1	2.47921991348
4	1	1.29285502434
4	1	1.09293293953
4	0	2.25419306755
4	1	1.50614380836
4	1	0.493175029755
4	1	0.493185997009
4	1	0.639733076096
4	1	0.493182897568
4	1	0.468320131302
4	1	0.614880084991
4	1	0.493113994598
4	1	0.546447992325
4	0	0.733096122742
4	1	0.439876794815
4	1	0.559850931168
4	1	0.613097906113
4	1	0.666482925415
4	1	0.439795970917
4	1	0.639755010605
4	0	0.666495084763
4	0	0.453120946884
4	1	0.599779844284
4	1	0.573131799698
4	1	1.13291192055
4	1	0.599706888199
4	1	0.506438970566
4	1	0.559789896011
4	1	0.666450977325
4	1	0.613049030304
4	0	0.719780921936
4	1	0.479782819748
4	1	0.519888162613
4	1	0.626441001892
4	1	0.573153018951
4	1	0.519869089127
4	1	0.53485417366
4	0	1.73266386986
4	0	0.42648601532
4	1	0.386528015137
4	0	0.18660902977
4	1	0.213355064392
4	1	0.573175907135
4	0	0.906419992447
4	0	0.213260889053
4	0	0.388206958771
4	1	3.46545004845
4	1	0.573117017746
4	1	0.559746026993
4	1	0.213294029236
4	1	3.2121899128
4	1	0.546496868134
4	0	0.213253974915
4	1	1.13290500641
4	1	0.533148050308
5	1	0.93482708931
6	1	0.57303404808
6	1	0.786334037781
5	1	0.453196048737
5	1	0.466531038284
6	1	0.401506185532
6	1	0.719748020172
5	0	0.573153018951
5	1	0.546546936035
5	1	0.719718933105
6	1	0.574882030487
6	1	0.586426973343
6	1	0.719793081284
6	1	0.519798994064
5	1	0.546463012695
5	1	0.439795970917
6	1	0.573174953461
5	1	0.599804162979
5	0	0.839684009552
6	1	0.519802093506
5	1	0.508135080338
5	1	1.31948304176
5	1	0.586549043655
5	1	0.826438188553
5	0	0.599774122238
5	1	1.05291485786
6	1	0.559887170792
6	1	0.546358108521
6	1	0.546486854553
6	1	0.54651093483
6	0	0.586405038834
5	1	0.626429080963
5	1	1.1079750061
5	1	0.573065042496
6	1	0.559763908386
6	1	0.973010063171
6	1	0.559784173965
5	0	1.4795320034
6	1	2.0676920414
6	0	1.66613912582
5	1	1.09301304817
6	0	0.999650001526
5	1	0.546509027481
5	1	1.07965016365
5	0	0.25331902504
5	1	0.493163108826
6	1	0.559900045395
6	1	0.453169107437
6	1	0.506494045258
5	1	0.521541833878
6	1	0.626429080963
5	1	0.533164024353
6	1	0.906419992447
5	0	1.47952008247
6	1	1.55947899818
6	0	0.546569824219
5	0	2.30582213402
5	1	0.666379213333
6	1	1.07961201668
5	0	0.533154010773
6	0	0.519793987274
6	1	0.588065862656
6	1	0.453173875809
5	1	0.42649102211
5	1	0.426461935043
5	0	0.215248823166
6	1	0.586491823196
6	1	0.573089122772
5	0	3.06563282013
5	1	0.466511011124
6	1	0.733064174652
5	1	0.506468057632
5	1	0.719738006592
5	1	0.559818983078
6	1	1.02631306648
5	1	0.506548881531
5	1	0.533077001572
5	1	3.79862904549
5	1	3.90704083443
5	1	0.679780960083
5	1	0.855028152466
6	1	0.573090076447
5	1	1.23957800865
5	1	0.559814929962
6	0	0.519826173782
6	1	0.613139867783
5	1	1.89271187782
5	1	0.508161067963
5	1	1.19960308075
5	1	0.586436986923
6	1	0.626466035843
6	1	1.10636591911
5	1	0.599838972092
6	1	0.559749126434
6	0	0.533185958862
6	1	0.253248929977
6	1	0.626368045807
6	1	1.0530269146
6	1	0.533204078674
6	1	0.546415090561
5	1	0.453168869019
6	1	0.599747896194
6	1	0.43990278244
5	1	0.519848108292
6	1	0.561458110809
5	1	0.466486930847
5	1	0.466615915298
5	1	0.894763946533
6	1	1.38620400429
5	0	1.41280698776
5	1	0.533123970032
6	1	0.453193902969
5	1	0.574768066406
5	1	0.932960033417
5	1	0.493165016174
5	1	0.4798579216
5	1	0.77481007576
6	1	0.51985001564
6	0	0.599824905396
5	1	0.559797048569
6	1	1.58617591858
5	1	2.01263594627
6	1	0.534930944443
5	1	0.559786081314
5	1	0.519824981689
5	1	1.37291693687
5	1	0.466466903687
5	1	0.466466903687
5	0	0.428437948227
5	1	0.599767923355
5	1	3.18559002876
6	1	0.479813098907
6	1	0.533111095428
6	1	0.559756994247
5	1	0.493121147156
5	1	0.453094005585
5	1	2.07926106453
6	1	0.521497011185
6	1	0.49495100975
5	0	0.414861917496
6	1	0.559821844101
5	0	2.14589309692
5	1	1.17294311523
6	1	0.599795103073
6	1	0.626477003098
5	0	0.773096084595
6	0	0.613164901733
5	1	3.18549895287
5	1	0.999605894089
5	1	0.52160692215
5	0	0.879763841629
6	0	1.18618297577
5	0	0.786334037781
6	0	2.01260399818
5	0	2.07932400703
5	1	0.573152065277
6	1	2.77232193947
6	1	2.22589206696
5	1	0.47974395752
5	1	0.241573095322
5	1	0.359905958176
6	1	0.506485939026
5	1	0.386495113373
6	1	0.45314002037
5	1	0.599792957306
6	1	0.626401901245
6	1	0.614846944809
6	1	0.506515026093
5	1	0.839811086655
6	1	0.613240003586
5	1	0.519836902618
6	1	0.47981595993
5	1	0.39993596077
5	1	0.519780158997
6	0	0.546529054642
6	0	0.453197002411
6	1	0.574735879898
5	1	0.466529846191
5	1	0.67977309227
6	1	0.533181905746
5	1	0.49321603775
6	1	0.51975107193
5	1	0.479848146439
6	1	0.879624843597
5	1	0.599740982056
5	0	0.466465950012
5	1	0.573179960251
6	1	0.479864835739
6	1	0.386590003967
5	0	0.641483068466
6	1	1.45502591133
5	0	0.399827003479
6	0	1.3745610714
5	0	0.799745082855
5	1	0.879636764526
6	1	1.02629208565
6	1	0.426483154297
5	1	0.346534967422
5	0	0.773009061813
6	1	1.11954498291
6	0	0.573107004166
6	0	0.559887886047
6	0	1.23952889442
6	1	1.03964495659
6	1	0.533181905746
6	0	0.959568023682
5	1	1.6793680191
6	1	0.773123025894
6	1	0.533186912537
6	0	0.453239917755
5	0	0.439851999283
6	1	0.854686021805
6	1	0.439843177795
6	1	0.506421089172
6	1	0.493102073669
6	1	0.58652806282
6	1	0.439810037613
5	1	0.54648900032
5	0	0.706362962723
5	1	0.639737129211
5	1	0.479746818542
5	1	0.399863958359
5	1	0.466416835785
5	1	0.47976899147
6	1	0.426555156708
6	1	0.559787034988
6	1	0.399943113327
6	1	0.333308935165
6	1	0.533061981201
5	0	0.533244132996
5	1	0.533108949661
6	0	0.519818067551
5	0	0.813061952591
5	1	0.453243017197
6	1	0.519801139832
5	1	0.506565093994
6	1	0.586524009705
5	1	0.453123092651
5	1	0.573137998581
6	0	2.89421892166
5	1	0.466526985168
6	1	0.626471042633
6	1	0.479829072952
6	1	0.426542043686
6	1	0.413256883621
6	1	0.586485862732
6	1	1.34615087509
6	1	0.413218975067
5	1	0.493249893188
6	1	0.70644402504
5	1	0.506617069244
6	1	0.601454019547
6	1	0.479915142059
6	1	0.533159971237
6	1	0.426544904709
5	0	0.506549119949
6	1	1.0130341053
6	1	0.439929008484
6	1	0.573157072067
5	1	0.45319890976
6	1	0.466485977173
6	1	0.466511964798
5	1	0.439825057983
2	1	2.51921010017
2	1	0.479812145233
2	1	0.788187026978
2	1	0.933088064194
2	1	0.639703035355
2	0	0.519904136658
2	1	0.506500005722
2	1	0.733036994934
2	1	0.586463928223
2	1	0.519821166992
2	1	0.533171892166
2	1	0.826430082321
2	0	0.67977309227
2	0	0.599855184555
2	0	1.05305504799
2	1	0.639799118042
2	1	1.42782497406
2	0	1.05460500717
2	1	0.426484823227
2	1	0.466539859772
2	1	0.839727878571
2	1	0.548191070557
2	1	0.533193826675
2	1	0.546452999115
2	1	0.493088006973
2	1	0.559769868851
2	1	0.599719047546
2	1	0.839731931686
2	0	1.70603108406
2	1	0.868096113205
2	1	0.693156957626
2	0	0.706423997879
2	1	0.708377838135
2	1	0.506567001343
2	0	0.506431818008
2	1	0.519824028015
2	1	0.53311085701
2	1	0.559885025024
2	1	0.813060045242
2	1	0.519804954529
2	1	0.641412973404
2	1	0.586487054825
2	1	0.479897022247
2	1	0.641524076462
2	1	0.639775037766
2	1	0.519869089127
2	1	1.17300486565
2	1	0.573179006577
2	1	0.546462059021
2	1	0.546509981155
2	0	0.468281030655
2	1	0.986288070679
2	1	0.839647054672
2	1	0.626434087753
2	0	2.599173069
2	1	6.67768597603
2	1	0.708126068115
2	1	0.626440048218
2	1	1.75939416885
2	1	1.58607196808
2	0	0.679755926132
2	1	0.668154001236
2	1	0.666448116302
2	1	0.813035964966
2	1	0.813128948212
2	1	0.613038063049
2	1	0.599760055542
2	0	0.573056221008
2	1	0.559729099274
2	1	0.626461982727
2	1	0.959692955017
2	1	0.933032989502
2	1	0.559715032578
2	1	0.74860906601
2	0	0.87969493866
2	1	1.22624397278
2	1	0.69306397438
2	1	0.681430101395
2	0	0.519805908203
2	1	1.13470005989
2	0	0.573158979416
2	1	0.679705142975
2	1	0.799774169922
2	1	0.506431818008
2	1	1.65277194977
2	1	0.546499013901
2	0	0.586533069611
2	1	0.879695892334
2	1	1.01301789284
2	0	0.733091115952
2	1	1.41290903091
2	1	0.546457052231
2	1	0.613174200058
2	1	0.626448154449
2	1	0.613071918488
2	1	0.239870071411
2	0	0.239887952805
2	1	0.213262081146
2	0	0.254922151566
2	0	1.86602711678
2	0	0.306552886963
2	1	0.559844017029
2	1	0.708153963089
2	1	0.733080148697
2	1	0.653128862381
2	1	0.521550893784
2	1	0.573157072067
2	1	0.586519002914
2	1	0.666354179382
2	1	0.506465196609
2	1	2.05262303352
2	1	0.546471118927
2	1	0.466537952423
2	1	1.22622799873
2	1	0.654802083969
2	1	0.573153018951
2	1	0.55979013443
2	1	0.506592035294
2	1	0.679834127426
2	1	0.386502981186
2	1	0.573158979416
2	1	0.613081932068
2	0	0.493108034134
2	1	0.75975394249
2	1	0.493232965469
2	1	0.533234834671
2	1	0.493274927139
2	1	0.55976319313
2	1	0.573090791702
2	1	0.919648885727
