8	1	0.679582118988
7	1	0.586576938629
8	1	1.09284806252
8	1	0.5995221138
8	1	0.666126966476
8	1	0.586662054062
7	1	0.546704053879
8	1	0.573351144791
8	1	0.493384838104
7	1	0.759630918503
7	0	1.05289006233
8	1	0.786675930023
7	1	0.812959909439
7	1	1.71894097328
7	1	0.692886829376
8	1	0.600008010864
7	1	0.786190032959
8	1	0.759510993958
7	1	0.759485960007
8	0	0.972846984863
7	1	0.812837123871
8	1	1.47899198532
7	1	2.70527791977
8	1	1.47958803177
7	1	2.35909795761
8	1	1.17223286629
7	1	1.19941806793
8	1	4.37137293816
8	1	1.69290399551
8	1	0.852849960327
8	0	4.54416298866
7	1	1.35906910896
7	1	1.21282100677
7	1	1.65239787102
8	1	1.05284404755
8	1	1.30620503426
7	1	3.29133415222
8	1	2.63858914375
7	1	5.18376088142
8	1	1.81237220764
8	1	1.51906609535
8	1	1.65234494209
7	1	1.78613996506
8	1	3.13182783127
8	1	1.8926820755
8	1	3.97131180763
7	1	1.39898681641
7	1	1.37233996391
8	1	0.826215982437
7	1	1.41272115707
7	0	5.07726097107
8	1	0.866209983826
8	1	3.93137383461
7	1	0.772871017456
7	1	1.87893223763
7	1	6.49012899399
8	1	0.706363916397
7	1	0.719983816147
7	1	1.30623006821
7	1	0.693275928497
8	1	3.17178082466
7	1	0.813277006149
7	0	5.89033508301
8	1	0.69283914566
8	0	3.42511081696
8	1	1.39918804169
8	1	3.651252985
8	1	2.23901081085
8	1	0.772887945175
8	1	0.786650896072
8	1	2.15900492668
7	1	1.09277200699
8	1	0.706110954285
8	1	1.10607600212
7	1	1.71900582314
8	1	0.599479913712
8	1	0.666177988052
7	1	0.679729938507
8	1	0.560039043427
8	1	0.62678694725
7	1	0.586675167084
8	1	0.732877969742
8	1	0.612776994705
8	1	0.559566020966
7	1	0.666177988052
7	1	0.546613931656
8	1	0.466684103012
8	1	0.493320941925
8	1	0.933012962341
7	0	0.706204891205
8	1	1.54562401772
7	1	1.2257809639
7	1	3.26520085335
7	1	4.95754408836
8	1	0.706092834473
7	1	0.772968769073
4	1	0.746166944504
4	1	0.919523954391
4	1	2.93207287788
4	1	2.82521891594
4	1	3.59801912308
4	1	0.746169805527
4	1	0.91957783699
4	1	3.49132204056
4	1	1.30617809296
4	0	2.54561519623
4	1	1.5591211319
4	1	4.7574300766
4	0	4.82425498962
4	1	0.853171825409
4	1	0.759536981583
4	0	3.98468708992
4	1	2.86512804031
4	1	0.95951294899
4	1	4.45143604279
4	0	2.55902004242
4	1	0.813367843628
4	1	1.61239910126
4	1	4.14466381073
4	1	3.8380420208
4	1	1.33279204369
4	1	3.85125494003
4	1	1.26592803001
4	1	4.3047311306
4	1	0.79948592186
4	1	0.879492998123
4	1	1.14609408379
4	1	0.772842884064
4	1	4.05114006996
4	1	1.4526450634
4	1	1.07949185371
4	1	1.19957494736
4	1	0.972810029984
4	1	2.03906989098
4	1	1.26567792892
4	1	0.946101903915
4	1	2.25226593018
4	1	1.14610505104
4	1	1.05290102959
4	1	2.29219198227
4	1	2.55852603912
4	1	1.97230601311
4	1	1.71898698807
4	0	1.66567516327
4	0	3.18509912491
4	1	1.0928850174
4	0	1.4528169632
4	1	4.55780100822
4	1	5.05076003075
4	1	1.69234681129
4	1	2.78518295288
4	1	2.37231183052
4	1	2.17218017578
4	1	2.95854997635
4	1	5.13090801239
4	1	1.43911290169
4	1	0.986254930496
4	1	1.58619499207
4	1	1.97236609459
4	1	2.05233693123
4	1	1.87894487381
4	1	1.73232007027
4	1	2.06545495987
4	1	3.17187094688
4	1	2.65238404274
4	1	0.839461803436
4	1	0.946173906326
4	1	0.719967126846
4	1	2.85182905197
4	1	0.812841176987
4	1	0.666697025299
4	1	1.63952803612
4	1	0.719454050064
4	1	2.13222098351
4	1	0.799501180649
4	1	1.81233310699
4	1	0.972878932953
4	1	0.772944927216
4	1	1.7456099987
4	1	0.826158046722
4	1	0.772803068161
8	1	1.15943193436
7	1	0.892930984497
7	1	0.572859048843
8	1	0.666166782379
8	1	0.533298969269
8	0	5.38413500786
7	1	0.906588077545
8	1	0.732860088348
8	1	0.906183004379
8	0	1.73278903961
8	0	3.66487598419
8	1	0.812920093536
7	1	0.706192016602
8	1	0.999616861343
8	1	0.786266803741
8	1	0.826259851456
8	0	1.57283306122
7	0	3.73160982132
7	1	0.772855997086
8	1	0.75950884819
8	1	0.653206110001
7	1	0.693421125412
7	1	0.706120967865
8	1	4.63751292229
7	1	0.74617600441
8	1	0.706390142441
8	1	2.14576005936
7	1	1.13256692886
8	1	1.58570814133
7	1	3.46472597122
8	1	1.86570000648
8	1	1.62578392029
7	1	1.31944489479
7	1	1.42568588257
7	1	1.19899702072
8	1	2.98526406288
7	1	2.07899808884
8	1	1.97238302231
8	1	1.4928958416
7	1	1.66613101959
8	1	1.74576592445
8	1	1.46585297585
8	0	3.33194994926
7	1	3.42524981499
7	1	0.932855844498
7	1	1.33224105835
7	1	1.05279016495
8	1	0.999499797821
7	1	1.11948013306
8	1	0.82626414299
8	1	1.10617899895
8	1	0.83949303627
7	1	0.772902011871
7	1	1.05287909508
8	1	0.879551887512
7	1	0.799603939056
7	1	0.919749975204
7	1	0.826121091843
8	1	1.47906303406
8	1	1.30564904213
7	1	0.799418926239
8	1	0.852867841721
8	1	0.732908964157
8	1	0.546168088913
8	1	0.586181879044
7	1	1.2394900322
7	0	2.35895204544
7	1	0.906181812286
7	1	1.10621881485
8	1	0.679661989212
8	1	1.90566396713
8	1	0.706262111664
8	1	0.653357982635
7	1	0.559998989105
7	1	0.519979000092
7	1	2.97175097466
7	1	1.33228516579
7	1	1.02609300613
7	1	2.63902497292
8	1	0.972818851471
8	1	0.959510087967
8	1	0.892894983292
7	1	0.906167030334
7	1	2.59898710251
8	1	2.30568099022
8	1	2.29225611687
8	1	1.50568509102
7	1	2.57184720039
8	1	2.06540417671
7	1	1.58568191528
8	1	1.1728219986
7	1	1.4128279686
7	1	1.69267392159
8	1	1.86569190025
7	1	1.54574894905
7	1	3.94474291801
8	1	0.959450006485
8	1	1.17270207405
8	1	0.87948513031
7	1	0.959431886673
7	1	0.972851037979
5	1	0.786226987839
5	1	0.972805976868
5	1	1.46623206139
6	1	0.746448040009
6	1	0.906212806702
5	1	0.7195520401
5	1	0.692880868912
5	1	0.65331196785
5	1	0.599946975708
5	1	0.879466056824
6	1	0.679514169693
5	1	0.692967176437
6	1	0.83975982666
5	1	0.746123075485
6	1	0.612922906876
5	1	0.652845859528
6	1	0.506553888321
6	1	0.919838905334
6	1	0.786144018173
5	1	0.786211967468
5	1	1.226115942
5	1	0.586261987686
6	1	0.612864971161
6	1	1.82599210739
6	1	0.626537084579
6	1	0.732838869095
5	1	0.666172027588
6	1	0.679511070251
6	1	0.573339223862
6	1	1.19957995415
5	1	0.63947892189
6	1	3.31829714775
6	1	2.02568912506
6	1	0.932814121246
6	1	4.75761008263
6	1	2.30571699142
5	1	1.03944897652
5	1	2.43901491165
5	1	1.4795191288
6	1	2.13239789009
5	1	2.25223994255
6	1	1.77238297462
6	1	1.83950400352
6	1	1.70571684837
5	1	0.946193933487
5	1	0.90647482872
5	1	0.946196079254
5	1	0.706157922745
5	1	0.666606903076
5	1	1.15960693359
5	1	1.43920898438
6	1	0.799468040466
5	1	1.22625303268
6	1	0.853004932404
5	1	0.879415035248
6	1	1.0928850174
5	1	5.55747890472
5	0	2.19902610779
5	1	1.77292704582
5	1	3.97139501572
6	1	0.892810106277
6	1	2.21242403984
6	1	0.999561071396
5	1	1.97237300873
5	1	2.03888010979
6	1	1.45277500153
5	1	0.946185112
5	1	0.999516963959
5	1	0.852871894836
6	1	1.03953695297
5	0	4.55806303024
5	1	0.812819004059
5	1	0.812805891037
6	1	0.719969987869
5	1	0.746231079102
5	1	0.826143026352
6	1	0.666157007217
6	1	0.679789066315
5	1	0.653375148773
6	1	0.972882986069
5	1	3.75798106194
5	1	1.19951820374
6	1	0.65286898613
6	1	0.799688100815
5	1	0.74627995491
6	1	0.799517869949
6	1	1.11941814423
6	1	0.706240177155
5	1	0.732779979706
5	1	0.999492168427
6	1	1.02610683441
6	1	1.66585302353
6	1	1.11955189705
5	1	1.05278801918
5	1	1.57280802727
5	1	0.986232995987
5	1	0.759468078613
5	1	1.01285290718
6	1	1.79892611504
5	1	0.972994089127
5	1	0.799525022507
5	1	0.586119890213
5	1	1.01283884048
6	1	1.29281902313
6	1	0.706692934036
5	1	1.2795419693
6	0	1.06622004509
6	1	0.826222896576
5	1	1.30619597435
2	0	1.43949103355
2	1	1.39954900742
2	1	0.879920005798
2	1	1.10615897179
2	1	0.693252086639
2	1	0.919496059418
2	1	1.17280602455
2	1	1.03948998451
2	1	0.826210975647
2	1	1.65283417702
2	1	1.03948998451
2	1	1.74579310417
2	1	0.706691026688
2	1	1.49276685715
2	1	0.839529037476
2	1	1.10607790947
2	1	0.959501028061
2	1	0.906157970428
2	1	1.18610692024
2	1	2.85183691978
2	1	0.986139059067
2	1	1.41236686707
2	1	0.892879009247
2	1	1.38619494438
2	1	1.13269591331
2	1	0.826100826263
2	1	0.746413946152
2	1	1.10613703728
2	1	2.93177103996
2	1	1.31956410408
2	1	3.01189994812
2	1	0.972868919373
2	1	0.773330926895
2	1	0.786177873611
2	1	0.772727966309
2	1	0.812999010086
2	1	0.919445991516
2	1	1.0262260437
2	1	0.959480047226
2	1	2.5719370842
2	1	0.732928037643
2	1	1.10610389709
2	1	1.05283117294
2	1	1.50612187386
2	1	2.99858498573
2	1	1.09279704094
2	1	1.89229011536
2	1	1.58566403389
2	1	4.05131387711
2	1	0.839522123337
2	1	0.946208000183
2	1	1.30621099472
2	1	1.73257398605
2	1	0.812905073166
2	1	0.852898836136
2	1	2.05218601227
2	1	1.01289105415
2	1	0.986269950867
2	1	1.57232499123
2	1	0.786123037338
2	1	0.906232118607
2	1	0.826116085052
2	1	1.69235897064
2	1	1.75893187523
2	0	2.10559201241
2	1	0.812817811966
2	1	2.81212592125
2	1	1.06616997719
2	0	2.7985329628
2	1	3.21175694466
2	1	2.59848499298
2	1	0.813277959824
2	1	2.93191003799
2	1	1.13286685944
2	0	4.13132190704
2	1	2.22569680214
2	1	1.15936899185
2	1	1.4660410881
2	1	2.67853283882
2	1	1.50576376915
2	1	0.919519901276
2	1	1.98568487167
2	1	0.892781019211
2	1	1.69246006012
2	1	2.1989979744
2	1	0.959545135498
2	1	2.87842607498
2	1	0.812821865082
2	0	1.1861000061
2	1	2.94522500038
2	1	1.10623884201
2	1	2.58513188362
2	1	1.75903892517
2	1	1.3995680809
2	1	1.22617411613
2	1	1.11960101128
2	1	0.98611998558
2	1	0.652882099152
2	1	1.8794131279
2	1	1.09285902977
6	1	1.23907494545
6	1	1.21285295486
6	1	0.986165046692
5	1	3.45125603676
5	1	0.879531860352
5	1	1.37280201912
5	1	0.746350049973
5	1	0.906132936478
6	0	4.02467513084
5	1	0.972929954529
5	1	0.786153078079
5	1	1.19923496246
6	1	2.21239304543
6	1	2.62529611588
5	1	1.02624511719
6	1	0.760005950928
5	1	1.57282304764
5	1	0.839544057846
5	1	0.866174936295
5	1	0.733283996582
5	1	0.746111869812
5	1	0.719487905502
5	1	0.666095972061
6	1	0.7465031147
5	1	0.852876901627
5	1	0.692859172821
6	1	0.62614607811
5	0	0.852955102921
5	0	1.13281798363
5	1	4.11762690544
6	1	1.57229399681
5	1	1.5589928627
6	1	1.09288096428
5	0	2.46577215195
6	1	1.09285187721
6	1	0.85285115242
5	1	1.54613685608
5	1	3.03858494759
5	1	0.826257944107
5	1	2.43901705742
5	1	0.7466609478
6	1	0.79949092865
5	1	2.85188412666
5	1	1.5595459938
5	1	1.14624500275
5	1	1.02611494064
5	1	0.83943605423
6	1	1.45239400864
5	1	0.852874040604
5	1	0.879721164703
5	1	1.18627715111
6	1	0.639991998672
6	1	0.626661062241
6	1	0.573418140411
6	1	2.49238300323
5	1	0.732908964157
6	1	0.639508008957
5	1	1.03943800926
6	1	2.02564811707
6	1	0.906214952469
6	1	2.01246500015
5	1	0.999553918839
5	1	1.83907389641
5	1	3.03854584694
6	1	0.852874994278
6	1	1.42578291893
6	1	0.719455957413
6	1	0.946183919907
6	1	2.01229286194
5	1	1.74569892883
5	1	1.66587209702
5	0	1.42609500885
5	1	1.77278900146
5	1	1.87909007072
5	0	5.99700593948
5	1	2.45238995552
6	1	0.786454916
6	1	0.666145801544
5	1	0.772691011429
5	1	0.652991056442
6	1	2.39906096458
6	1	1.01278305054
6	1	1.0262260437
6	1	0.720048189163
6	1	0.600032091141
5	1	0.612978935242
5	1	0.852890014648
5	1	2.07879900932
6	1	0.852897167206
5	1	0.719530105591
6	1	0.733268976212
5	1	0.826179981232
5	0	0.959435939789
6	1	1.45291686058
5	1	0.706640005112
6	1	2.50566291809
6	1	2.39904904366
6	1	0.799654006958
5	1	1.62560796738
6	1	1.21281194687
5	1	3.37183690071
5	1	1.27953600883
5	1	2.4655110836
3	1	0.692929029465
3	1	0.653388023376
3	1	1.59951591492
3	1	0.599690914154
3	1	1.81230306625
3	1	0.826097011566
3	1	0.73340010643
3	1	0.666198015213
3	1	0.652881860733
3	1	0.59956407547
3	1	0.612807035446
3	1	0.679725885391
3	1	0.640005111694
3	1	1.58615589142
3	1	0.746096849442
3	1	1.51902389526
3	1	0.772827148438
3	1	1.95917105675
3	1	0.879513978958
3	1	1.22573709488
3	1	0.746113777161
3	1	1.21237206459
3	1	1.42605090141
3	1	1.34629106522
3	1	0.706313848495
3	1	0.586088895798
3	1	0.759510040283
3	1	0.679493188858
3	1	0.66673207283
3	1	0.972800970078
3	1	0.719491958618
3	1	0.626223087311
3	1	1.09277796745
3	1	0.719451904297
3	1	1.05272889137
3	1	0.746179103851
3	1	0.772863149643
3	1	0.799784898758
3	1	0.852886915207
3	1	1.1861770153
3	1	1.02617502213
3	1	0.82620215416
3	1	0.892838954926
3	1	1.26608204842
3	1	1.09272503853
3	1	0.693068027496
3	1	0.693251848221
3	1	0.812840938568
3	1	1.03951692581
3	1	0.813009977341
3	1	0.826159954071
3	1	0.719512939453
3	1	1.09294199944
3	1	1.37228989601
3	1	0.679585933685
3	1	0.746219873428
3	1	0.786607980728
3	1	0.786127090454
3	1	1.11942815781
3	1	0.706382989883
3	1	0.639561891556
3	1	0.719434976578
3	1	0.866116046906
3	1	0.679966926575
3	1	0.586360931396
3	1	0.666183948517
3	1	2.17233800888
3	1	0.652966976166
3	1	1.19951486588
3	1	0.812897920609
3	1	1.71897888184
3	1	1.17277407646
3	1	0.69296002388
3	1	0.772841930389
3	1	1.02608990669
3	1	1.33273792267
3	1	2.17229413986
3	1	0.719780921936
3	1	2.2923719883
3	1	1.85280680656
3	1	4.39804196358
3	1	0.879561185837
3	1	0.946198940277
3	1	0.826467990875
3	1	1.86574888229
3	1	0.812891960144
3	1	0.653287887573
3	1	0.89275598526
3	1	0.532824039459
3	1	0.986108064651
3	0	1.59951901436
3	1	0.81280708313
3	1	0.746121168137
3	1	0.786199808121
3	1	0.733148097992
3	1	0.706091880798
3	1	0.959414958954
3	1	0.746579885483
3	1	1.23947787285
3	1	0.813238859177
3	1	0.839560985565
3	1	0.692836046219
3	1	0.626573085785
3	1	2.31907105446
3	1	0.626402139664
3	1	0.62672996521
3	1	0.733075141907
3	1	1.25280594826
3	1	0.946105957031
3	1	0.706264019012
3	1	0.839476108551
3	1	1.51951503754
3	1	1.09281992912
3	1	1.17232990265
3	1	0.972864866257
3	1	1.07947397232
3	1	0.932893037796
3	1	0.893187046051
3	1	1.21291613579
1	1	0.706161975861
1	1	0.626613855362
1	1	0.639973163605
1	1	0.599608182907
1	1	0.559507131577
1	1	0.532771110535
1	1	0.746129989624
1	1	0.66615986824
1	1	0.626696109772
1	1	0.546580076218
1	1	0.70655298233
1	1	0.826097011566
1	1	0.746119976044
1	1	0.506773948669
1	1	0.67994594574
1	1	0.733138799667
1	1	0.666203975677
1	1	1.226115942
1	1	0.75946187973
1	1	2.02568602562
1	1	0.839526891708
1	1	1.38616394997
1	1	1.34618616104
1	1	1.42623496056
1	1	0.666715145111
1	1	0.759438037872
1	1	1.54569983482
1	1	1.49230098724
1	1	1.43890619278
1	1	0.732954025269
1	1	0.786189079285
1	1	1.07952189445
1	1	1.26564097404
1	1	1.0395219326
1	1	1.45289182663
1	1	1.22616100311
1	1	1.29234194756
1	1	1.05282306671
1	1	0.666622877121
1	1	0.653164148331
1	1	0.546259880066
1	1	0.572850942612
1	1	0.612874984741
1	1	1.81242108345
1	1	0.706653833389
1	1	0.639993906021
1	1	0.972872972488
1	1	1.13235712051
1	1	1.21276712418
1	1	0.919481992722
1	1	0.626165151596
1	1	0.666115045547
1	1	0.83985209465
1	1	0.692822933197
1	1	0.666179180145
1	1	0.746155023575
1	1	0.653020143509
1	1	1.09279298782
1	1	0.626255989075
1	1	1.0528678894
1	1	0.6661632061
1	0	2.97187113762
1	1	0.972846031189
1	1	0.679548025131
1	1	2.14563179016
1	1	1.19954609871
1	1	1.10610508919
1	0	2.42512106895
1	1	1.15949892998
1	1	1.18615913391
1	1	0.799851894379
1	1	1.21284794807
1	1	1.07948207855
1	1	2.94509601593
1	1	0.893068790436
1	1	0.786211013794
1	1	1.39902997017
1	1	1.05281996727
1	1	0.839468002319
1	1	2.01234412193
1	1	0.666650772095
1	1	0.693060874939
1	1	0.572710990906
1	1	0.639476060867
1	1	0.586239814758
1	1	0.612755060196
1	1	0.639574050903
1	1	0.55998301506
1	1	0.626697063446
1	1	0.546736001968
1	1	0.639830827713
1	1	1.14621710777
1	1	0.613297939301
1	1	0.626673936844
1	1	0.560029983521
1	1	0.652754068375
1	1	0.639523983002
1	1	0.532831907272
1	1	0.626075029373
1	1	0.719538927078
1	1	0.972897052765
1	1	1.22625088692
1	1	0.70608997345
1	1	0.639582157135
1	1	0.866218090057
1	1	0.986212015152
1	1	0.612919807434
1	1	2.06564998627
1	1	0.693016052246
1	1	0.799487113953
1	1	0.852869033813
1	1	0.746693134308
1	1	2.11894512177
1	1	1.53277111053
1	1	2.06568098068
1	1	0.772840023041
1	1	1.25228905678
1	1	0.612747907639
1	1	0.572842121124
1	1	0.612801074982
1	1	1.49256920815
3	1	0.69290304184
3	1	0.639991044998
3	1	1.37286305428
3	1	1.15959692001
3	1	1.22586417198
3	1	0.959576129913
3	1	0.773013114929
3	1	0.746413946152
3	1	0.866160869598
3	1	0.892842054367
3	1	0.89280796051
3	1	0.799442052841
3	1	1.0128428936
3	1	1.42620420456
3	1	0.959492206573
3	1	1.06606388092
3	1	0.879528999329
3	1	0.826169013977
3	1	1.3461830616
3	1	1.1994740963
3	1	0.839565038681
3	1	0.733319044113
3	1	1.02619099617
3	1	0.879446983337
3	1	1.10619902611
3	1	0.866203069687
3	1	0.759644985199
3	1	0.799537181854
3	1	0.692892074585
3	1	0.786654949188
3	1	1.02618312836
3	1	3.2780828476
3	1	0.719445943832
3	1	2.42519593239
3	1	0.799536943436
3	1	0.932906150818
3	1	1.13272714615
3	1	1.2661781311
3	1	1.35912394524
3	1	0.732850074768
3	1	0.959654092789
3	1	2.17222690582
3	1	0.986108064651
3	1	2.05241298676
3	1	1.18616104126
3	1	1.13248610497
3	1	1.83900594711
3	1	1.09257602692
3	1	1.42598986626
3	1	1.1995010376
3	1	1.39943194389
3	1	1.45275306702
3	1	1.18604898453
3	1	1.27909302711
3	1	0.826102018356
3	1	1.26562905312
3	1	1.07949399948
3	1	0.986196041107
3	1	0.959474802017
3	1	0.720005989075
3	1	0.772855997086
3	1	0.799466133118
3	1	0.959698915482
3	1	0.892822980881
3	1	0.706166982651
3	1	0.693392038345
3	1	0.959566831589
3	1	1.54570913315
3	1	4.33095121384
3	1	0.812933921814
3	1	0.679657936096
3	1	0.613354921341
3	1	0.786243915558
3	1	0.586097002029
3	1	0.679496049881
3	1	0.692787885666
3	1	1.29278802872
3	1	0.679523944855
3	1	0.693255186081
3	1	0.946218967438
3	1	0.652899980545
3	1	0.73287987709
3	1	1.70614886284
3	1	1.03944802284
3	1	0.732829093933
3	1	4.27802801132
3	1	0.86621594429
3	1	1.05280399323
3	1	0.999513149261
3	1	1.07957410812
3	1	2.09212517738
3	1	0.706150054932
3	1	0.746156930923
3	1	1.2791659832
3	1	0.972738981247
3	1	0.693346977234
3	1	0.959519147873
3	1	0.946118116379
3	1	1.50611591339
3	1	1.41295790672
3	1	1.87897706032
3	1	0.999495029449
3	1	1.15958619118
3	1	0.972880125046
3	1	1.01280879974
3	1	1.71897220612
3	1	2.35904812813
3	1	1.07913994789
3	1	1.34626913071
3	1	1.09276485443
3	1	1.47916007042
3	1	1.09244608879
3	1	0.799491882324
4	1	0.932778120041
4	1	1.03948402405
4	1	0.786164045334
4	1	0.679958105087
4	1	0.693320035934
4	1	0.652862071991
4	1	0.586191892624
4	1	1.07948803902
4	1	0.626588821411
4	1	0.599688053131
4	1	0.506383895874
4	1	0.532795906067
4	1	0.559453010559
4	1	0.7729139328
4	1	1.77240800858
4	1	1.1728811264
4	1	0.906163930893
4	1	0.613328933716
4	1	1.11942601204
4	1	0.626595020294
4	1	0.573293924332
4	1	1.01281690598
4	1	0.639468193054
4	1	0.972836017609
4	1	1.49286699295
4	1	0.692875146866
4	1	0.999434947968
4	1	0.786770105362
4	1	0.692959070206
4	1	1.34619998932
4	1	0.639502048492
4	1	1.6523308754
4	1	0.666175127029
4	1	0.692875146866
4	1	0.733367919922
4	1	0.852783918381
4	1	1.09282302856
4	1	1.07954716682
4	1	0.786211013794
4	1	0.999484062195
4	1	0.732867956161
4	1	0.706307172775
4	1	0.972749948502
4	1	0.919543981552
4	1	1.05284500122
4	1	1.01284408569
4	1	0.733417034149
4	1	0.986227989197
4	1	0.826173782349
4	1	0.81298494339
4	1	0.799443006516
4	1	0.892888069153
4	1	0.999470949173
4	1	0.892910003662
4	1	0.853059053421
4	1	0.786217927933
4	1	0.626079082489
4	1	0.746222019196
4	1	1.79934191704
4	1	1.31954908371
4	1	1.49282503128
4	1	1.90563702583
4	1	1.10619306564
4	1	1.55953907967
4	1	1.75906705856
4	1	1.37227392197
4	1	0.879544019699
4	1	1.13245391846
4	1	1.23959612846
4	1	0.799582958221
4	1	0.87947511673
4	1	2.63887095451
4	1	0.639986991882
4	1	0.599915027618
4	1	1.18613004684
4	1	1.22615194321
4	1	0.639539003372
4	1	0.679789066315
4	1	1.26614689827
4	1	0.892856121063
4	1	0.692862987518
4	1	0.706110954285
4	1	0.812839984894
4	1	1.66616892815
4	1	0.866094112396
4	1	0.639605998993
4	1	0.572906970978
4	1	0.59944486618
4	1	0.613061189651
4	1	3.22518491745
4	1	0.932776927948
4	1	0.786177873611
4	1	1.31952691078
4	1	0.599802970886
4	1	0.666252851486
4	1	0.746099948883
4	1	1.31903195381
4	1	2.1055970192
4	1	1.05288505554
4	1	0.746190071106
4	1	0.826524019241
4	1	0.89292216301
4	1	0.66615486145
4	1	2.51909995079
4	1	0.786683082581
4	1	0.812796831131
4	1	1.95895910263
4	1	1.59948611259
4	1	0.746311903
4	1	0.932906866074
4	1	0.639781951904
4	1	1.8394100666
4	1	0.919440031052
4	1	0.652923107147
4	1	0.666651964188
4	1	0.959558963776
4	1	0.972893953323
4	1	0.946213006973
4	1	1.15945410728
4	1	1.09284996986
2	1	1.82600712776
2	1	1.43949007988
2	1	0.906165122986
2	1	1.13273286819
2	1	1.21282887459
2	1	0.639966964722
2	1	1.06619405746
2	1	0.826229095459
2	1	0.599953174591
2	1	0.639725923538
2	1	0.919479131699
2	1	0.866148948669
2	1	0.786180019379
2	1	0.652816057205
2	1	0.519474029541
2	1	0.546220064163
2	1	0.559490919113
2	1	0.666160106659
2	1	0.853456020355
2	1	2.67844700813
2	1	0.772917985916
2	1	0.879515886307
2	1	0.892794847488
2	1	0.61278295517
2	1	0.86616897583
2	1	0.626696109772
2	1	4.69110608101
2	1	0.759473800659
2	1	1.05281591415
2	1	0.772852897644
2	1	0.932834863663
2	1	0.866780996323
2	1	0.719502925873
2	1	0.892910003662
2	1	0.613285064697
2	1	0.653266906738
2	1	0.8928399086
2	1	0.639616966248
2	1	0.572782993317
2	1	0.599605083466
2	1	0.679975032806
2	1	1.81237697601
2	1	0.559584140778
2	1	0.626192092896
2	1	0.586229801178
2	1	0.5995221138
2	1	0.533114910126
2	0	3.21169400215
2	1	1.13282203674
2	1	1.4528400898
2	1	0.653043031693
2	1	0.586261034012
2	1	0.626100063324
2	1	0.83953499794
2	1	0.719995975494
2	1	0.852849960327
2	1	0.972856998444
2	1	0.972892045975
2	1	1.26621603966
2	1	0.759492874146
2	1	1.572275877
2	1	0.66622209549
2	1	0.959486961365
2	1	0.613014936447
2	1	0.692806959152
2	1	0.812870979309
2	1	0.826632022858
2	1	0.732891082764
2	1	1.15943908691
2	1	0.706544876099
2	1	0.79955291748
2	1	1.71902298927
2	1	1.23941397667
2	1	0.706114053726
2	1	2.07864499092
2	1	0.77286195755
2	1	0.679505109787
2	1	0.586587190628
2	1	0.61336517334
2	1	0.546674013138
2	1	1.07944703102
2	1	0.786180973053
2	1	1.13286495209
2	1	0.666119098663
2	1	1.61259794235
2	1	0.653344869614
2	1	0.826205968857
2	1	0.732938051224
2	1	0.692893028259
2	1	0.81338095665
2	1	0.932860851288
2	1	0.879571914673
2	1	0.586692094803
2	1	0.799467086792
2	1	0.866218090057
2	1	1.59917783737
2	1	1.06621980667
2	1	0.972867012024
2	1	1.06618189812
2	0	2.22562813759
2	1	0.746183156967
2	1	1.0395898819
2	1	0.892884016037
2	1	0.892864942551
2	1	4.87784194946
2	1	0.866197109222
2	1	0.892861127853
2	1	0.666718006134
2	1	1.01283502579
2	1	0.852885007858
2	1	0.879550933838
2	1	0.986173152924
2	1	1.5994989872
2	1	0.773079156876
2	1	0.799556016922
2	1	1.35904788971
2	1	1.77228212357
2	1	1.41243004799
2	1	1.29234814644
8	1	1.10615992546
8	1	0.67999792099
8	1	0.746441841125
7	1	1.03948712349
7	1	0.866534948349
7	1	0.652805089951
7	1	0.61284995079
7	1	0.692792892456
8	1	0.599437952042
7	1	0.626466989517
7	1	0.600023984909
7	1	0.599991083145
7	1	0.799474000931
7	1	0.559519052505
7	1	0.772905826569
7	1	0.893072843552
8	1	0.879458904266
7	1	0.706292867661
7	1	0.813140153885
8	1	2.10558605194
7	1	3.06487512589
8	1	0.692893981934
8	1	1.19949388504
7	1	1.01277709007
8	1	0.719513893127
7	1	0.613358974457
7	1	0.719795942307
7	1	0.866260051727
7	0	1.25244212151
7	1	0.972830057144
7	1	0.866445064545
7	1	4.17132210732
8	1	2.09229803085
7	1	0.892832040787
7	1	0.693373918533
8	1	1.18616223335
8	1	1.02617812157
7	1	1.33288502693
7	1	1.09282493591
7	1	0.826589107513
8	1	1.09278988838
7	1	0.839666128159
7	1	1.58618402481
7	1	1.05284690857
8	1	0.972917079926
8	1	0.812788009644
8	1	2.29177498817
7	1	1.93240594864
8	1	0.972902774811
8	1	1.39940404892
7	1	4.81080889702
8	1	1.01285195351
8	1	1.01286792755
7	1	1.06614899635
7	1	0.799452066422
8	1	1.63903307915
8	1	0.959477186203
7	1	1.14612698555
8	1	0.906213998795
7	0	0.932892084122
7	1	0.892869949341
8	1	1.21293783188
8	1	0.906150102615
8	1	0.719703912735
8	1	0.652841091156
8	1	1.02624893188
7	1	0.733374118805
7	1	0.732741832733
8	1	0.692842960358
7	1	1.0128018856
8	1	0.67948102951
8	1	1.0928208828
8	1	0.906195163727
7	1	0.759538888931
8	1	0.586261034012
8	1	0.626264095306
7	1	0.733378887177
7	1	1.30616188049
7	1	0.666661024094
8	1	0.666405916214
8	1	0.786225795746
7	1	1.21258115768
8	1	0.692837953568
7	1	1.2660009861
7	1	1.05287504196
8	1	0.679971933365
7	1	1.33284187317
7	1	0.653292179108
8	1	0.852948904037
8	1	0.706161022186
7	1	0.786152124405
7	1	0.919680833817
7	1	0.81270813942
8	1	0.786076068878
8	1	0.613348007202
8	1	0.586731910706
7	1	0.70614695549
7	1	0.732774972916
8	1	0.852782964706
7	0	1.26611590385
8	1	0.879464864731
8	1	0.719617843628
7	1	0.999573945999
8	1	0.68003988266
8	1	1.14615702629
7	1	0.852834939957
8	1	0.839570045471
8	1	0.692803144455
8	1	0.932854175568
7	1	0.772998094559
8	1	0.692796945572
8	1	1.06610107422
7	1	0.67982506752
7	1	0.852804899216
7	1	0.906213998795
7	1	1.01280903816
8	1	0.626220941544
7	1	3.89142799377
6	1	0.679516077042
6	1	0.652733802795
5	1	0.692798852921
5	1	3.67849898338
5	1	1.54611206055
5	1	0.719568014145
6	1	0.946118116379
6	1	0.773088932037
5	1	3.91802215576
6	1	0.852898836136
5	1	1.10617518425
5	1	1.31931900978
5	1	0.959490060806
5	1	0.639719963074
5	1	0.919585943222
6	1	0.932928085327
6	1	1.18592500687
5	1	0.706120967865
5	1	0.919504165649
5	1	0.73286485672
6	1	1.10615587234
5	1	0.679915904999
5	1	0.652981996536
5	1	0.746191978455
6	1	0.719456911087
6	1	0.893026828766
6	1	1.03956413269
6	1	0.799623966217
6	1	0.90619301796
6	1	0.839477062225
5	1	0.9596118927
6	1	0.759464979172
6	1	0.62614607811
5	1	0.892781019211
6	1	0.74622297287
6	1	0.572866916656
5	1	0.626248836517
6	1	0.692907094955
6	1	0.693002939224
5	1	2.50564908981
5	1	0.693364143372
6	1	0.852827072144
6	1	0.799535036087
6	1	1.41277503967
5	1	0.999553918839
5	1	0.652842998505
6	1	0.946161031723
5	1	0.773445129395
5	1	0.746174097061
6	1	0.839516162872
6	1	0.9196600914
6	1	1.01288485527
5	1	0.866159915924
5	1	2.34568214417
5	1	0.813227176666
5	1	0.759496927261
6	1	0.73290014267
5	1	0.932944059372
6	1	0.58645606041
5	1	0.679485082626
5	1	0.706122875214
6	1	0.666136026382
5	1	0.760030031204
5	1	1.3594789505
6	1	0.653394937515
6	1	0.692905902863
5	1	1.05280995369
6	1	0.693385124207
5	1	0.693109989166
5	1	0.986140966415
5	1	1.85254907608
5	1	1.2528090477
6	1	1.39948821068
6	1	0.906592845917
6	1	0.666110038757
6	1	0.71950006485
6	1	0.599472045898
5	1	0.786244869232
6	1	0.772939920425
5	1	0.719568014145
5	1	0.732842922211
6	1	0.853188037872
6	1	1.29287004471
5	1	1.61291098595
5	1	0.81290102005
5	1	1.47892808914
6	1	0.626228094101
5	1	0.892903089523
5	1	1.06609392166
6	1	0.839555978775
6	1	1.19938802719
6	1	0.679563045502
5	1	0.89282989502
5	1	0.852818012238
6	1	0.786101818085
5	1	0.773010015488
5	1	0.786339998245
6	1	1.33287906647
6	1	0.826212882996
6	1	0.71947312355
5	1	0.733013153076
5	1	1.01293301582
6	1	0.73285984993
6	1	1.09261798859
5	0	2.45212697983
6	1	1.01282596588
6	1	0.746561050415
6	1	0.613322019577
6	1	0.599703788757
6	1	0.732884168625
6	1	0.652961015701
5	1	0.666195869446
5	1	0.733384847641
5	1	1.77235794067
6	1	1.45237994194
5	1	0.693049192429
6	1	0.732782125473
5	1	1.41263699532
6	1	0.839521884918
6	1	0.919513940811
8	1	0.932955980301
8	1	0.786177873611
7	1	0.666145086288
7	1	2.97195315361
7	1	0.692803144455
8	1	0.892843961716
8	1	0.853397130966
8	1	0.77281498909
7	1	0.839487075806
7	1	1.17277598381
8	1	1.02621889114
8	1	0.892823934555
8	1	0.959560871124
7	1	0.986081838608
7	1	1.22613692284
8	1	0.75951218605
7	1	0.62623000145
8	1	0.679511070251
7	1	0.772956132889
7	1	0.626754999161
8	1	1.02614402771
8	1	0.812801837921
7	1	0.906101942062
7	1	0.786292791367
8	1	0.759568929672
8	1	0.733271121979
8	1	0.572937965393
8	1	0.666135072708
8	1	0.746258020401
7	1	0.652909040451
7	1	0.506630897522
7	1	0.546603918076
7	1	0.680018186569
8	1	0.519995927811
8	1	1.71902799606
8	1	0.692888021469
7	1	0.599471092224
8	1	0.69286608696
8	1	0.573308944702
8	1	0.599934101105
7	1	0.493401050568
8	1	0.49334692955
7	1	0.546629905701
8	1	0.53333902359
8	1	1.75898885727
8	1	0.612865924835
8	1	0.626217126846
8	1	2.07873082161
7	1	0.652829885483
7	1	0.892874002457
8	1	0.773346185684
8	1	0.533376932144
7	1	0.706236839294
7	1	1.66567111015
7	1	0.63950419426
7	1	1.15900492668
8	1	0.706210136414
8	1	0.826131105423
8	1	1.35960292816
7	1	2.38533115387
7	1	0.759407043457
8	1	0.680065870285
7	1	1.06617188454
7	1	1.35911512375
7	1	1.18601489067
8	1	0.692879915237
7	1	1.11953496933
7	1	1.18612480164
8	1	0.639689922333
7	1	1.30611419678
8	1	0.759618997574
7	1	0.613430976868
7	1	0.746188879013
8	1	0.719561100006
8	1	0.639486789703
8	1	1.86581110954
7	1	0.9594810009
7	1	1.50573205948
8	1	0.799516916275
7	1	0.639948129654
7	1	1.77232718468
8	1	1.19962215424
7	1	0.706491947174
8	1	0.692834854126
8	1	0.639459133148
8	1	0.906186103821
8	1	0.932864904404
7	1	0.772813081741
8	1	0.652927875519
7	1	1.37285995483
8	1	0.933135986328
7	1	0.812833070755
8	1	1.13275098801
8	1	0.9328520298
7	1	1.05279684067
8	1	0.71950507164
7	1	0.786105871201
8	1	0.759464979172
8	1	0.759928941727
7	1	0.75950884819
8	1	0.679527997971
7	1	0.759515047073
8	1	0.666774988174
7	1	1.092908144
8	1	0.59951710701
8	1	0.706725120544
7	1	0.972842216492
7	1	0.746245145798
7	1	0.90647983551
8	1	0.746179103851
7	1	3.30502200127
7	1	1.01278495789
7	1	0.759728908539
8	1	0.799587011337
7	1	1.14620900154
8	1	0.812930107117
8	1	1.02627491951
8	1	0.693360090256
7	1	1.17277193069
8	1	0.879597902298
8	1	0.772940158844
8	1	0.786162853241
7	1	0.932814121246
1	1	1.33289909363
1	1	0.680000066757
1	1	1.2928609848
1	1	0.919429063797
1	1	0.626112937927
1	1	0.812757015228
1	1	0.746562957764
1	1	0.599992036819
1	1	0.599707126617
1	1	0.932776927948
1	1	0.772826194763
1	1	1.14618802071
1	1	0.546248197556
1	1	0.586230993271
1	1	1.02606105804
1	1	0.932809114456
1	1	0.679717063904
1	1	0.812949895859
1	1	1.41288995743
1	1	0.666147947311
1	1	0.746184110641
1	1	1.1326520443
1	1	0.759464025497
1	1	1.07948994637
1	1	1.50618600845
1	1	0.746219873428
1	1	0.786176919937
1	1	0.82608795166
1	1	0.640043020248
1	1	0.852793931961
1	1	0.586154937744
1	1	0.612879991531
1	1	0.799669981003
1	1	0.626601934433
1	1	0.599766969681
1	1	0.999568939209
1	1	0.906509876251
1	1	0.866060018539
1	1	0.5994181633
1	1	0.719504117966
1	1	0.600008964539
1	1	0.586769104004
1	1	0.679672002792
1	1	0.719521045685
1	1	0.719561100006
1	1	0.773056983948
1	1	0.746427059174
1	1	0.666035890579
1	1	1.43903803825
1	1	0.746155023575
1	1	0.692893028259
1	1	0.693368196487
1	1	0.653408050537
1	1	0.959607124329
1	1	1.01278495789
1	1	0.652833938599
1	1	0.626084804535
1	1	0.959467887878
1	1	0.786458969116
1	1	1.29286503792
1	1	0.653279066086
1	1	0.879415988922
1	1	1.10609483719
1	1	0.919456005096
1	1	0.74614405632
1	1	0.679926156998
1	1	1.09271502495
1	1	0.719447135925
1	1	0.999417066574
1	1	0.746152162552
1	1	0.652915000916
1	1	1.81288814545
1	1	1.18625593185
1	1	0.759974956512
1	1	0.919545888901
1	1	0.759489059448
1	1	1.05269098282
1	1	0.826030015945
1	1	0.759479999542
1	1	0.759854078293
1	1	1.15954303741
1	1	0.733342885971
1	1	1.37282991409
1	1	1.11960220337
1	1	1.53234791756
1	1	1.51908802986
1	1	1.30565404892
1	1	0.586144208908
1	1	0.639435052872
1	1	0.893015861511
1	1	0.573129892349
1	1	1.02618503571
1	1	0.613112926483
1	1	0.892972946167
1	1	0.559512853622
1	1	0.572848081589
1	1	0.852859973907
1	1	0.586507081985
1	1	0.773366928101
1	1	0.599669933319
1	1	0.77277302742
1	1	0.572809934616
1	1	0.586194992065
1	1	0.572908878326
1	1	0.759871006012
1	1	0.906111955643
1	1	0.772816896439
1	1	1.57254219055
1	1	1.14621496201
1	1	1.22601795197
1	1	0.692785978317
1	1	1.21280908585
1	1	0.59974694252
1	1	0.972801208496
1	1	0.999496936798
1	1	1.06619000435
1	1	1.38616991043
1	1	1.09244394302
1	1	1.0260989666
1	1	0.853266954422
1	1	1.10621190071
1	1	0.986206054688
1	1	0.812839984894
1	1	1.05283308029
1	1	0.932868003845
1	1	0.972740888596
5	1	1.07944321632
6	1	0.799556970596
6	1	1.14620280266
5	1	0.612825870514
5	1	0.692831039429
5	1	0.666642904282
5	1	0.812988996506
5	1	0.83948802948
5	1	0.61278796196
5	1	0.853066921234
6	1	0.599892854691
5	1	0.626149892807
6	1	0.852794885635
5	1	0.666260957718
5	1	0.919531106949
5	1	0.919492006302
6	1	1.01278305054
6	1	0.906120061874
6	1	0.799430847168
6	1	0.906122922897
5	1	0.612911939621
5	1	0.879525899887
6	1	0.866350889206
5	1	0.746186971664
5	1	0.679507017136
6	1	0.639708995819
6	1	0.773301839828
5	1	0.839459896088
5	1	0.879533052444
6	1	0.66667509079
5	1	0.746240854263
5	1	0.652801990509
6	1	0.692810058594
5	1	0.73285484314
5	1	0.639951944351
6	1	0.640047073364
5	1	0.799454927444
5	1	0.639482021332
6	1	0.599534988403
5	1	1.22599983215
6	1	0.652891159058
5	1	1.13249111176
6	1	0.946223974228
6	1	1.18589687347
5	1	1.78570199013
5	1	0.959627866745
6	1	0.772789955139
5	1	1.01287198067
6	1	0.706713914871
5	1	1.78558897972
5	1	2.18562698364
6	1	0.89278793335
5	1	1.17252397537
6	1	1.07943582535
6	1	1.46616077423
5	1	0.972862005234
5	1	1.11949586868
5	1	2.94515705109
5	1	0.879565000534
5	1	1.41264295578
6	1	0.972937822342
6	1	0.799437999725
5	1	1.25266814232
6	1	0.839541196823
6	1	0.879508972168
6	1	0.746521949768
6	1	1.06619811058
5	1	3.665143013
6	1	1.10615205765
5	1	1.19906997681
5	1	2.09223103523
6	1	0.932750940323
5	1	0.772792100906
6	1	0.866116046906
5	1	0.812785148621
5	1	0.839493989944
5	1	1.05271697044
6	1	0.772738933563
5	1	0.852774143219
5	1	1.14614796638
5	1	1.03947710991
6	1	0.932723999023
6	1	0.906165838242
5	1	1.70621204376
5	1	1.11949706078
5	1	0.919764995575
6	1	0.719404935837
5	1	0.679519176483
6	1	3.71800708771
6	1	0.853271007538
6	1	0.959489107132
5	1	0.679533958435
5	1	0.932927131653
6	1	0.772844076157
5	1	3.1583480835
6	1	1.98561811447
5	0	2.3985581398
5	1	0.69290304184
6	1	0.933091878891
6	1	0.99951505661
6	1	0.94630408287
5	1	0.7726790905
5	1	1.07948899269
6	1	0.719547986984
5	1	0.812839984894
5	1	0.692844152451
6	1	0.919642925262
5	1	0.679601192474
6	1	0.679486989975
5	1	0.986150026321
6	1	0.746193885803
5	1	0.559510946274
5	1	0.586202859879
5	1	0.652723073959
5	1	0.972846984863
6	1	0.626135110855
6	1	0.559449911118
5	1	0.826158046722
5	1	0.572866916656
3	1	0.586492776871
3	1	0.813094854355
3	1	0.574849128723
3	1	0.639782190323
3	1	0.493136167526
3	1	0.533164024353
3	1	0.533179998398
3	1	0.439898967743
3	1	0.519779920578
3	1	0.519758939743
3	1	0.561606884003
3	1	0.479882001877
3	1	0.546502113342
3	1	0.519757986069
3	1	0.493228197098
3	1	0.706484079361
3	1	0.506505012512
3	1	0.493148088455
3	1	0.546471834183
3	1	0.453217029572
3	1	0.506458044052
3	1	0.559868097305
3	1	0.494806051254
3	1	0.414836168289
3	1	0.426565885544
3	1	0.453233003616
3	1	0.506462812424
3	1	0.772964954376
3	1	0.599753141403
3	1	0.519823074341
3	1	0.693143844604
3	1	0.519790172577
3	1	0.679816007614
3	1	0.826349020004
3	1	0.55978012085
3	1	2.41249394417
3	1	0.533148050308
3	1	0.613199949265
3	1	0.653122901917
3	1	0.519779920578
3	1	0.533138990402
3	1	0.559789180756
3	1	0.559794187546
3	1	1.26628804207
3	1	0.786398887634
3	1	0.65313577652
3	1	1.21290683746
3	1	0.493209123611
3	1	0.479856014252
3	1	0.481547832489
3	1	0.679792881012
3	1	0.653122186661
3	1	1.01300501823
3	1	0.493117809296
3	1	1.18624806404
3	1	0.733141183853
3	1	0.559818029404
3	1	1.01302194595
3	1	0.546509027481
3	1	0.506438016891
3	1	0.599828958511
3	1	0.961281061172
3	1	0.574789047241
3	1	0.506571054459
3	1	0.559820175171
3	1	0.601502895355
3	1	0.506608009338
3	1	0.468183040619
3	1	0.519870996475
3	1	0.533164024353
3	1	0.719658851624
3	1	0.533131837845
3	1	0.586426973343
3	1	0.50651884079
3	1	0.613163948059
3	1	0.479766130447
3	1	0.586533784866
3	1	0.5064868927
3	1	0.599785804749
3	1	0.479940891266
3	1	0.45316195488
3	1	0.466594934464
3	1	0.561457157135
3	1	0.586498022079
3	1	0.613204956055
3	1	0.639806985855
3	1	0.506413221359
3	1	0.546468019485
3	1	0.601519107819
3	1	0.626408100128
3	1	0.733153104782
3	1	0.588209867477
3	1	0.694833040237
3	1	0.519879817963
3	1	0.519842863083
3	1	0.546558856964
3	1	0.466543912888
3	1	0.506510972977
3	1	0.519815206528
3	1	0.508185863495
3	1	0.479918003082
3	1	0.453182935715
3	1	0.49494600296
3	1	0.426612854004
3	1	0.453185081482
3	1	0.51993393898
3	1	0.466607809067
3	1	0.58646607399
3	1	0.4532289505
3	1	0.4816198349
3	1	0.479827880859
3	1	0.46648311615
3	1	0.439893960953
3	1	0.413225889206
3	1	0.493234872818
3	1	0.479791164398
3	1	0.439900875092
3	1	0.413181066513
3	1	0.493191003799
3	1	0.534821033478
3	1	0.466531038284
3	1	0.439793109894
3	1	0.426568984985
3	1	0.548149108887
3	1	0.479914903641
3	1	0.453258991241
3	1	0.479819059372
3	1	0.519854068756
3	1	0.439839839935
3	1	0.5064868927
3	1	0.428239107132
3	1	0.495397090912
3	1	0.479789972305
3	1	0.533196926117
3	1	0.466449022293
3	1	0.559861898422
3	1	0.479830026627
3	1	0.639786958694
3	1	0.546501159668
3	1	0.479933023453
3	1	0.479853868484
3	1	0.493216991425
3	1	0.506467103958
3	1	0.506549119949
1	1	1.21290302277
1	1	0.506513118744
1	1	0.479835033417
1	1	0.506477117538
1	1	1.07965993881
1	1	0.599850893021
1	1	0.639713048935
1	1	0.87969994545
1	1	0.573140144348
1	1	0.519797086716
1	1	0.626509904861
1	1	0.546549081802
1	1	0.546446800232
1	1	0.453264951706
1	1	0.453138828278
1	1	0.454798936844
1	1	0.479855060577
1	1	0.413317203522
1	1	0.493137121201
1	1	0.519877195358
1	1	0.413305997849
1	1	0.853109121323
1	1	0.466511011124
1	1	0.521595954895
1	1	0.613090991974
1	1	0.466488838196
1	1	0.519906044006
1	1	0.693205118179
1	1	0.426527023315
1	1	0.414870023727
1	1	0.519922018051
1	1	0.493151903152
1	1	0.466595172882
1	1	0.426529884338
1	1	0.508224010468
1	1	0.493222951889
1	1	0.521549940109
1	1	0.493199110031
1	1	0.4665620327
1	1	0.626447916031
1	1	0.506514072418
1	1	0.441572904587
1	1	0.453171014786
1	1	0.399907112122
1	1	0.679764032364
1	1	0.47987985611
1	1	0.693076848984
1	1	0.453164815903
1	1	0.426429986954
1	1	0.453193902969
1	1	0.401551008224
1	1	0.479813814163
1	1	0.546491146088
1	1	0.413227796555
1	1	0.506464958191
1	1	0.508276939392
1	1	0.466552972794
1	1	0.493170976639
1	1	0.453196048737
1	1	0.453183889389
1	1	0.399899959564
1	1	0.508220911026
1	1	0.479822158813
1	1	0.493210077286
1	1	0.479777812958
1	1	0.508284807205
1	1	0.506451845169
1	1	0.493160009384
1	1	0.468197107315
1	1	0.519834041595
1	1	0.466542005539
1	1	0.5198969841
1	1	0.479918003082
1	1	0.506553173065
1	1	0.51985001564
1	1	0.454905986786
1	1	0.426532030106
1	1	0.55986905098
1	1	0.439895153046
1	1	0.493182897568
1	1	0.45493888855
1	1	0.426487922668
1	1	0.428198099136
1	1	0.399828910828
1	1	0.453181028366
1	1	0.413203954697
1	1	0.374998807907
1	1	0.414788007736
1	1	0.439963102341
1	1	0.439819097519
1	1	0.42818403244
1	1	0.414974927902
1	1	0.506421089172
1	1	0.668143987656
1	1	0.533246994019
1	1	0.493221998215
1	1	0.479899168015
1	1	0.546500921249
1	1	0.641474962234
1	1	1.35956287384
1	1	0.613023996353
1	1	0.559808969498
1	1	0.653122901917
1	1	0.613126993179
1	1	0.613128900528
1	1	0.706489086151
1	1	0.628285884857
1	1	1.079611063
1	1	0.706437110901
1	1	0.586468935013
1	1	0.599767923355
1	1	0.599809885025
1	1	0.626434803009
1	1	0.959744930267
1	1	0.626394033432
1	1	0.599853038788
1	1	0.706329107285
1	1	0.879642963409
1	1	0.773149967194
1	1	1.09296512604
1	1	0.879702091217
1	1	1.45285391808
1	1	1.47958302498
1	1	0.799664020538
1	1	0.999688863754
1	1	0.813065052032
1	1	1.02631497383
1	1	2.41256284714
1	1	1.03962802887
1	1	0.854775905609
1	1	0.99964094162
1	1	0.719773054123
1	1	0.892994880676
1	1	0.773072004318
1	1	1.14632606506
1	1	1.1595480442
1	1	0.573235034943
1	1	0.719796895981
1	1	1.27963089943
1	1	1.35947299004
4	1	0.479864120483
4	1	0.67977809906
4	1	0.599776983261
4	1	0.613131999969
4	1	0.586493015289
4	1	0.693084001541
4	1	0.546503067017
4	1	0.573107004166
4	1	0.613020896912
4	1	0.653147935867
4	1	0.734786987305
4	1	0.694840908051
4	1	0.799800157547
4	1	0.65474820137
4	1	0.85475897789
4	1	0.599834918976
4	1	0.574773073196
4	1	0.534852981567
4	1	0.679683208466
4	1	0.719762802124
4	1	0.588145971298
4	1	0.786394119263
4	1	0.626484155655
4	1	0.399780988693
4	1	0.453263998032
4	1	0.439829111099
4	1	0.45320892334
4	1	0.813144922256
4	1	0.533050060272
4	1	0.493141889572
4	1	0.49476480484
4	1	0.574784040451
4	1	0.639804124832
4	1	0.653115987778
4	1	0.519757032394
4	1	0.573170900345
4	1	0.533194065094
4	1	0.519830942154
4	1	0.493158102036
4	1	0.693076133728
4	1	0.693118095398
4	1	0.534768104553
4	1	0.586493015289
4	1	0.613049983978
4	1	0.83972287178
4	1	0.599745035172
4	1	0.479822158813
4	1	0.439908981323
4	1	0.588092088699
4	1	0.439948797226
4	1	0.453243970871
4	1	0.453168869019
4	1	0.519916057587
4	1	0.413204908371
4	1	0.466521024704
4	1	0.426559925079
4	1	0.373219966888
4	1	0.479853868484
4	1	0.426437139511
4	1	0.41487288475
4	1	0.546489953995
4	1	0.479768037796
4	1	0.493191003799
4	1	0.49320602417
4	1	0.49314904213
4	1	0.493110895157
4	1	0.466531038284
4	1	0.453222990036
4	1	0.506470918655
4	1	0.493182182312
4	1	0.506417989731
4	1	2.60077500343
4	1	0.654983997345
4	1	0.946355819702
4	1	0.746332883835
4	1	0.706426143646
4	1	0.453146219254
4	1	0.653166055679
4	1	0.668179035187
4	1	0.599886894226
4	1	0.734823942184
4	1	0.599850893021
4	1	0.653110980988
4	1	0.679795980453
4	1	0.599810838699
4	1	0.639733076096
4	1	0.546470880508
4	1	0.508192062378
4	1	0.49314904213
4	1	0.506545066833
4	1	0.428276062012
4	1	0.466570854187
4	1	0.453216075897
4	1	2.19919490814
4	1	0.64150094986
4	1	0.733125925064
4	1	0.626420974731
4	1	0.493156909943
4	1	0.626419067383
4	1	0.573022127151
4	1	0.50651884079
4	1	0.61302781105
4	1	0.493129968643
4	1	0.454893827438
4	1	0.774791955948
4	1	0.439913034439
4	1	1.01462388039
4	1	0.519868850708
4	1	0.51978302002
4	1	0.613082885742
4	1	0.533056974411
4	1	0.49311208725
4	1	0.466544151306
4	1	0.401529073715
4	1	0.533140182495
4	1	0.546471118927
4	1	0.626502037048
4	1	0.626393079758
4	1	0.559810876846
4	1	0.62647485733
4	1	0.668164014816
4	1	0.879654169083
4	1	0.479897022247
4	1	0.748121976852
4	1	0.63977098465
4	1	0.53311419487
4	1	0.599786043167
4	1	0.548120975494
4	1	0.559763908386
4	1	0.573100090027
4	1	0.89480805397
4	1	0.613180875778
4	1	0.639836072922
4	1	0.534842967987
4	1	0.679817914963
4	1	0.546460866928
4	1	0.533154010773
4	1	0.921491861343
4	1	0.693144083023
4	1	0.599851846695
4	1	0.626423835754
8	1	0.879616975784
7	1	0.533091068268
8	1	0.613233089447
7	1	0.493252038956
7	1	0.895076990128
7	1	1.30629205704
8	1	0.78642988205
8	1	1.57276797295
7	1	1.06630897522
8	1	0.559775829315
7	1	0.586485862732
8	1	0.733150005341
8	1	0.879731178284
8	1	0.613174915314
7	1	1.05297803879
7	1	0.559877872467
8	1	0.586476802826
8	1	1.30619001389
8	1	2.06775808334
7	1	1.01475691795
8	1	0.813019037247
8	1	0.706419944763
8	1	0.493126869202
8	1	0.719748973846
7	1	1.61274313927
7	1	0.626441955566
7	1	0.919692993164
7	1	0.519761800766
8	1	0.573162078857
7	1	0.533216953278
8	1	0.53327703476
8	1	0.479838848114
8	1	0.599769115448
8	1	0.453150033951
8	1	0.468215942383
7	1	3.66537594795
7	1	0.533128023148
7	1	1.22620606422
8	1	0.679816961288
7	0	4.4784090519
8	1	0.639671087265
8	1	0.666372776031
8	1	0.533094882965
8	1	0.466430902481
7	1	0.586383104324
7	1	0.959779024124
7	1	0.693156957626
8	1	0.599735975266
7	1	0.706341028214
7	1	0.506562948227
8	1	0.493244886398
8	1	0.639726161957
7	1	0.506446123123
8	1	0.479759931564
7	1	1.57284903526
8	1	0.519831180573
8	1	0.533134937286
8	1	0.49308013916
8	1	0.493218183517
7	1	0.439871788025
7	1	0.773022890091
8	1	0.466480970383
8	1	0.4797539711
7	1	0.426518917084
8	1	0.453238964081
7	1	0.441524028778
7	1	1.19954299927
8	1	0.479932069778
8	1	0.453222990036
7	1	0.959719896317
8	1	0.533226013184
7	1	0.599854946136
8	1	0.506433010101
7	1	0.573146104813
7	1	0.466526985168
7	1	0.641526937485
8	1	0.559830904007
7	1	0.49324798584
8	1	0.546406984329
7	1	0.719826936722
7	1	0.561463832855
8	1	0.53319978714
7	1	0.454818964005
8	1	0.4265229702
8	0	0.493183851242
8	1	0.508245944977
7	1	0.519867181778
8	1	0.599758148193
7	1	0.519932985306
7	1	0.59983420372
8	1	0.479891061783
8	1	0.574903964996
8	1	0.519778013229
7	1	2.19925904274
8	1	0.548150062561
8	1	0.77307009697
7	1	0.493168115616
8	1	0.45314002037
7	1	0.466450929642
8	1	0.453186035156
8	1	0.799633979797
7	1	0.453122138977
8	1	0.428097963333
8	1	0.453150033951
8	1	0.466511011124
7	1	0.439867019653
8	1	0.46647810936
8	1	0.426483154297
7	1	0.466518163681
8	1	0.428367137909
8	1	0.42657494545
7	1	0.453253030777
7	1	0.413275957108
7	1	0.55991101265
7	1	0.426560878754
7	1	0.495003938675
7	1	0.479831933975
7	1	0.853002071381
8	1	0.479923963547
8	1	0.573103189468
7	1	0.479882955551
7	1	0.506537914276
8	1	0.479897975922
8	1	0.453279018402
7	1	0.546454906464
7	1	0.466526985168
8	1	0.468229055405
8	1	0.519819021225
8	1	0.613107919693
8	1	0.559696912766
8	1	0.519881010056
7	1	0.906272888184
8	1	0.546479940414
8	1	0.546573162079
7	1	1.54623913765
8	1	0.506550073624
6	1	0.453142881393
5	1	0.413255929947
6	1	0.413131952286
6	1	0.439751148224
5	1	0.439843177795
5	1	0.373197793961
6	1	0.719735145569
5	1	0.426486968994
6	1	0.519809007645
5	1	0.506461143494
5	1	0.414916992188
5	1	0.479846954346
6	1	0.399868965149
5	1	0.45318198204
6	1	0.428220033646
6	1	0.399873018265
5	1	0.466518163681
6	1	0.466536045074
5	1	0.413209915161
6	1	0.439913034439
5	1	0.413120985031
5	1	0.548238992691
6	1	0.466527938843
6	1	0.4931640625
5	1	0.45311999321
5	1	0.573130130768
5	1	0.373219966888
6	1	0.453241109848
6	1	0.399986982346
5	1	0.439828872681
6	1	0.546470880508
5	1	0.506487131119
5	1	0.466541051865
5	1	0.493094921112
5	1	0.519784927368
6	1	0.508260965347
5	1	0.453274011612
6	1	0.46656703949
5	1	0.466428995132
6	1	0.639775037766
6	1	0.493206977844
5	1	0.426547050476
5	1	0.53318810463
6	1	0.506579875946
6	1	0.479869127274
5	1	0.508143901825
6	1	0.50642991066
6	1	0.493214130402
5	1	0.506561994553
6	1	0.734740972519
6	1	0.813100099564
6	1	0.613189935684
5	1	0.666428089142
5	1	0.493085861206
5	1	0.74639415741
5	1	0.46649312973
6	1	0.666445016861
6	1	0.479872941971
6	1	0.413208007812
5	1	0.479876995087
5	1	2.41252803802
6	1	0.494863986969
6	1	0.479874134064
5	1	0.439853906631
6	1	0.46822309494
5	1	0.573125123978
5	1	0.626461029053
6	1	0.533108949661
5	1	0.479890108109
6	1	0.441588878632
6	1	0.599799871445
6	1	0.466465950012
5	1	0.439941883087
5	1	3.47881793976
5	1	0.574831962585
6	1	0.453152179718
5	1	0.466526985168
5	1	0.466511964798
5	1	0.439956903458
6	1	0.413269042969
5	1	0.439929008484
6	1	0.466512918472
6	1	0.399913072586
6	1	0.439770936966
5	1	0.428263902664
5	1	0.479868888855
6	1	0.453134059906
6	1	0.453106880188
6	1	0.494877099991
6	1	0.586455106735
6	1	0.599720954895
5	1	0.453170061111
6	1	0.426484107971
5	1	0.466514110565
5	1	0.493212938309
5	1	0.479772090912
5	1	0.506448030472
5	1	0.493200063705
5	1	0.548232793808
6	1	0.466484069824
5	1	0.466420173645
6	1	0.653208017349
6	1	0.454879999161
6	1	0.654807806015
6	1	0.43989109993
6	1	0.453171014786
6	1	0.4265229702
5	1	0.42654299736
6	1	0.534819126129
6	1	0.439843893051
5	1	0.42818903923
6	1	0.506445169449
6	1	0.468248128891
5	1	0.454890012741
6	1	0.439763069153
6	1	0.426513910294
5	1	0.466575145721
6	1	0.413279056549
6	1	0.453122854233
5	1	0.439920902252
5	1	0.428209066391
6	1	0.426558971405
6	1	0.453253030777
6	1	0.42652797699
6	1	0.399859905243
6	1	0.413205862045
5	1	0.39978313446
6	1	0.639792919159
5	1	0.466459989548
5	1	0.479768037796
5	1	0.786360025406
6	1	0.494868040085
5	1	0.51980304718
5	1	1.10632586479
5	1	0.466413021088
5	1	0.479799985886
5	1	0.439880132675
5	1	0.919625997543
5	1	0.506479978561
6	1	0.426615953445
5	1	0.453279018402
6	1	0.479872941971
6	1	0.439829111099
5	1	0.453186988831
6	1	0.453246116638
5	1	0.428114175797
5	1	0.439790010452
2	1	0.641504049301
2	1	0.519866943359
2	1	0.439862966537
2	1	0.479902982712
2	1	0.599850177765
2	1	0.46654510498
2	1	0.573148012161
2	1	0.508224010468
2	1	0.466481924057
2	1	0.533133029938
2	1	0.41311621666
2	1	0.439914941788
2	1	0.546510219574
2	1	1.53284096718
2	1	0.626451969147
2	1	0.413125991821
2	1	0.613117933273
2	1	0.6681599617
2	1	0.546374082565
2	1	0.533113002777
2	1	0.548315048218
2	1	0.559787988663
2	1	0.574882984161
2	1	0.586432933807
2	1	0.573119163513
2	1	0.533106088638
2	1	0.546461105347
2	1	1.06623387337
2	1	0.586447954178
2	1	0.506589889526
2	1	0.562166929245
2	1	1.03966903687
2	1	0.626423120499
2	1	0.519873142242
2	1	0.559744119644
2	1	0.53480386734
2	1	0.479851961136
2	1	0.588235139847
2	1	0.50655412674
2	1	0.453226089478
2	1	0.468379020691
2	1	0.506547927856
2	1	0.413157939911
2	1	0.508126974106
2	1	0.506514072418
2	1	0.546480178833
2	1	0.414863824844
2	1	0.454919815063
2	1	0.519860029221
2	1	0.45313501358
2	1	0.573180913925
2	1	0.455285072327
2	1	0.559823989868
2	1	0.506426811218
2	1	0.506423950195
2	1	0.45320892334
2	1	0.599776029587
2	1	0.453219890594
2	1	0.426405191422
2	1	0.426460981369
2	1	0.493191003799
2	1	0.4931640625
2	1	0.573040008545
2	1	0.613139867783
2	1	0.49488401413
2	0	0.494872808456
2	1	0.599744081497
2	1	0.47994184494
2	1	0.599807024002
2	1	0.493124961853
2	1	0.46658706665
2	1	0.533203125
2	1	0.546502113342
2	1	0.546574115753
2	1	0.439870834351
2	1	0.493160009384
2	1	0.42654800415
2	1	0.866346120834
2	1	0.519819021225
2	1	0.399938106537
2	1	0.439864873886
2	1	0.599729061127
2	1	0.493190050125
2	1	0.46644282341
2	1	0.399804115295
2	1	0.454954147339
2	1	0.519765853882
2	1	0.479904174805
2	1	0.533228874207
2	1	0.493141889572
2	1	0.439869880676
2	1	0.533066987991
2	1	0.453145980835
2	1	0.439915895462
2	1	0.426538944244
2	1	0.426493883133
2	1	0.799736976624
2	1	0.479820013046
2	1	0.439847946167
2	1	0.479853868484
2	1	0.533230066299
2	1	0.493137121201
2	1	0.413192987442
2	1	0.453201055527
2	1	0.4399061203
2	1	0.493131875992
2	1	0.43985915184
2	1	0.41325211525
2	1	0.439800024033
2	1	0.82639503479
2	1	0.468173027039
2	1	0.533178806305
2	1	0.506469011307
2	1	0.466419935226
2	1	0.559859037399
2	1	0.439795970917
2	1	0.506447076797
2	1	0.453119039536
2	1	0.439866065979
2	1	1.0796020031
2	1	0.573143005371
2	1	0.428283929825
2	1	0.479868173599
2	1	0.479866027832
2	1	0.493238925934
2	1	0.533104896545
2	1	0.453132867813
2	1	0.426462173462
2	1	0.441523075104
2	1	0.479761838913
2	1	0.439793109894
2	1	0.413151025772
2	1	0.38654589653
2	1	0.519768953323
2	1	0.439851999283
2	1	0.386540174484
2	1	0.679746866226
2	1	0.426479816437
2	1	0.426509141922
2	1	0.453166007996
2	1	0.479794025421
2	1	0.508193016052
2	1	0.414839029312
2	1	0.599880933762
2	1	0.39981508255
2	1	0.413213014603
2	1	0.466471910477
5	1	0.493167877197
5	1	0.426431894302
5	1	0.426513910294
5	1	0.453263998032
6	1	0.426425933838
6	1	0.3998670578
5	1	0.426511049271
6	1	0.401589870453
6	1	0.426548957825
6	1	0.468190908432
6	1	0.439823865891
6	1	0.439893960953
5	1	0.439831018448
5	1	0.599763154984
5	1	0.399924039841
5	1	0.359952926636
5	1	0.468137025833
6	1	0.413149118423
6	1	0.439805984497
5	1	0.493158102036
5	1	0.454957962036
5	1	0.426532030106
5	1	0.413149118423
5	1	0.679771900177
5	1	0.719722986221
6	1	0.494874954224
5	1	0.479801893234
5	1	0.479909181595
5	1	0.733138799667
6	1	0.413292884827
6	1	0.414804935455
5	1	0.414941072464
5	1	0.519818067551
5	1	0.653122901917
6	1	0.439942836761
5	1	0.533145904541
5	1	0.799665212631
6	1	0.453143835068
6	1	0.45314002037
5	1	0.466466903687
6	1	0.439830064774
5	1	0.50652217865
5	1	0.441526174545
5	1	0.466508150101
5	1	0.493210077286
5	1	0.426558017731
6	1	0.47983789444
5	1	0.746395111084
5	1	0.479846000671
6	1	0.4532289505
6	1	0.506537914276
6	1	0.786273956299
5	1	0.453142166138
5	1	0.413197040558
6	1	0.426551103592
5	1	0.599820137024
6	1	0.481625080109
6	1	0.506441116333
5	1	0.533041954041
6	1	0.493134021759
6	1	0.453145027161
5	1	0.479814052582
5	1	0.466479063034
5	1	0.414821863174
6	1	0.746488809586
5	1	0.519800186157
6	1	0.481542110443
6	1	0.493108034134
6	1	0.733011007309
5	1	0.533185005188
6	1	0.481554031372
5	1	0.919641971588
5	1	0.774831056595
6	1	0.479814052582
6	1	0.653001070023
6	1	0.519768953323
6	1	0.479869842529
6	1	0.426525115967
6	1	0.46644115448
5	1	0.466524839401
6	1	0.453071117401
5	1	0.799686908722
5	1	0.49324798584
6	1	0.479793071747
6	1	0.426465988159
5	1	0.43983912468
6	1	0.519779920578
6	1	0.441598892212
6	1	0.559782981873
5	1	0.559864044189
5	1	0.533174037933
6	1	0.428207159042
6	1	0.413227796555
6	1	0.439826011658
6	1	0.414824008942
6	1	0.426578044891
5	1	0.493046998978
6	1	0.493176937103
5	1	0.506514787674
6	1	0.506529092789
6	1	0.453094959259
6	1	0.428129911423
6	1	0.439818143845
5	1	0.466470003128
5	1	0.719731092453
5	1	0.573111057281
6	1	0.479886054993
6	1	0.439827919006
5	1	0.413121938705
6	1	0.439828872681
6	1	0.453176021576
6	1	0.428248882294
6	1	0.519802808762
6	1	0.533133983612
5	1	0.46653008461
5	1	0.453104019165
5	1	0.506407976151
5	1	0.746377944946
6	1	0.493113994598
5	1	1.22624707222
5	1	0.559816122055
5	1	0.506447076797
5	1	0.814744949341
6	1	0.999742031097
5	1	0.653156995773
5	1	0.599833011627
6	1	0.573176145554
5	1	0.494730949402
6	1	0.494817972183
6	1	0.586425065994
5	1	0.466454982758
6	1	0.53311920166
5	1	0.466451883316
5	1	0.479743003845
6	1	0.506475925446
6	1	0.508255004883
5	1	1.10630202293
5	1	0.466498851776
5	1	0.466491937637
6	1	0.439897060394
5	1	0.533180952072
5	1	0.479854106903
6	1	0.493200063705
6	1	0.586462974548
6	1	0.43989109993
5	1	0.826406955719
6	1	0.5598320961
7	1	0.653016090393
7	1	0.519857883453
8	1	0.466552972794
7	1	0.453131914139
7	1	0.466536998749
7	1	0.506513834
7	1	0.399863958359
8	1	0.439858913422
7	1	0.41326212883
7	1	0.453235149384
8	1	0.439806938171
7	1	0.506508111954
7	1	0.373208045959
7	1	0.39978313446
7	1	0.466547966003
8	1	0.45307803154
8	1	0.453196048737
7	1	0.426604032516
7	1	0.373281955719
7	1	0.399843931198
7	1	0.506498098373
7	1	0.586438179016
7	1	0.441529035568
8	1	0.506548166275
8	1	0.453120946884
8	1	0.426485061646
8	1	0.479851007462
8	1	0.426484823227
8	1	0.481630802155
8	1	0.479783058167
8	1	0.399784088135
7	1	0.53321313858
8	1	0.426464796066
8	1	0.439850091934
8	1	0.359903097153
8	1	0.413228034973
7	1	0.588155031204
8	1	0.466557979584
8	1	0.413172006607
8	1	0.428199052811
8	1	0.399941921234
8	1	0.43985581398
7	1	0.388283014297
7	1	0.439846992493
7	1	0.45309305191
8	1	0.866286993027
7	1	0.466464042664
7	1	0.428219079971
8	1	0.439805984497
8	1	0.455437898636
8	1	0.439867973328
7	1	0.439810991287
7	1	0.546535968781
8	1	0.519888877869
7	1	0.573054075241
8	1	0.439891815186
8	1	0.479861974716
7	1	0.559739112854
8	1	0.439885854721
7	1	0.453160047531
8	1	0.413244009018
7	1	0.479806900024
7	1	0.439809083939
7	1	0.493161916733
8	1	0.453210115433
7	1	0.573098182678
8	1	0.453166007996
8	1	0.546452045441
7	1	0.626508951187
8	1	0.559911966324
8	1	0.506526947021
8	1	0.454931020737
7	1	0.454854011536
8	1	0.466526031494
8	1	0.428344011307
8	1	0.414885997772
8	1	0.426596879959
8	1	0.413156986237
7	1	0.413207054138
8	1	0.533262014389
7	1	0.45313000679
8	1	0.414885997772
8	1	0.414905071259
7	1	0.546463012695
7	1	0.493231058121
7	1	0.506572008133
8	1	0.454968929291
8	1	0.439757108688
7	1	0.479865074158
8	1	0.468207120895
8	1	0.453148126602
7	1	0.439791917801
7	1	0.439872980118
8	1	0.453155040741
8	1	0.559824943542
8	1	0.508136987686
8	1	0.479891061783
7	1	0.533070087433
7	1	0.53316283226
8	1	0.454833984375
8	1	0.53314614296
8	1	0.479781866074
8	1	0.453212976456
8	1	0.374811887741
8	1	0.439821958542
8	1	0.466513156891
8	1	0.479771137238
8	1	0.42648601532
8	1	0.546450853348
8	1	0.49314904213
8	1	0.453146934509
7	1	0.466500997543
8	1	0.413269042969
8	1	0.49317407608
7	1	0.493248939514
8	1	0.453294992447
7	1	0.453230857849
7	1	0.49317407608
8	1	0.493198871613
7	1	0.519807100296
8	1	0.519862174988
7	1	0.533190965652
8	1	0.426538944244
8	0	1.1995279789
8	1	0.454855203629
7	1	0.439889907837
8	1	0.746346950531
7	1	0.521632909775
7	1	0.453212976456
7	1	0.413199901581
8	1	0.413161039352
7	1	0.559766054153
7	1	0.454898118973
8	1	0.426465988159
8	1	0.468110084534
8	1	0.439855098724
7	1	0.519822120667
8	1	0.519853830338
8	1	0.439817905426
7	1	0.439841985703
8	1	0.413290023804
7	1	0.493097066879
8	1	0.439804077148
7	1	0.46648979187
7	1	0.386474132538
7	1	0.468285083771
7	1	0.519901990891
8	1	0.559798002243
7	1	0.479815006256
7	1	0.573159217834
8	1	0.426520109177
