5	1	3.06559801102
5	1	0.852990865707
6	0	1.51947999001
6	1	2.17250108719
5	1	2.25256991386
6	0	1.09295892715
5	0	4.15861296654
5	1	3.98708987236
5	1	2.95890188217
6	1	1.70601201057
6	0	2.45241212845
5	1	1.4528222084
5	1	0.919690847397
6	1	1.21281814575
6	1	0.972990036011
6	0	0.999670982361
6	1	1.03957104683
5	1	0.91966509819
6	1	1.25290894508
6	1	0.986254930496
6	1	0.839696884155
5	1	0.6930539608
6	0	0.973148107529
5	1	3.02571487427
6	1	0.906358003616
6	0	2.87897586823
6	1	0.933031082153
6	1	3.97203993797
5	0	0.959697008133
5	1	2.17250490189
5	1	1.01476287842
6	1	1.17292284966
6	1	1.33286595345
6	1	2.70573186874
6	1	0.879630088806
5	0	0.948222875595
6	1	1.95936489105
5	1	1.29465317726
5	1	1.39949893951
6	0	1.45459794998
6	1	1.05467510223
5	1	0.719784975052
5	1	0.813037872314
6	1	1.0795609951
6	0	0.839760065079
5	0	1.25293493271
6	1	1.99935293198
5	1	1.13291501999
6	0	0.828058004379
5	1	1.45285415649
6	1	2.42591309547
6	1	1.41282606125
5	0	1.75940299034
5	1	2.78565001488
5	1	1.86609816551
6	1	1.11967992783
6	0	1.22623181343
6	1	2.21267700195
6	1	4.90499997139
6	1	2.53409600258
6	1	0.853056907654
6	0	2.7323319912
6	1	1.79939389229
5	0	1.5061788559
5	0	3.23892903328
5	0	4.94499492645
5	1	2.7608089447
6	1	0.999711990356
5	1	2.83908700943
6	0	2.09261393547
5	0	0.813097000122
6	1	1.98603582382
6	0	1.13288903236
5	1	0.959624052048
6	1	0.959670066833
5	0	2.3725669384
5	1	3.43879199028
6	0	3.98534703255
6	1	1.37281918526
6	1	1.35958218575
5	1	2.26592516899
6	1	0.986386060715
6	1	1.34620380402
6	1	1.2013399601
5	1	1.31957387924
5	0	0.893007040024
5	1	1.13467693329
6	0	2.23920297623
6	1	0.866342067719
6	1	0.972970962524
5	1	1.57281208038
5	0	1.57280302048
2	1	0.826439857483
2	1	0.826345920563
2	1	0.746379852295
2	1	0.721408128738
2	1	1.01298594475
2	1	0.693072080612
2	1	0.972982168198
2	1	1.08124899864
2	1	0.906319141388
2	1	1.13304305077
2	1	0.948020935059
2	1	1.07954502106
2	0	1.29286193848
2	1	1.10638093948
2	1	0.826339006424
2	1	0.679846048355
2	1	0.759636878967
2	1	1.07957482338
2	0	2.3458750248
2	1	5.13332295418
2	1	0.799783945084
2	1	0.733116149902
2	1	0.58642911911
2	0	0.97300696373
2	1	0.788125038147
2	0	1.15951418877
2	1	2.05261898041
2	0	0.746381998062
2	1	0.826330184937
2	1	0.666430950165
2	1	0.7863509655
2	1	0.82808303833
2	1	1.09293889999
2	0	0.721472978592
2	1	0.986353158951
2	1	0.706325054169
2	1	0.599855899811
2	1	0.799742937088
2	1	0.906371831894
2	1	0.534851074219
2	1	0.879688978195
2	1	0.67983007431
2	1	0.573193073273
2	1	0.546475887299
2	1	0.546488046646
2	1	2.61244893074
2	0	1.79936480522
2	1	1.22627282143
2	1	1.1346321106
2	1	0.919610977173
2	1	1.17464184761
2	1	1.63944292068
2	0	1.1995408535
2	0	1.47939896584
2	1	2.30593919754
2	1	2.58579611778
2	1	1.07961606979
2	0	1.5727558136
2	1	0.893043041229
2	1	1.41281604767
2	1	0.972968816757
2	1	0.79966211319
2	1	1.58784484863
2	1	0.812958955765
2	1	1.03962492943
2	1	0.69470000267
2	1	0.639773130417
2	0	1.6393289566
2	0	0.933134078979
2	0	1.41277503967
2	1	2.7989718914
2	1	0.799675941467
2	1	3.14560604095
2	1	2.59906291962
2	1	0.854749917984
2	1	0.599752187729
2	1	0.506463766098
2	1	0.641489982605
2	1	0.573137044907
2	1	0.666408061981
2	1	0.812945842743
2	0	0.853070020676
2	1	0.959725856781
2	1	0.733119010925
2	1	0.693071842194
2	1	0.573071956635
2	1	1.14628815651
2	1	0.641444921494
2	1	0.879786014557
2	1	0.999627828598
2	1	0.546442985535
2	0	0.986381053925
2	1	0.733153104782
2	1	0.706437110901
2	1	0.70638012886
2	1	0.759708166122
2	0	1.04131698608
2	1	1.1329100132
2	0	0.95964384079
2	1	0.786486148834
2	0	0.706402778625
2	1	2.41240811348
2	1	0.799782991409
2	1	0.77308511734
2	1	0.799730062485
2	1	1.05297398567
2	1	0.599720001221
2	1	0.58651804924
2	1	0.853119850159
2	1	1.39960098267
2	1	1.59952282906
2	1	0.87969994545
2	1	0.853111028671
2	1	0.67976307869
2	1	0.679780006409
2	1	0.561457157135
3	1	0.75982093811
3	1	0.613066911697
3	0	0.588252067566
3	1	0.666483879089
3	1	0.748111009598
3	1	1.07961511612
3	1	0.58646607399
3	1	0.97297000885
3	1	0.866313934326
3	1	0.626471042633
3	1	0.786390066147
3	1	0.999693155289
3	0	0.906366109848
3	1	0.906373023987
3	1	1.23957014084
3	0	1.34620785713
3	1	0.933010101318
3	1	1.22619009018
3	1	1.10623311996
3	0	0.839715957642
3	1	1.01295900345
3	1	0.786362886429
3	1	0.852976083755
3	1	0.759747982025
3	1	0.71976017952
3	1	0.628239870071
3	1	0.666374921799
3	1	0.613159894943
3	1	0.639690876007
3	1	0.719722986221
3	1	0.893046855927
3	0	1.12183904648
3	1	1.65458011627
3	1	1.78604102135
3	0	0.826369047165
3	1	0.86647605896
3	1	1.09298300743
3	1	0.693146944046
3	1	3.89374399185
3	0	1.61278295517
3	0	5.74464488029
3	1	1.33282399178
3	1	1.5594201088
3	1	0.653122901917
3	1	0.826377868652
3	1	1.57284212112
3	0	2.67904877663
3	1	0.773037910461
3	1	0.826323986053
3	1	0.759724140167
3	1	0.73307299614
3	1	0.906310081482
3	1	0.679799079895
3	1	0.546503067017
3	1	0.866465091705
3	1	0.799674987793
3	1	0.679785013199
3	1	1.95933890343
3	0	1.0796558857
3	1	0.866328001022
3	1	1.10631394386
3	1	0.774844884872
3	1	0.719728946686
3	1	0.839695215225
3	1	0.746440887451
3	1	0.746417045593
3	1	0.70639705658
3	0	0.813111066818
3	1	2.61250495911
3	1	1.70607995987
3	1	1.37290000916
3	1	0.813109874725
3	0	1.73268413544
3	0	1.22617697716
3	1	0.879685163498
3	1	0.852980136871
3	1	4.65175700188
3	1	0.719740867615
3	1	0.85298705101
3	1	0.71978187561
3	1	0.773020982742
3	0	0.653054952621
3	1	1.21289610863
3	0	1.29280304909
3	1	1.74608516693
3	1	0.986322879791
3	0	1.13293004036
3	1	0.879723072052
3	1	1.79939293861
3	1	1.38782405853
3	1	1.59943819046
3	1	0.81304192543
3	1	0.774842977524
3	1	0.773055076599
3	1	0.959616184235
3	1	0.799728155136
3	1	0.733100891113
3	0	1.91939496994
3	1	0.879682064056
3	1	1.09297895432
3	1	0.853032112122
3	1	0.972934007645
3	0	2.63903808594
3	1	1.03954315186
3	0	0.626452922821
3	1	3.15897703171
3	1	0.799748897552
3	0	1.06813597679
3	1	0.759751081467
3	1	0.919617891312
3	1	0.948191165924
3	1	0.533115148544
3	1	0.626502990723
3	1	0.828104972839
4	1	0.759826898575
4	1	0.626363992691
4	1	0.853037834167
4	1	1.34787297249
4	1	0.746416091919
4	1	0.693061113358
4	1	0.987935066223
4	1	0.639734983444
4	1	0.534953832626
4	1	0.826339960098
4	1	0.706430912018
4	1	0.613162994385
4	1	0.599809885025
4	0	0.586536169052
4	0	0.693134069443
4	1	0.799750089645
4	1	1.09286403656
4	1	0.826339960098
4	1	0.613071918488
4	1	0.613127946854
4	1	0.719778776169
4	1	0.533210992813
4	1	0.786365032196
4	1	0.746468782425
4	1	0.666401863098
4	1	0.559727907181
4	0	0.466444969177
4	1	0.839715003967
4	1	0.574871063232
4	1	0.959701776505
4	0	0.533123016357
4	1	1.98599100113
4	1	0.95959687233
4	0	1.60109114647
4	1	0.839710950851
4	1	0.82638001442
4	1	0.70638012886
4	1	0.788134098053
4	1	0.613059997559
4	1	0.879718065262
4	1	0.63978099823
4	1	0.479806900024
4	1	0.586445093155
4	1	0.559798955917
4	1	0.613080978394
4	1	0.599810123444
4	0	0.746429920197
4	1	0.654690027237
4	0	0.626439809799
4	1	0.666454076767
4	1	3.0789129734
4	1	0.694885969162
4	1	1.53448390961
4	1	0.746320962906
4	1	1.54609107971
4	1	0.639811992645
4	1	0.586553812027
4	1	0.881541967392
4	1	0.573089122772
4	0	1.67936897278
4	1	0.694885969162
4	0	0.826433897018
4	1	1.63952088356
4	0	1.49290704727
4	0	0.852988958359
4	1	1.79939484596
4	1	0.746485948563
4	1	0.586488008499
4	1	0.733097076416
4	1	0.866386175156
4	0	0.693135023117
4	1	1.41286993027
4	1	0.746395111084
4	1	0.893043041229
4	0	0.813072919846
4	1	0.708146095276
4	0	1.47962903976
4	1	1.71946597099
4	0	1.61278915405
4	1	1.59943294525
4	1	1.19955897331
4	1	2.89231014252
4	0	2.41240501404
4	1	0.919631958008
4	1	0.759844064713
4	1	0.639810085297
4	1	0.601451158524
4	1	0.919692993164
4	1	0.613151073456
4	1	0.8930580616
4	0	0.773067951202
4	1	0.626494169235
4	0	0.839703083038
4	1	1.50616288185
4	0	0.932939052582
4	1	0.999624967575
4	1	0.599816083908
4	0	2.87894415855
4	1	3.63875293732
4	0	0.921476840973
4	1	0.95965218544
4	1	0.853100776672
4	1	2.47922897339
4	1	1.0529820919
4	1	0.999709129333
4	1	1.09304499626
4	1	0.759723186493
4	1	0.933058977127
4	1	0.986377954483
4	1	3.30554199219
4	1	1.01300692558
4	1	0.839704990387
4	1	1.13300299644
4	1	0.786401987076
4	1	0.773115158081
4	0	1.06629610062
4	1	1.06624507904
4	0	3.63876199722
7	0	0.786368131638
8	1	0.519765138626
7	1	0.559838056564
8	1	0.826304912567
8	1	0.599843978882
8	1	0.932983875275
8	0	0.548158168793
7	1	0.666377067566
8	1	0.613088130951
8	1	0.533210039139
7	1	0.679723024368
8	1	0.626434087753
8	0	0.853045940399
8	1	0.546428918839
7	1	0.892982959747
7	1	0.533088922501
8	1	0.559801101685
7	1	0.906331062317
8	0	0.839758872986
8	0	0.666506052017
7	0	2.69241499901
8	0	2.1459209919
8	1	3.05226898193
8	1	2.9189658165
7	0	0.79966211319
8	1	0.628245830536
7	1	0.839686870575
7	0	0.799742937088
8	0	0.946389913559
7	1	0.706320047379
8	1	0.5730509758
8	1	0.668105840683
7	1	0.746437072754
8	1	0.786381959915
8	1	0.533129930496
7	1	0.614798069
8	0	0.679787874222
7	1	1.06629705429
8	1	0.546429872513
8	1	0.493115901947
7	1	0.986340045929
8	1	0.586464881897
7	1	1.42622900009
8	1	0.559810876846
8	1	0.49315404892
8	1	0.546458005905
7	1	0.586441040039
8	1	0.693048000336
7	1	0.559764862061
7	1	0.533142805099
7	0	1.01295185089
7	1	0.639810085297
8	1	0.613201856613
7	0	1.02636790276
8	0	0.946318149567
7	1	3.0522480011
7	1	1.09296393394
7	0	0.946345090866
7	1	4.06524300575
8	1	0.986356019974
7	1	0.626477956772
7	1	1.62606501579
7	1	2.22767591476
7	1	1.26628184319
8	1	1.45283102989
7	1	0.813110113144
7	1	2.87903690338
7	0	1.17297196388
8	1	0.746511936188
8	0	0.681592941284
8	0	1.15958690643
7	1	1.23955202103
8	1	0.813098907471
8	1	0.826436042786
8	1	0.506520032883
7	1	0.946259975433
8	1	0.853038787842
8	1	0.786337852478
7	1	1.10799884796
7	0	0.919689893723
7	0	1.23960113525
7	0	0.999727964401
8	1	1.29288005829
7	1	0.788189888
7	1	1.77270007133
8	1	0.826424837112
8	1	0.63978600502
7	1	0.679788827896
7	1	0.5997838974
8	1	0.586498022079
8	1	0.626455783844
7	1	0.733141899109
7	0	1.63946986198
8	1	0.666396141052
8	1	0.586472988129
8	1	0.533226013184
7	1	1.18619799614
7	1	0.986366987228
8	1	0.533146858215
8	1	0.586477041245
8	1	0.706389904022
8	1	0.746396064758
8	0	1.15954017639
8	1	0.879708051682
7	0	1.06622815132
7	0	0.706426143646
8	1	2.05264902115
8	1	0.599905967712
7	1	0.813053131104
7	1	0.599848985672
7	1	0.561505079269
8	0	0.759755134583
8	1	0.599738121033
8	1	0.53324007988
8	1	0.533226013184
8	1	0.666409015656
8	0	1.60121703148
8	0	1.15960407257
7	1	0.826322078705
8	1	0.772997140884
7	1	0.999703168869
8	1	0.693116903305
8	0	1.13292193413
7	1	0.706432819366
7	1	2.21261191368
8	1	0.653132915497
8	1	0.666435003281
8	1	0.733074903488
8	1	0.666516065598
7	1	0.746457099915
7	0	0.614773035049
7	1	4.06522417068
8	1	2.23921108246
8	0	2.18589305878
7	0	2.53246808052
8	0	0.721477985382
7	1	1.98596405983
8	1	0.999698162079
7	1	0.60152888298
8	1	0.906342983246
8	1	0.668120861053
7	1	0.534984111786
8	1	0.439797878265
8	1	0.439929008484
7	1	0.679711103439
8	1	0.986361026764
7	0	0.428812980652
8	1	0.666528940201
7	1	0.468191862106
7	1	0.599828004837
8	1	0.81306385994
8	1	0.773073911667
7	1	0.679813861847
8	1	0.759721040726
7	0	1.22628712654
7	1	0.826328992844
8	1	0.693156003952
8	1	0.786335945129
7	0	0.719768047333
8	1	0.934719085693
7	0	2.31916999817
8	1	2.54576206207
7	0	3.2388510704
7	1	0.679753065109
8	0	1.05294799805
8	1	0.586480855942
7	1	2.37251710892
8	1	0.599822998047
8	1	0.626484870911
8	1	0.559810876846
8	1	0.733067035675
8	1	0.852931976318
8	0	0.839669942856
7	1	0.813112020493
8	1	1.146266222
8	1	0.533177137375
8	0	0.853034973145
8	1	0.933015108109
8	1	2.23924589157
7	1	0.866409063339
7	0	0.946297883987
8	1	1.2795290947
8	1	0.973040103912
8	0	0.881516933441
7	1	0.466542005539
8	1	0.573137998581
8	1	0.599725961685
7	0	1.0013358593
7	0	0.546415090561
8	0	0.879709005356
8	1	1.12135505676
8	1	0.906461954117
7	0	0.653090953827
8	0	1.73277187347
7	1	5.31813883781
8	1	0.653162002563
7	1	0.679740905762
7	1	3.23888802528
7	1	1.15955519676
7	1	0.533230066299
7	1	0.506514787674
8	1	0.51978802681
8	1	0.746417999268
8	1	0.519762992859
8	0	0.733052968979
7	1	1.78607797623
8	1	0.613128900528
8	1	0.508277893066
7	1	0.494934082031
7	1	0.679818868637
7	0	0.653110980988
8	1	1.09298110008
8	0	1.42623090744
8	0	0.788048028946
8	1	0.759748935699
8	1	2.11923694611
8	1	1.69273281097
7	1	0.946374893188
7	0	0.853079080582
7	1	0.813061952591
8	1	0.866415023804
7	1	0.719732046127
8	1	0.63979101181
8	1	0.679780006409
8	0	0.706369876862
8	0	2.37250900269
8	1	2.799036026
7	1	0.493152856827
7	1	1.0129737854
8	1	0.679686069489
8	1	1.22619605064
8	1	1.23959302902
8	1	0.639877080917
7	1	1.25297403336
8	1	1.06625294685
8	0	0.466547966003
7	1	0.708104133606
1	0	0.919698953629
1	1	1.97264790535
1	1	0.679762125015
1	1	0.546499013901
1	1	0.826368093491
1	1	0.50638794899
1	1	0.546494007111
1	1	2.10778713226
1	1	0.759782075882
1	0	0.493158817291
1	1	0.653031826019
1	1	0.86637711525
1	1	0.521647930145
1	0	0.773025989532
1	0	1.266299963
1	0	1.62604403496
1	1	0.786383867264
1	1	0.813103914261
1	1	0.626507997513
1	1	0.519770145416
1	1	0.546406984329
1	1	0.521440982819
1	1	0.50655913353
1	1	0.479843139648
1	1	0.533215999603
1	1	0.559944868088
1	1	0.786396026611
1	1	0.493193864822
1	1	0.468317985535
1	0	0.506536960602
1	1	1.01290082932
1	0	1.22810792923
1	1	0.786396026611
1	0	0.828168153763
1	1	1.41290402412
1	1	0.599805116653
1	1	3.01402592659
1	1	1.22628283501
1	1	0.58816409111
1	1	1.39953899384
1	0	0.653209924698
1	1	0.839808940887
1	1	0.75967001915
1	1	0.879722118378
1	0	2.9207201004
1	0	1.76107192039
1	1	1.07962989807
1	1	0.639765024185
1	0	2.21253705025
1	1	1.17296600342
1	0	1.09302592278
1	1	0.772989988327
1	1	2.02590799332
1	1	1.05306887627
1	1	0.826397895813
1	1	0.679793119431
1	0	0.439843893051
1	1	1.06634402275
1	1	1.05291485786
1	0	0.573173999786
1	1	0.813050031662
1	1	1.93264317513
1	0	2.46580195427
1	1	0.613208055496
1	1	0.639738082886
1	1	1.1196410656
1	1	0.613178014755
1	0	1.19956302643
1	1	1.30795502663
1	1	0.733073949814
1	1	0.613131999969
1	1	1.09300303459
1	0	0.506435155869
1	0	2.83904504776
1	1	0.946370124817
1	1	0.626470088959
1	1	0.519747972488
1	0	0.639836072922
1	1	2.01267910004
1	1	0.786455869675
1	0	0.746425151825
1	1	1.23948907852
1	1	1.01470899582
1	1	0.599770069122
1	1	0.734844923019
1	0	0.906276941299
1	1	0.639755010605
1	1	0.561528921127
1	1	0.879635095596
1	0	0.599813222885
1	1	0.628153085709
1	0	0.559844017029
1	1	1.13287091255
1	1	0.573179006577
1	1	0.799700021744
1	1	0.679836034775
1	1	0.906361103058
1	1	0.946310997009
1	0	0.77302980423
1	1	0.81306886673
1	0	2.41243386269
1	1	0.613219022751
1	1	0.706458091736
1	1	0.453202962875
1	1	0.77303981781
1	1	1.38620901108
1	1	2.02596187592
1	1	0.85306596756
1	1	0.533183097839
1	1	0.973011016846
1	1	0.999615907669
1	0	1.53271698952
1	1	1.58609199524
1	0	0.879700899124
1	0	0.626379966736
1	1	1.62617516518
1	1	0.933039903641
1	1	0.666476011276
1	1	0.746418952942
1	1	0.839717149734
1	1	0.919731140137
5	1	0.907966136932
5	0	0.826426029205
5	1	2.71909213066
5	1	0.639835119247
6	1	0.546429157257
5	1	0.799715995789
5	1	0.559871912003
5	1	0.599733114243
6	1	0.546525001526
6	1	0.733036994934
5	1	0.666440010071
5	0	0.639745950699
5	1	0.613124132156
6	0	0.693014144897
6	1	0.733175992966
5	1	0.599838018417
5	1	0.588196992874
6	1	0.879598855972
6	0	0.813051939011
5	1	0.959743022919
5	1	1.26618289948
6	0	0.826352834702
6	1	0.972941875458
6	1	0.986371994019
5	1	0.773039102554
6	1	0.599774837494
5	1	0.613116025925
6	1	0.666406869888
5	1	0.786426067352
6	0	0.799755096436
6	1	0.679780006409
6	1	0.573132038116
5	1	0.866375923157
5	0	0.71975684166
5	1	1.13467907906
5	0	0.679750919342
6	0	0.81308889389
6	1	0.706419944763
5	0	0.986335039139
5	1	2.7341940403
6	1	0.679864168167
6	1	2.61413502693
5	0	1.22622990608
6	1	0.946401119232
6	1	1.13288617134
5	1	1.07962298393
6	0	0.906383991241
6	1	0.933057069778
6	1	0.946340084076
5	1	1.03962492943
5	0	0.706336975098
6	1	0.77312207222
6	1	0.919734954834
6	1	0.839597940445
5	1	0.919713020325
6	1	1.26789689064
6	1	3.67871308327
6	1	0.932904958725
5	1	0.734896183014
5	0	1.86604118347
6	1	1.6128051281
5	1	1.53283596039
6	1	1.5594367981
6	1	1.14636588097
5	0	1.74608707428
5	1	0.773072957993
5	1	0.879698038101
6	0	0.87965297699
6	0	4.05191898346
5	0	0.879734992981
6	1	4.99815392494
6	1	0.906303882599
5	1	0.77304816246
5	0	1.89274096489
5	1	1.0796790123
6	0	1.99925208092
6	1	2.89230203629
6	0	0.746392965317
6	0	1.97269201279
6	1	3.50719189644
6	1	0.719734191895
5	1	0.679751873016
5	1	1.18797683716
5	1	1.89265799522
5	0	2.25251102448
5	0	2.43915009499
6	1	1.53277301788
5	0	1.49279212952
6	1	1.30790996552
6	1	1.11962199211
5	1	0.906357049942
5	1	3.4387550354
6	1	0.959665060043
6	1	0.614726066589
5	1	0.653182029724
5	1	0.493199825287
6	1	0.721606016159
5	1	0.679836034775
6	1	0.866415977478
5	1	3.11894989014
5	0	1.13290596008
6	1	0.733035087585
6	0	2.38586211205
5	1	1.09302902222
5	1	1.55939698219
6	1	0.69305896759
5	1	1.03964495659
5	0	0.986366033554
5	1	1.22623491287
7	1	0.679841995239
7	1	0.573148012161
7	1	0.533263921738
8	0	0.773025989532
7	0	0.959671974182
8	1	1.1063439846
7	1	0.494790077209
8	1	0.506546020508
8	0	0.719810009003
8	0	0.666445970535
7	1	0.733052015305
7	1	0.972965955734
7	1	0.653086900711
7	1	0.626410007477
7	0	0.733083963394
8	1	1.01292014122
7	1	0.479866981506
7	1	0.826406955719
8	1	0.519815921783
7	1	0.708150148392
8	1	0.706433057785
7	0	0.653029918671
7	1	0.588150024414
7	1	0.814682006836
8	0	0.599790811539
8	0	0.666505098343
8	1	0.641442775726
8	1	1.38613700867
8	0	2.73240184784
7	1	0.972942829132
8	0	0.814780950546
7	1	0.999726057053
8	1	0.839778900146
8	1	3.38557815552
8	0	1.11965799332
7	1	1.39950013161
8	1	0.573065042496
7	1	0.933058977127
8	1	0.533179044724
7	0	0.78648018837
7	1	1.02629113197
7	1	0.734838962555
7	1	0.666460037231
8	1	0.466575860977
8	0	0.679774999619
8	1	0.746358156204
8	1	0.772992134094
7	1	0.653135061264
8	1	3.26563405991
8	1	0.5197660923
8	1	0.733010053635
8	1	0.639800071716
7	1	0.493165016174
7	0	1.02805304527
7	1	0.586510896683
7	1	0.453168869019
8	1	0.508327007294
8	1	0.719810009003
7	1	0.573235034943
8	1	0.559823036194
7	1	1.63938593864
7	1	0.839811086655
8	1	0.533093929291
8	1	0.666406869888
7	1	0.626448869705
8	1	0.679812908173
7	1	0.559883832932
7	0	0.706361055374
8	1	0.586431980133
8	1	0.639904022217
8	1	0.906367063522
8	0	0.932998895645
7	1	0.934803962708
7	1	0.746408939362
8	1	0.906481027603
7	0	1.02631497383
8	1	0.599757194519
8	0	1.06628108025
8	1	1.30621385574
7	1	0.734804868698
7	0	0.866301059723
8	1	0.7329890728
8	1	1.19959115982
8	0	0.826410055161
7	1	0.666414022446
8	1	0.561537027359
7	0	0.599753856659
7	1	0.706453800201
8	1	1.40126395226
8	1	0.866348981857
8	0	1.54616594315
8	0	0.839774131775
7	0	0.774923086166
7	1	0.919711112976
7	0	0.813060998917
8	1	0.706372976303
8	1	0.56148314476
7	1	0.639828920364
7	1	0.413169145584
7	0	0.47988986969
8	1	1.01292705536
7	1	0.586505889893
7	0	0.639795064926
7	1	0.919709920883
8	0	0.679728031158
8	1	0.733067035675
8	1	0.5997838974
8	1	0.666434049606
8	1	0.693099975586
7	1	1.03965687752
7	1	0.666400909424
8	1	0.746340036392
8	0	0.959604024887
8	1	0.666414022446
8	1	3.1988658905
8	1	0.87968993187
8	1	0.653057098389
8	1	0.548268079758
8	1	0.546556949615
7	1	0.479854106903
8	1	0.506510972977
7	1	0.493165016174
8	1	0.559835910797
7	1	1.8260140419
8	1	0.519774913788
8	0	0.83968091011
7	1	0.788024902344
7	1	0.439870834351
2	1	1.34611296654
2	1	0.533178091049
2	1	0.706354141235
2	1	0.546499013901
2	1	0.493177890778
2	1	0.439778089523
2	0	0.706391096115
2	1	0.479794979095
2	1	0.666401147842
2	1	0.586532115936
2	1	0.693121910095
2	0	0.573127985001
2	0	1.2396171093
2	1	0.853044033051
2	1	0.493170976639
2	1	0.519753217697
2	0	0.893045902252
2	1	0.813030958176
2	1	0.932991027832
2	1	1.17299699783
2	0	0.79967212677
2	1	0.746322154999
2	1	0.839776039124
2	1	2.07930898666
2	0	1.63946890831
2	1	1.81278395653
2	0	0.879684925079
2	0	1.21292495728
2	0	1.21294808388
2	0	1.69278597832
2	1	0.71975684166
2	1	1.05290102959
2	1	0.733097076416
2	0	1.19970107079
2	0	1.43954992294
2	1	0.946373939514
2	1	0.853054046631
2	0	1.06630015373
2	1	0.828136920929
2	0	0.866415977478
2	1	0.666442155838
2	1	0.51978302002
2	1	0.639794111252
2	1	0.599816083908
2	0	0.54639005661
2	1	0.62811589241
2	1	0.693149089813
2	0	0.599809885025
2	1	1.61274409294
2	1	0.626493930817
2	1	0.613059997559
2	1	0.573156833649
2	1	0.613046169281
2	1	0.666386842728
2	1	0.586408853531
2	1	0.613069057465
2	0	1.03963804245
2	0	0.89292883873
2	1	0.69308590889
2	1	0.653159141541
2	1	0.733100175858
2	0	0.814715147018
2	1	0.573025941849
2	1	0.693063020706
2	0	0.586388111115
2	1	0.628171920776
2	1	0.839745998383
2	1	0.746415138245
2	0	0.826384782791
2	1	0.639816045761
2	1	0.573189020157
2	0	0.788060903549
2	1	0.693059921265
2	1	0.586498975754
2	0	0.679809093475
2	0	0.693104982376
2	1	0.99960398674
2	1	0.679785966873
2	0	0.55989408493
2	1	0.693202972412
2	0	0.879702091217
2	1	3.09223794937
2	1	0.894696950912
2	1	0.666379928589
2	1	0.693160057068
2	1	3.79877114296
2	0	1.09294199944
2	0	1.73271083832
2	1	1.55949997902
2	1	0.893051862717
2	1	1.45289111137
2	1	1.73285007477
2	1	0.854775190353
2	1	0.719841003418
2	1	0.574823856354
2	0	0.774738073349
2	1	0.973014831543
2	1	0.733128070831
2	1	0.70639705658
2	1	0.653072834015
2	1	0.626430988312
2	1	0.54644203186
2	1	0.666444063187
2	1	0.786374092102
2	1	0.668089866638
2	0	1.03964805603
2	1	0.813097000122
2	1	0.706394910812
2	1	1.3061671257
2	0	0.746333122253
2	1	0.693174123764
2	1	0.81311583519
2	1	0.799748897552
2	0	0.466500043869
2	0	0.959682941437
2	1	1.47964000702
2	1	0.626459121704
2	1	0.79971909523
2	0	0.626484155655
2	1	0.639858961105
2	1	0.786401987076
2	1	0.826340913773
2	1	0.679739952087
2	0	0.841421842575
2	1	0.94643497467
1	1	0.706436872482
1	1	0.559778928757
1	1	0.559814929962
1	1	0.573210000992
1	1	0.546543121338
1	1	0.614907026291
1	1	0.506514072418
1	0	0.628132104874
1	1	0.546468019485
1	1	0.466506958008
1	1	0.346572875977
1	1	0.306529045105
1	0	0.428194999695
1	1	0.5597448349
1	0	0.799713850021
1	1	0.519851922989
1	1	0.653091907501
1	0	0.733076810837
1	1	0.719710826874
1	1	0.719717025757
1	1	0.706434965134
1	0	0.81303191185
1	0	0.70640707016
1	0	0.586409091949
1	0	2.10583114624
1	1	1.22623109818
1	0	1.02797293663
1	0	0.79975605011
1	0	3.54539203644
1	1	1.31949996948
1	0	0.906446218491
1	1	0.62807393074
1	0	1.37281823158
1	0	3.68034100533
1	1	3.19891214371
1	1	0.879739999771
1	1	2.19925999641
1	1	3.37215805054
1	1	1.239538908
1	1	1.79941606522
1	1	0.666445970535
1	1	2.23923587799
1	1	0.799738883972
1	0	0.586422920227
1	0	1.75933694839
1	0	0.826359987259
1	1	4.10530805588
1	1	1.05292606354
1	1	1.19953107834
1	1	0.773051023483
1	1	1.3594391346
1	1	0.613152980804
1	0	0.573152065277
1	1	0.759727954865
1	1	0.668163061142
1	1	0.559819936752
1	1	0.453147172928
1	0	0.519850969315
1	1	3.53221416473
1	0	1.53283286095
1	1	5.22484493256
1	1	0.759744882584
1	1	0.586475133896
1	1	0.559824943542
1	1	0.493151903152
1	1	0.573073863983
1	0	1.37275290489
1	1	0.546519041061
1	1	0.573074817657
1	1	0.679769992828
1	1	0.639847993851
1	1	0.399888038635
1	1	0.599853038788
1	1	0.58827495575
1	1	0.799749851227
1	1	0.519767045975
1	1	0.506438016891
1	1	0.334819078445
1	0	0.574779033661
1	1	0.493105888367
1	1	0.506473064423
1	1	0.388185977936
1	1	0.626418113708
1	0	0.828049898148
1	1	0.559849977493
1	0	0.559746980667
1	1	0.98632979393
1	1	1.57279896736
1	1	0.57311296463
1	1	0.479845046997
1	0	0.613076925278
1	1	1.93273210526
1	1	0.573077917099
1	1	0.746440887451
1	0	0.746338844299
1	0	2.16102099419
1	1	0.573155879974
1	1	0.906327009201
1	1	0.628193855286
1	1	0.733132839203
1	1	0.586402893066
1	1	0.786384105682
1	1	0.759750127792
1	1	0.546500921249
1	0	0.586485862732
1	1	1.03965497017
1	1	0.519816160202
1	1	0.386417150497
1	1	0.573156118393
1	1	0.533146858215
1	1	0.373231887817
1	1	0.333157062531
1	1	0.374887943268
1	1	0.654792070389
1	1	0.586399078369
1	1	0.588118076324
1	0	0.373171806335
1	1	0.613130092621
1	1	0.533118009567
1	1	0.346566915512
1	1	0.519860982895
1	1	0.61311006546
1	0	0.34832906723
5	1	0.733117818832
5	1	0.573204040527
6	1	0.413172960281
5	1	0.466542959213
5	0	0.399812936783
5	1	0.479826927185
5	0	0.87970495224
6	1	0.85310792923
5	1	0.466557025909
6	0	1.01464509964
6	1	0.906271934509
6	1	0.428344011307
6	0	0.493222951889
6	1	1.75945496559
5	0	0.866367816925
5	1	0.881347894669
5	1	0.893009901047
6	0	1.09289622307
6	1	0.599796056747
6	0	0.626389026642
6	1	2.21258592606
5	0	0.746343851089
6	1	0.92143702507
5	1	0.75972700119
6	1	0.69312620163
6	1	0.639796972275
5	1	0.733109951019
6	0	0.373273849487
6	1	0.613080978394
5	1	0.693171024323
5	1	0.734779834747
6	1	1.15957689285
6	0	0.786424160004
6	0	1.69270610809
6	1	0.868003129959
6	1	0.694772958755
6	1	0.666430950165
5	1	0.506462812424
5	0	0.399757862091
5	1	0.667989015579
6	1	0.573116064072
6	0	0.586357831955
6	0	0.933052062988
6	1	0.639863967896
6	1	0.653062105179
5	1	0.93296289444
6	0	1.14622092247
6	1	0.986325979233
6	0	1.3878839016
5	1	0.679807186127
6	1	0.559859037399
5	1	0.893034934998
5	1	0.746385812759
6	1	0.666436910629
6	0	0.719810962677
5	1	0.533103227615
5	1	1.14792895317
6	1	0.706403970718
5	0	1.51955604553
6	1	1.82606697083
5	1	2.69241905212
6	1	0.53317284584
6	1	0.439830064774
5	1	0.453124046326
6	1	0.932996988297
6	1	0.519809007645
6	1	0.51987195015
5	1	0.639792919159
5	1	1.47943091393
5	0	0.706362962723
5	0	0.573103189468
5	1	0.708263158798
5	0	0.826397180557
5	0	0.773049116135
5	1	0.653067827225
5	1	1.1595480442
5	1	0.479807138443
6	1	0.439900875092
5	0	0.534827947617
5	0	0.906378030777
5	0	1.59942007065
5	1	0.679833889008
5	1	0.773108959198
6	0	0.626480102539
6	1	0.666471004486
5	1	1.50622200966
6	1	1.41289997101
5	1	2.31919288635
5	0	0.546445131302
6	1	0.494883060455
6	1	0.586472988129
6	1	0.853044986725
6	1	0.799711942673
6	0	0.786375999451
6	1	0.573096990585
5	0	0.786386013031
5	1	1.23963093758
5	1	1.03963088989
5	0	1.03968715668
6	1	1.1196000576
5	0	0.906466007233
6	0	0.919722080231
5	0	0.706386089325
5	1	0.706429004669
5	1	0.773064136505
6	0	1.11957883835
6	1	3.46545004845
5	1	0.719731092453
6	1	0.534955978394
6	1	0.826411962509
5	1	0.879776954651
6	1	0.91964006424
6	0	0.69309091568
5	1	0.959610939026
6	1	0.974591970444
6	1	0.853074073792
5	1	1.50609111786
6	1	0.679711103439
6	0	0.6263859272
5	1	0.893062829971
5	1	3.54554510117
6	1	0.89301609993
6	0	0.733093976974
6	0	2.75906300545
4	1	0.813032865524
4	1	0.533207893372
4	0	0.466482877731
4	1	1.6927819252
4	0	0.666448831558
4	1	0.694799900055
4	0	0.893123149872
4	1	1.10622811317
4	1	0.668182849884
4	1	1.1729619503
4	1	0.666445970535
4	1	0.613143920898
4	1	0.668274879456
4	1	0.626446962357
4	0	0.853036880493
4	1	0.559875965118
4	1	0.573113203049
4	1	0.626523971558
4	1	0.693050146103
4	0	0.799705028534
4	1	0.639768123627
4	1	0.693145990372
4	0	0.613156795502
4	0	0.999715089798
4	1	1.31955313683
4	1	2.02599692345
4	1	0.733043909073
4	1	0.614912986755
4	1	0.679813861847
4	1	1.34620881081
4	1	0.666400909424
4	1	1.41285014153
4	1	0.599875926971
4	0	0.573125123978
4	0	0.519809007645
4	1	0.693036794662
4	1	0.773043870926
4	0	0.719757080078
4	1	0.948038816452
4	1	0.799673080444
4	0	0.67976307869
4	0	1.09298396111
4	1	1.98591399193
4	1	0.706418991089
4	0	1.07959699631
4	0	1.73274183273
4	0	1.63935112953
4	1	0.773042917252
4	0	0.546462059021
4	0	0.774755954742
4	1	1.27957010269
4	0	0.813079833984
4	0	4.91836190224
4	1	0.786357879639
4	0	0.759740829468
4	1	0.586436033249
4	0	1.42612600327
4	1	0.734768152237
4	0	2.46585607529
4	1	0.812983036041
4	1	0.839737176895
4	1	0.788181066513
4	1	0.75967502594
4	1	1.02639508247
4	1	1.55949997902
4	1	0.799762964249
4	0	0.573110818863
4	1	0.679787158966
4	0	0.493138074875
4	1	0.559813022614
4	1	1.70606803894
4	1	2.94567394257
4	1	0.653052091599
4	0	0.573127985001
4	1	0.759759902954
4	0	0.839691877365
4	1	1.01295900345
4	1	1.97263288498
4	0	0.947988033295
4	0	3.9586827755
4	1	1.13471698761
4	0	0.946348905563
4	1	0.906434059143
4	1	0.734823942184
4	1	0.906342983246
4	0	0.70646905899
4	1	0.826388835907
4	0	2.01267981529
4	1	0.693054914474
4	1	1.07959699631
4	0	1.10627579689
4	1	0.574856996536
4	0	0.666506052017
4	1	1.42615008354
4	0	0.759754896164
4	1	5.9579398632
4	1	0.613070011139
4	1	0.506546974182
4	1	0.439843177795
4	1	0.439903974533
4	1	0.559886932373
4	1	0.78812289238
4	1	0.799705028534
4	1	0.613113880157
4	0	1.39955496788
4	1	1.06628894806
4	0	1.37281298637
4	1	2.09256196022
4	1	0.773012876511
4	1	4.29178094864
4	0	0.67981505394
4	0	0.853118896484
4	0	0.973012924194
4	1	1.45286798477
4	1	1.58617091179
4	1	0.746417999268
3	0	0.801480054855
3	1	0.63978600502
3	1	0.533164978027
3	1	0.599774122238
3	1	0.51982998848
3	1	0.599713802338
3	0	0.493166208267
3	1	0.866425991058
3	1	0.679829120636
3	1	0.653152942657
3	1	0.706454992294
3	0	0.626425027847
3	0	1.43956804276
3	1	4.27846717834
3	0	1.48118305206
3	0	2.09251403809
3	0	1.81277894974
3	1	0.853022098541
3	0	1.66612100601
3	0	0.866335868835
3	1	0.813014030457
3	0	0.693103075027
3	1	0.948094129562
3	1	0.919600009918
3	1	0.613190889359
3	1	0.533196926117
3	1	0.5864341259
3	1	0.613056182861
3	0	0.653122186661
3	1	0.546435117722
3	0	1.55946612358
3	1	2.159263134
3	1	0.839622020721
3	0	0.853028059006
3	0	2.17258405685
3	1	3.19892215729
3	1	0.959695100784
3	1	1.06809306145
3	1	0.61318397522
3	1	0.559844017029
3	1	0.479808092117
3	1	0.453088998795
3	1	0.533157110214
3	1	0.613140821457
3	1	0.519811868668
3	1	0.693072080612
3	1	0.493238925934
3	1	1.03971004486
3	1	0.479767799377
3	1	0.601567029953
3	0	1.10623311996
3	1	0.573127031326
3	1	0.548266172409
3	1	0.546485900879
3	1	0.628075122833
3	1	0.493101119995
3	1	0.41318821907
3	1	0.733107089996
3	0	0.70643901825
3	1	0.439785957336
3	1	0.599807024002
3	0	0.639782905579
3	0	0.694894075394
3	1	0.559770107269
3	1	0.574787139893
3	1	0.75967001915
3	1	0.413115978241
3	1	0.426488876343
3	1	0.866389989853
3	0	0.653173923492
3	0	0.813068151474
3	1	0.479877948761
3	1	0.666454076767
3	1	1.1862449646
3	0	0.719773054123
3	1	0.906387805939
3	1	1.19956111908
3	0	2.14764094353
3	1	0.613181829453
3	1	0.599864959717
3	0	0.719865083694
3	1	1.17292189598
3	1	2.27922010422
3	1	0.66642999649
3	0	1.32125496864
3	1	4.06521296501
3	0	0.639836072922
3	0	0.439883947372
3	1	0.78639292717
3	1	0.666397094727
3	1	0.626463890076
3	0	0.639696121216
3	0	0.879719018936
3	1	0.839679002762
3	0	0.759615182877
3	1	0.868048191071
3	1	1.54607105255
3	1	0.506481170654
3	1	0.439798116684
3	0	0.69314289093
3	1	0.519814968109
3	1	0.772965908051
3	1	0.733177900314
3	1	0.586426019669
3	0	2.70577502251
3	0	0.439910173416
3	1	0.599802970886
3	0	0.626524925232
3	1	0.693096876144
3	1	0.493111848831
3	0	0.453094005585
3	1	0.466512203217
3	0	0.413177967072
3	1	0.506509065628
3	0	0.679816961288
3	1	0.812971830368
3	0	1.58606719971
3	0	1.53289103508
3	1	0.786414861679
3	0	0.9462890625
3	0	1.10622096062
3	0	0.719767093658
3	1	0.693013906479
3	1	0.533174037933
3	1	0.588186979294
7	1	0.548201084137
7	1	0.493230104446
7	1	0.35991191864
8	1	0.359892845154
8	1	0.506399869919
7	1	0.519752025604
8	1	0.63974905014
8	1	0.373229980469
7	0	0.466556072235
7	1	0.506526947021
8	1	0.426546812057
8	1	0.319910049438
8	0	0.413244009018
7	1	0.706426858902
7	1	0.506458044052
8	1	0.573061943054
7	1	0.453175067902
7	1	0.426567077637
7	0	1.22622108459
8	1	0.548280954361
7	1	0.559798955917
8	1	0.479825973511
8	1	0.58824801445
7	1	0.586513996124
8	1	0.548180103302
8	1	0.573096990585
7	1	0.506509065628
8	1	0.533116102219
7	1	0.453210830688
7	0	0.533190965652
7	1	0.679682970047
8	1	0.639709949493
8	1	0.386466026306
7	1	0.759782791138
7	1	0.37322306633
8	1	0.39982509613
8	0	0.346538066864
7	1	0.559787034988
8	1	0.519897937775
8	1	0.70642209053
7	1	0.679730892181
7	1	0.733057022095
7	1	0.826413869858
8	0	0.973103046417
8	0	1.12136483192
8	1	1.57450485229
8	0	0.853082895279
7	1	3.16064596176
7	1	0.626484870911
7	0	0.559794902802
7	0	0.601679801941
7	1	0.759666919708
8	1	1.15964102745
8	1	0.853029966354
8	1	1.03963804245
7	1	0.653129816055
7	0	0.599752902985
7	1	1.10637307167
8	1	0.932913064957
8	1	0.813066005707
8	1	1.53281807899
8	0	0.986356019974
7	1	0.799655914307
7	1	0.47977399826
8	0	0.921397924423
7	0	0.626384973526
7	0	0.626379013062
7	0	0.774898052216
8	1	0.746377944946
8	1	0.826380968094
7	1	0.413240909576
7	0	0.574786901474
7	1	0.759806871414
7	0	1.21464300156
7	1	0.679805994034
7	0	0.679697990417
7	1	1.01296401024
7	1	0.826323986053
7	1	0.559873104095
8	1	0.453216075897
7	0	0.479799032211
7	1	0.599804878235
8	1	0.613154888153
8	1	0.293274879456
8	1	0.493072986603
7	1	0.466488838196
8	1	0.719795942307
8	1	0.639697790146
7	0	0.98798084259
7	1	0.586369991302
8	1	1.17288613319
8	0	1.23954796791
7	1	4.5184340477
7	1	0.693056821823
8	1	1.01298594475
7	1	6.06461381912
8	1	0.626505851746
7	1	0.559813022614
8	1	0.668162107468
7	1	0.519782066345
8	1	0.586431026459
7	0	0.586462974548
8	0	0.786423921585
8	0	0.534883022308
8	1	0.599850893021
7	1	0.453212976456
8	1	0.506472110748
7	1	0.599771976471
8	0	0.586485147476
7	1	0.653043985367
7	1	0.559867143631
8	0	0.78631901741
7	1	0.574833869934
8	1	0.626478910446
7	1	0.546383857727
8	1	0.786424875259
8	1	3.34552192688
7	1	1.57454395294
7	0	2.39922404289
7	0	0.599772930145
8	1	0.493102073669
7	1	0.946399211884
8	1	0.679790973663
8	1	6.74433493614
8	0	0.533160924911
8	1	0.599766969681
7	1	0.453186035156
5	1	0.548194169998
5	0	0.479829072952
6	1	0.453094959259
5	1	0.453180074692
5	1	0.559820175171
6	1	0.613116979599
5	1	0.559859037399
6	1	0.479753017426
6	1	0.906400918961
6	1	0.49317407608
6	0	0.399809122086
6	1	0.519782066345
6	1	0.481531143188
5	0	0.533096075058
6	1	0.559850931168
5	0	0.693037986755
6	0	0.893023967743
5	1	1.70602202415
6	1	0.908048868179
5	1	0.826456069946
5	1	1.01289701462
5	0	0.919661045074
5	1	0.546550989151
6	1	0.70642209053
5	1	0.693197011948
5	1	0.466463088989
6	1	0.493214845657
5	0	0.479820013046
5	0	0.746462106705
6	1	0.786400079727
5	1	0.639752149582
5	1	0.826356887817
6	1	0.613095998764
5	1	0.614759922028
5	1	0.813028097153
6	0	0.746344089508
6	1	0.533155918121
6	1	0.653116941452
5	0	0.653098106384
5	1	0.759701013565
6	0	0.588174104691
6	0	0.773123979568
5	1	0.506518125534
6	0	0.548204898834
5	1	0.839733123779
6	1	0.613103151321
5	1	0.599806070328
5	1	1.17291212082
6	0	0.573140144348
6	1	0.639787912369
6	0	0.853114128113
5	1	1.05297899246
6	1	0.813029050827
6	1	0.559878110886
5	1	0.813037872314
6	1	0.839667081833
5	1	0.89305305481
5	1	0.853097200394
6	1	0.494874000549
5	1	0.733128070831
5	0	1.43953490257
5	0	0.959702014923
5	1	0.932939052582
5	0	0.959686994553
5	1	0.588367938995
6	1	0.839653015137
5	0	0.613073825836
5	1	0.559706926346
5	1	0.653077125549
6	1	0.666435956955
5	1	0.906368017197
5	0	0.892960071564
6	1	0.839688062668
6	1	1.01295685768
6	1	0.573082923889
5	0	1.02632308006
5	1	0.773065090179
5	1	0.626505851746
6	1	0.573117017746
5	0	0.654777050018
5	0	0.77314209938
6	0	1.34618997574
6	1	0.999619007111
6	1	0.559714078903
5	1	0.826434135437
5	1	0.57307600975
6	1	0.893003940582
6	0	0.599704027176
6	1	0.693027019501
6	0	0.986320018768
6	1	2.19920897484
5	1	0.959692001343
5	1	1.17289710045
6	1	1.01294779778
5	1	1.37460303307
6	1	0.586482048035
6	1	1.01299786568
5	1	0.599796056747
5	1	0.546486854553
6	1	0.519879817963
6	1	0.57310295105
6	1	0.533089876175
5	0	0.439858913422
5	0	0.626410961151
5	1	0.693094968796
5	1	0.626575946808
5	1	0.708148002625
5	1	0.799706935883
6	1	0.732966899872
6	1	0.613066911697
6	0	0.479789018631
5	0	0.548210144043
5	1	0.533086061478
5	1	0.626482963562
5	1	1.55953502655
5	1	0.546477079391
6	1	1.05462288857
5	1	0.719771146774
5	1	0.786475896835
6	0	0.866346120834
6	1	0.57306599617
6	1	0.813086032867
6	1	0.719779014587
6	1	1.55950498581
6	0	0.933088064194
5	0	0.82643198967
6	1	0.773066043854
6	0	0.679814100266
6	0	0.77307510376
6	1	1.2528450489
6	1	0.519820928574
6	1	0.535490989685
6	0	0.599802970886
6	1	0.546458959579
5	0	0.439873218536
5	1	0.95959687233
5	1	0.773113012314
6	1	0.559756040573
5	1	0.586441040039
6	0	0.919675111771
5	0	0.839730978012
6	0	0.853001117706
6	1	0.89305305481
5	0	1.2395169735
6	1	0.548190832138
5	0	0.839710950851
6	1	0.826337814331
5	1	0.706452131271
5	1	1.91933894157
6	1	0.546413898468
5	1	0.679733991623
5	1	0.626556873322
5	0	0.879677057266
5	1	0.613044023514
5	0	0.826329946518
5	0	2.53248596191
6	1	0.613070011139
5	1	0.519912958145
5	1	0.466516971588
6	1	0.533118009567
5	1	0.519909143448
6	1	0.519862890244
5	1	0.493136882782
5	1	0.733026981354
6	1	0.493251085281
5	1	0.546490907669
5	1	0.761466026306
5	0	0.639734983444
5	1	0.533195972443
5	0	0.626546144485
6	1	0.866358995438
5	0	0.893018007278
5	1	0.746383905411
6	1	0.52160692215
6	1	0.799752950668
6	0	0.679736852646
5	1	0.668101072311
6	1	0.773020029068
5	1	0.4798848629
5	0	0.799769163132
5	1	0.466532945633
6	1	0.866296052933
6	1	0.453108072281
6	1	0.599853992462
5	1	0.533041954041
6	1	0.668132066727
6	0	0.639842987061
6	1	0.719749927521
5	1	0.519777059555
5	1	0.58648109436
6	1	0.493104934692
6	0	0.373224020004
6	0	0.733114004135
5	1	0.639805793762
5	1	0.693066835403
5	1	0.414885997772
6	0	0.373222827911
6	1	0.573127985001
6	0	0.493069171906
5	1	0.946317195892
5	0	0.639755010605
6	1	0.626385211945
5	1	0.546438217163
6	1	0.573148012161
6	1	0.599791765213
6	1	0.613102912903
6	1	0.533136844635
6	1	0.773165941238
5	1	0.599795103073
5	0	1.30624604225
6	0	0.879663944244
5	1	0.693115949631
5	0	2.13265681267
6	1	2.03927183151
5	0	1.75940704346
6	0	1.34622502327
6	1	1.51940608025
5	1	0.999604940414
5	0	0.893079996109
6	1	0.668023109436
6	1	0.626461029053
5	1	0.813077926636
5	1	0.679718971252
6	1	0.546445846558
6	1	0.613049030304
5	1	0.654814004898
5	0	1.51954984665
6	1	0.759713172913
5	1	0.733100175858
5	1	0.946350097656
5	1	0.826421022415
5	1	1.9326300621
6	1	1.3195400238
6	1	1.06811594963
5	1	0.693155050278
5	1	0.626399993896
5	1	0.706350803375
6	1	0.786427974701
5	1	0.586455821991
6	1	0.54648900032
6	1	0.573087930679
6	0	0.546459913254
6	1	0.826458930969
6	1	0.733057975769
5	1	0.613075017929
6	1	0.868077993393
6	1	0.679779052734
5	0	1.85264515877
6	1	0.546468019485
6	1	0.733079910278
6	0	0.719678163528
6	1	0.586391925812
5	1	0.613108158112
6	1	0.919611930847
6	1	0.719804048538
6	1	0.84152007103
5	1	0.626493930817
5	1	0.946403980255
5	1	0.894738912582
6	1	0.919726133347
5	1	0.706452846527
6	1	0.761405944824
5	1	0.706372976303
4	1	0.586453914642
4	1	0.719805955887
4	1	0.746423006058
4	1	0.813038825989
4	0	0.559758901596
4	0	0.506525039673
4	0	0.773111820221
4	1	3.27886104584
4	1	0.854784965515
4	1	0.986344099045
4	1	1.81279110909
4	0	0.879681825638
4	1	0.733067035675
4	0	1.93258810043
4	0	0.786385059357
4	1	0.761385917664
4	1	0.599812030792
4	0	0.83969783783
4	1	0.666423797607
4	0	0.799690961838
4	0	1.03959798813
4	1	0.839698076248
4	0	2.19920897484
4	1	0.746338129044
4	0	1.23952889442
4	1	0.853041887283
4	0	1.29288101196
4	0	0.879626989365
4	0	0.613102912903
4	1	0.746363162994
4	1	2.17261600494
4	0	0.679785013199
4	1	0.653033018112
4	1	1.06628394127
4	1	1.17297101021
4	0	0.679780006409
4	1	2.59898781776
4	1	1.26626896858
4	1	0.799733877182
4	1	0.826422929764
4	0	0.746424913406
4	1	0.441487073898
4	1	0.626510858536
4	1	1.03964996338
4	1	1.09298110008
4	1	0.466428995132
4	1	0.559728860855
4	1	0.386538028717
4	1	0.546511888504
4	1	0.732982158661
4	1	0.559832811356
4	0	0.519793987274
4	1	0.826388835907
4	0	0.653086900711
4	1	3.01237297058
4	0	1.69278097153
4	1	0.639847993851
4	0	1.07959485054
4	1	0.588138103485
4	1	0.694891929626
4	1	0.706429004669
4	1	0.586496114731
4	1	0.439872026443
4	1	0.533241033554
4	0	0.853083848953
4	1	0.894706010818
4	1	0.733085155487
4	1	0.919723987579
4	0	1.26625394821
4	0	1.02631783485
4	1	0.853051185608
4	0	0.626395940781
4	1	0.946392059326
4	1	1.46622490883
4	1	0.7464427948
4	1	2.63901591301
4	1	0.959747076035
4	1	0.893025875092
4	0	1.74772405624
4	0	0.934692144394
4	1	0.733144044876
4	1	0.8797519207
4	0	1.63940787315
4	0	0.866399049759
4	0	0.826323986053
4	1	1.57270693779
4	1	4.43855690956
4	0	3.03894710541
4	0	0.866372108459
4	0	0.639746904373
4	1	0.559817075729
4	1	0.533160924911
4	1	0.533115148544
4	1	0.719653844833
4	1	0.42658996582
4	0	0.666388988495
4	0	1.02628588676
4	1	0.746468067169
4	1	0.733115911484
4	1	0.786335945129
4	1	0.81304192543
4	1	0.414903879166
4	0	0.626526117325
4	1	1.01300001144
4	1	1.98594903946
4	1	1.33291506767
4	1	1.10629487038
4	1	1.59939098358
4	0	0.748068094254
4	0	1.74599194527
4	1	0.972930192947
4	1	0.599855899811
4	1	1.73275399208
4	1	1.13297200203
4	0	0.787980794907
4	1	0.613137960434
4	1	0.586413860321
4	1	0.628131866455
4	1	0.559817075729
7	1	1.05298495293
8	0	1.03965878487
8	1	0.573132038116
7	1	0.546499013901
7	1	0.559739112854
7	1	0.908126115799
7	1	0.799717903137
7	0	0.974733114243
8	0	1.15961408615
7	0	2.2125749588
8	1	0.519794940948
8	1	0.586508989334
8	1	0.521507978439
7	0	0.759763002396
8	1	0.773068189621
7	1	0.773042917252
7	1	0.974670886993
7	1	0.559904098511
8	0	1.06634402275
8	1	0.813045024872
8	1	0.559863805771
8	1	0.666486024857
7	1	0.626429796219
8	0	0.614730834961
7	0	0.759778022766
8	1	0.959707021713
7	1	2.43917894363
7	1	0.892988920212
8	0	0.866346120834
7	1	0.799740076065
8	0	0.839656829834
8	1	0.786330938339
7	1	0.559761047363
7	0	0.573243141174
8	1	0.519873142242
7	1	0.666413068771
8	1	0.679749011993
8	1	0.573222875595
8	1	1.22615408897
7	1	1.46791100502
7	1	0.573158979416
7	1	0.546501159668
7	1	0.653064966202
8	1	0.253168106079
7	1	0.428178071976
8	1	1.18624210358
7	1	2.02785611153
8	1	0.653048992157
7	1	1.36127185822
7	0	3.73199796677
8	1	0.626488924026
8	0	0.613169193268
8	1	1.94597792625
7	0	3.63874387741
7	1	0.586416006088
7	0	1.50776219368
7	0	3.71876811981
8	0	0.586483001709
8	1	0.559841871262
8	1	1.22623586655
7	1	0.508271217346
7	1	0.519912958145
8	1	0.626556158066
8	0	0.653112888336
8	1	0.706476926804
8	1	2.09265899658
8	0	3.86537408829
8	1	0.548180103302
7	1	0.626379013062
7	1	0.653152942657
8	1	2.33251595497
8	0	0.466486930847
8	1	4.74496197701
7	1	0.759680986404
8	1	0.508724927902
8	1	0.599731206894
7	1	0.54646396637
8	1	0.559831857681
8	1	0.414957046509
8	1	0.892951011658
8	1	0.493247032166
7	1	0.586396932602
8	0	0.828106164932
7	1	1.23956799507
8	0	1.1063849926
7	0	1.2928879261
8	0	5.39815092087
7	1	0.773014068604
7	1	3.55872797966
7	0	6.19781208038
8	1	0.733110904694
7	1	0.588155984879
8	1	0.559745073318
8	1	0.413235902786
8	1	0.51975607872
7	1	0.51985001564
8	1	0.533073186874
7	0	0.413219928741
8	0	0.66646695137
8	1	1.02629685402
7	1	0.866379022598
8	1	0.746410131454
8	1	1.34623479843
7	1	3.83859419823
7	0	4.41185283661
8	0	0.439821004868
7	1	0.932974100113
7	1	8.37031602859
7	1	0.57311296463
7	1	0.868035078049
1	1	0.746387958527
1	1	0.493232011795
1	0	0.426549196243
1	1	0.559870958328
1	1	0.586430072784
1	1	0.546438932419
1	1	1.03965711594
1	1	0.479878902435
1	0	0.506497859955
1	1	0.506379842758
1	1	0.586405992508
1	0	0.879662036896
1	1	0.906344890594
1	1	0.55980181694
1	0	0.934784889221
1	1	0.439790010452
1	1	0.453202962875
1	1	0.439841985703
1	1	0.546499013901
1	0	0.479737997055
1	0	0.559825181961
1	1	1.41283202171
1	1	0.679850101471
1	0	0.599846839905
1	1	0.626475095749
1	1	0.626467943192
1	1	0.599750041962
1	1	0.493149995804
1	1	0.559770107269
1	1	0.493129968643
1	1	0.454875946045
1	1	0.453127861023
1	1	0.546478033066
1	1	1.54610490799
1	1	0.653048992157
1	1	0.639852046967
1	1	0.613191127777
1	1	0.613152980804
1	1	0.666425943375
1	0	0.653067827225
1	0	0.599728822708
1	1	0.5463950634
1	1	0.559801101685
1	1	0.613197803497
1	0	0.559810876846
1	0	0.479906082153
1	0	0.626541137695
1	1	0.719774007797
1	0	0.53314614296
1	1	4.41188693047
1	0	1.59944009781
1	1	0.89302611351
1	1	0.853022813797
1	1	0.906452178955
1	1	1.09294700623
1	1	0.773056030273
1	1	0.732995033264
1	1	0.853010892868
1	0	0.813055992126
1	1	0.946408033371
1	1	1.50618290901
1	0	0.519854068756
1	1	0.868118047714
1	1	0.559805870056
1	1	0.519788980484
1	1	0.733143806458
1	1	0.546429872513
1	1	0.519894123077
1	1	1.37282705307
1	1	3.11881899834
1	0	0.574813127518
1	0	0.694787025452
1	1	0.986373901367
1	1	2.71905183792
1	0	0.533198833466
1	1	0.973073005676
1	1	2.94563102722
1	1	0.519885063171
1	1	0.614940881729
1	1	0.280004024506
1	1	0.533143043518
1	1	0.519900083542
1	0	3.61207604408
1	1	0.83967590332
1	1	0.628206014633
1	1	0.426528930664
1	1	0.613107204437
1	1	0.399853944778
1	1	0.521462917328
1	1	0.946278095245
1	0	1.70614004135
1	1	0.734753131866
1	0	0.666500091553
1	1	0.57313990593
1	1	0.879674196243
1	1	1.34620499611
1	0	1.83934783936
1	0	0.773159980774
1	1	0.519771099091
1	0	1.13298606873
1	0	1.23959612846
1	0	0.693125009537
1	1	0.50825881958
1	1	0.679707050323
1	1	0.453261137009
1	0	0.559861183167
1	1	0.826402902603
1	0	0.866383075714
1	1	1.46618008614
1	0	1.5727930069
1	1	0.786332845688
1	1	0.66809797287
1	1	1.85269999504
1	1	0.866374015808
1	0	0.546498060226
1	1	0.66642999649
1	1	0.946286916733
1	0	0.519807100296
1	0	0.546473026276
1	1	1.83935594559
1	1	1.05469918251
1	1	0.82631111145
1	1	0.693132162094
1	1	0.813061952591
1	1	1.21282482147
1	1	0.813137054443
2	1	0.626421928406
2	0	0.813079833984
2	1	0.59983921051
2	1	0.639816045761
2	1	0.46649312973
2	1	0.826423883438
2	1	0.973015069962
2	0	0.614834070206
2	1	0.493217945099
2	1	1.14630103111
2	0	0.908020973206
2	1	1.33456897736
2	1	1.34622812271
2	1	4.41180300713
2	1	0.774776220322
2	1	0.759752988815
2	1	1.55943489075
2	0	3.3722038269
2	1	0.453158855438
2	1	0.519807100296
2	0	0.586411952972
2	0	0.759735107422
2	1	1.89272499084
2	0	1.37293481827
2	1	0.839619874954
2	0	0.746380090714
2	1	0.586457014084
2	1	0.453096866608
2	0	0.774839878082
2	1	0.67978811264
2	1	0.573141098022
2	0	0.972941160202
2	1	2.35918998718
2	1	0.654876947403
2	1	0.774780035019
2	1	0.626416921616
2	1	0.706378936768
2	1	0.719722986221
2	1	0.73313999176
2	0	6.11788892746
2	0	0.773017883301
2	1	0.493102073669
2	1	0.479813098907
2	1	2.53256297112
2	0	0.466503143311
2	1	5.17164111137
2	1	0.693054914474
2	1	0.6798350811
2	1	0.588214159012
2	1	0.853073120117
2	1	0.799723148346
2	1	0.639816999435
2	0	0.733021020889
2	0	0.573065042496
2	0	0.694787025452
2	0	1.81263184547
2	0	1.50612092018
2	1	3.47884678841
2	1	0.83963394165
2	0	1.45284199715
2	1	2.13256216049
2	1	1.47946476936
2	0	1.10638213158
2	1	1.67945289612
2	0	8.35712409019
2	1	3.70540595055
2	1	0.573110103607
2	1	0.548249959946
2	1	0.586412906647
2	1	0.493171930313
2	1	1.13284397125
2	0	0.388209104538
2	1	0.959695100784
2	1	8.81027507782
2	1	0.759746074677
2	1	0.813056945801
2	1	5.29141187668
2	1	8.25035691261
2	0	0.826342105865
2	0	0.573173999786
2	0	5.69135594368
2	1	0.694774866104
2	1	0.826403141022
2	0	0.813037872314
2	1	0.693068027496
2	1	1.91940402985
2	1	0.653096914291
2	0	6.95752310753
2	1	0.626405000687
2	0	1.3461959362
2	0	7.79730296135
2	1	0.62804889679
2	1	0.653058052063
2	0	0.586442947388
2	1	7.07755088806
3	1	0.919673919678
3	1	0.519859075546
3	1	0.559782981873
3	0	0.37479186058
3	1	0.466494083405
3	0	0.613116025925
3	0	0.79975104332
3	1	0.401684999466
3	0	0.786422967911
3	0	0.679747104645
3	1	0.639794826508
3	1	1.17292809486
3	1	0.679777860641
3	1	0.58645606041
3	1	0.599822998047
3	0	0.639856100082
3	0	0.599756002426
3	0	0.826460838318
3	1	1.79941987991
3	0	0.893010854721
3	0	0.86630988121
3	0	1.17298293114
3	0	1.41289997101
3	1	1.11962008476
3	1	0.826326847076
3	1	0.586382865906
3	0	0.773108005524
3	1	0.626488924026
3	0	1.73444795609
3	0	2.17261791229
3	1	0.841461181641
3	1	0.799717903137
3	1	0.586408138275
3	1	0.601684093475
3	1	0.559883117676
3	1	0.479840040207
3	1	1.70773601532
3	0	0.439846992493
3	1	1.03964805603
3	0	1.02799201012
3	1	0.946386098862
3	1	0.653134822845
3	0	1.2279150486
3	0	0.613159894943
3	1	0.746450901031
3	1	2.31924200058
3	1	1.66610789299
3	1	0.7348549366
3	1	1.02628588676
3	0	0.546490907669
3	1	0.879670143127
3	1	0.493180990219
3	1	0.533257007599
3	0	0.63977098465
3	1	0.493149995804
3	1	0.493103981018
3	1	0.599834918976
3	0	0.548079013824
3	1	0.494760990143
3	1	0.773015975952
3	0	0.481500148773
3	1	0.519902944565
3	1	0.519859075546
3	1	0.533136844635
3	1	0.493178844452
3	0	0.439908027649
3	1	0.986328840256
3	0	0.653018951416
3	0	0.799767017365
3	0	0.679871082306
3	1	0.61318397522
3	1	0.839648008347
3	1	0.586418867111
3	1	0.599764108658
3	0	0.813034057617
3	1	0.559825897217
3	1	0.906327962875
3	0	0.639750957489
3	1	0.933034896851
3	1	0.866436958313
3	1	1.60105609894
3	0	1.27954912186
3	0	2.59918904305
3	0	0.906291007996
3	0	0.641508102417
3	1	0.70643901825
3	1	0.706448078156
3	1	0.679800033569
3	1	0.493168115616
3	0	0.453079938889
3	1	0.959619998932
3	1	0.493213891983
3	1	0.533164978027
3	0	0.559825897217
3	0	0.399789094925
3	1	0.54646897316
3	1	0.613126039505
3	1	0.453147888184
3	1	0.466521978378
3	0	0.641501903534
3	0	0.559849023819
3	1	3.53204894066
3	1	1.85266399384
3	0	0.98637509346
3	1	0.613117933273
3	1	0.546534061432
3	0	0.641440153122
3	1	0.639678001404
3	1	0.946271896362
3	0	0.573166847229
3	0	1.74605512619
3	1	0.599729061127
3	1	0.879771947861
3	0	0.466459035873
3	1	0.573103904724
3	0	0.466524124146
3	1	0.586480140686
3	1	0.573122024536
3	0	0.413276910782
3	1	0.439904928207
3	0	0.439897060394
3	1	0.69304394722
3	0	0.613072872162
3	0	0.933049917221
3	0	0.919717788696
3	1	0.668010950089
3	1	1.09291911125
3	1	0.599802017212
3	0	2.35918498039
5	0	1.31955385208
6	1	0.613069057465
5	0	0.77495098114
6	1	0.626425981522
5	1	0.626400947571
6	1	0.519790887833
6	1	0.788062810898
6	1	0.493189096451
5	0	0.932988882065
6	1	0.706471920013
6	0	0.773056983948
6	0	0.826416015625
6	1	1.11967086792
5	1	0.639816045761
5	1	1.15955901146
6	1	1.13289022446
6	0	0.919615983963
5	0	0.828140974045
6	1	0.573150157928
5	1	0.559813022614
5	1	0.613182067871
6	1	0.773124933243
5	1	0.626397848129
5	0	0.493185997009
6	1	0.693141937256
6	1	0.519911050797
6	1	0.919646024704
5	0	0.719758033752
5	0	0.733067035675
6	1	0.826349020004
6	1	0.853084087372
6	1	0.628146886826
6	0	0.599759101868
5	0	0.546462059021
6	0	0.5464220047
6	1	0.719753026962
5	1	0.828114032745
6	1	0.759790897369
5	1	0.959706068039
5	1	0.866456031799
5	1	0.733038187027
5	1	0.666478872299
5	1	0.773114204407
6	0	1.65281891823
6	1	0.759764909744
6	0	0.906322002411
5	0	1.81443595886
5	0	0.759737014771
5	1	1.86600613594
5	1	1.2261929512
5	1	0.679785013199
6	1	0.666426897049
6	1	0.666448116302
5	1	0.879714012146
5	1	0.561466217041
5	1	0.573022127151
6	0	0.719757080078
5	1	0.746443986893
6	1	0.679799079895
6	1	0.586529016495
5	1	0.54815196991
6	1	0.826397180557
6	0	0.613206863403
6	1	0.533173799515
6	1	0.573092937469
6	1	0.653104066849
5	1	0.773060083389
6	1	1.0396668911
5	1	0.46821308136
5	1	0.866348981857
6	1	0.613127946854
6	0	0.853041887283
6	1	0.786305904388
6	1	1.30624103546
6	0	0.653095960617
5	1	0.546469926834
5	1	0.481465101242
5	1	0.854636192322
5	0	0.919680118561
5	0	1.53458094597
5	1	0.706508874893
6	0	0.986404895782
6	1	0.813081026077
5	1	0.519845962524
6	0	0.919769048691
5	1	0.548224925995
5	1	1.39957094193
6	1	0.759796857834
6	1	1.26620388031
6	1	0.826411962509
5	0	0.879719018936
6	0	0.90632891655
5	1	1.23955202103
5	0	0.919718980789
6	1	0.559815883636
5	0	1.82608890533
5	0	0.853034973145
5	1	0.533087968826
5	0	0.679785966873
6	1	0.946303844452
6	0	1.21288919449
5	1	0.599876880646
6	1	1.99928283691
5	1	0.613078117371
6	1	0.639744997025
5	0	2.07927298546
5	1	1.30619382858
6	1	1.0147922039
5	1	1.45277404785
6	1	0.453099966049
6	0	0.413110971451
6	1	1.12120199203
6	1	1.1329228878
6	1	0.681491136551
5	1	0.494863033295
6	1	0.626410961151
6	1	0.586511850357
6	1	0.639729976654
5	0	0.559746980667
5	1	0.653052806854
5	1	0.626460075378
6	0	0.51989197731
6	0	0.4798579216
6	1	0.733180046082
6	1	0.906374931335
5	0	0.799669027328
5	0	0.653080940247
5	1	0.946411132812
7	1	1.71941709518
7	0	0.573246002197
8	1	1.17289495468
7	0	0.479807853699
8	1	0.573104143143
7	0	0.759730100632
8	1	0.73303604126
8	0	0.666501045227
7	1	0.719728946686
8	0	0.839736938477
7	1	2.3991291523
8	1	0.693109035492
8	0	0.95965886116
7	0	0.653064012527
7	0	0.908085107803
8	1	0.893086910248
7	1	0.773106813431
8	1	3.65207481384
8	1	1.73272395134
8	1	0.559818029404
7	1	0.932936191559
8	1	0.919734954834
8	1	1.10635900497
7	1	0.733124017715
7	0	0.679757833481
8	0	1.4795589447
7	0	0.706515789032
7	1	0.814847946167
8	0	0.959635972977
8	1	0.693094015121
7	1	0.906445980072
7	0	1.01295590401
8	0	0.693073034286
8	1	0.987931966782
7	1	3.44061803818
8	0	0.773066043854
7	1	0.719743013382
7	1	0.839663982391
7	0	0.693110942841
7	0	0.693079948425
7	1	0.799791097641
7	1	1.03958511353
7	1	1.45283389091
8	0	1.10635495186
8	1	0.559765100479
7	0	1.87931990623
8	1	0.788056850433
7	1	0.974715948105
7	1	0.479772806168
7	1	0.666355133057
7	0	0.599760055542
8	1	1.74604392052
7	1	0.546423912048
7	0	1.1329870224
7	0	0.919704914093
7	1	0.574866056442
8	1	0.906316995621
7	1	1.15958786011
8	1	0.506456851959
7	0	0.453083992004
8	0	0.999621868134
8	0	0.826354026794
8	1	0.586499929428
7	1	0.573074102402
8	1	0.59982919693
7	1	0.853069067001
8	1	0.586467981339
7	1	0.534898042679
7	1	1.01468801498
8	1	0.719743967056
7	1	0.653115987778
8	1	0.533200979233
8	0	0.573181867599
7	0	0.586457014084
7	1	0.613070964813
8	0	1.77262997627
7	1	0.599750041962
8	0	0.69310092926
7	1	0.73305106163
8	1	0.879728794098
8	1	0.948049068451
7	1	0.814872980118
7	0	0.94628405571
8	1	1.74776411057
8	1	0.733089923859
7	1	0.761461019516
7	1	1.45448303223
7	1	0.879606962204
8	1	0.799711942673
8	1	0.813004970551
8	0	1.89270615578
7	0	0.879777908325
7	1	0.799648046494
8	0	0.706491947174
8	1	3.03893089294
7	1	1.17291092873
8	1	0.799737930298
8	0	2.02596282959
8	0	2.41239690781
8	1	0.666444063187
7	1	0.773116827011
7	1	0.653111219406
8	1	0.573071956635
8	1	2.2126250267
8	1	1.08125591278
8	1	0.959680080414
8	1	0.599775075912
8	1	0.628140926361
8	1	0.852993965149
7	1	0.98641705513
7	0	0.852998018265
8	0	1.94600605965
7	1	1.74612593651
8	1	0.626430988312
7	0	0.559776067734
7	1	1.3345708847
8	1	0.839715957642
8	1	1.13287711143
8	1	2.31914806366
