7	1	2.19925308228
8	1	5.5580739975
7	1	5.30482006073
7	0	0.746427059174
8	1	2.91901016235
8	1	7.02417707443
7	1	0.826328992844
8	1	0.748059034348
7	1	4.55834889412
8	1	0.90630197525
8	1	1.18633818626
8	1	0.733063936234
7	1	0.959686040878
7	1	0.999660968781
8	1	0.639719963074
8	1	1.40115904808
8	1	0.679754972458
7	1	2.02601504326
7	1	1.19956207275
8	1	0.706411123276
7	1	0.746443033218
8	1	0.946340799332
7	1	0.493149995804
7	0	4.85159492493
8	1	3.51888203621
8	1	0.639863014221
7	0	0.548199176788
8	1	1.38621902466
8	1	2.90739893913
7	0	3.03894996643
8	1	0.574951171875
8	1	0.614818096161
7	0	0.493172168732
7	1	0.613177776337
8	1	0.719712018967
7	1	0.559834003448
8	1	0.493232965469
7	1	0.639761924744
8	1	0.626405954361
8	1	0.733047962189
8	1	0.799796104431
7	1	0.546534061432
8	1	1.10639190674
7	1	1.19961810112
8	1	1.45290112495
7	1	0.599755048752
7	1	0.693153858185
7	1	1.01294612885
8	1	1.7993619442
7	1	0.573050022125
8	1	0.733039140701
7	1	0.853076934814
7	1	0.479801177979
7	1	0.519856929779
8	1	0.599687099457
7	1	0.426538944244
7	1	0.519762992859
7	1	0.599735021591
7	1	0.586575984955
7	1	0.78639793396
8	1	0.733070850372
7	1	0.801429986954
8	0	0.614840984344
7	1	0.613142967224
8	1	0.506437063217
8	1	0.533190965652
7	0	0.506483078003
7	1	0.559799909592
8	1	0.626543998718
8	0	1.81270885468
8	1	1.82603788376
7	0	0.506472110748
7	1	4.81174993515
8	1	8.46380996704
7	1	3.09229111671
7	1	1.86602210999
8	1	1.82777619362
7	1	5.47809386253
7	1	2.8789908886
8	1	1.09305810928
8	0	7.73069381714
8	1	0.733099937439
8	1	1.91931295395
7	1	0.666369199753
8	1	0.894757986069
8	1	0.586552858353
7	1	1.07957100868
7	1	0.601535081863
8	1	0.506536006927
7	1	4.97154688835
7	1	1.01297402382
8	1	0.693152189255
8	1	0.679719924927
5	1	1.37456202507
6	1	0.559859037399
5	1	1.81273198128
6	1	0.573203802109
5	1	0.519843101501
5	1	0.479823112488
6	1	0.788133859634
6	1	0.613072872162
5	0	3.19887709618
5	0	0.746401071548
6	1	0.666447162628
5	1	2.30593109131
6	1	0.653105974197
5	1	0.588108062744
5	1	0.519763946533
6	1	0.519900083542
5	0	0.546386003494
6	1	0.654885053635
5	1	0.919688940048
5	1	1.71940994263
6	1	1.54613995552
5	1	0.626406908035
5	1	0.719813108444
5	1	0.573131084442
6	1	0.506526231766
6	1	0.494918823242
6	1	0.799763917923
6	1	0.719786882401
6	0	1.98594498634
5	1	0.479935884476
6	1	0.506464958191
6	1	0.521609067917
6	1	0.519944906235
6	0	0.759696006775
5	1	1.09293007851
5	0	1.7060520649
5	1	0.746420145035
6	0	1.53286504745
5	1	2.39916801453
6	1	3.33215093613
5	1	0.706476926804
6	1	0.733062028885
5	1	0.639759063721
5	1	0.586534976959
5	1	0.893002986908
5	1	0.533104896545
6	0	0.519798994064
6	1	2.38591909409
6	0	0.546457052231
5	0	0.426464080811
5	1	0.493180990219
5	1	0.706432819366
5	0	0.613098859787
6	1	0.51978302002
6	0	0.519780158997
5	1	0.546419143677
6	1	1.26618695259
5	1	2.43911290169
5	1	0.493135929108
6	1	2.11927700043
6	1	4.62503099442
6	0	3.5588259697
5	1	2.78567409515
5	1	1.35947084427
6	0	0.359880924225
5	0	0.386579036713
6	1	2.0526239872
6	1	0.759760141373
6	1	0.639781951904
6	0	0.493191003799
5	0	0.359791040421
5	0	0.466459035873
5	1	2.83894515038
6	1	0.919647932053
5	0	0.46653008461
6	1	0.639781951904
5	1	7.61065793037
5	1	0.839756965637
6	1	0.546451091766
6	1	0.466480016708
6	1	0.58646607399
5	1	1.01298713684
6	0	0.682156085968
5	1	3.38550400734
6	1	0.746459960938
5	0	0.546555042267
5	0	0.6930539608
6	1	0.533153057098
5	1	0.748221158981
5	0	0.759719848633
5	0	1.0130200386
6	1	0.386635065079
5	0	9.09016489983
5	1	0.839706897736
5	1	2.79907202721
5	0	0.706396818161
6	1	0.414951086044
6	1	0.454884052277
6	1	0.466572999954
6	1	0.426457881927
6	0	0.63986992836
6	1	1.0663588047
5	1	0.826354980469
5	1	0.599863052368
5	1	0.613116979599
5	1	0.57320022583
5	1	0.6281478405
5	1	0.506578922272
6	1	0.666460990906
5	1	0.506468057632
6	1	0.441600084305
5	0	0.506416082382
6	1	1.06799006462
5	1	0.519798994064
2	0	3.2922399044
2	1	0.559746980667
2	1	0.719676971436
2	1	0.46651506424
2	1	0.839753866196
2	1	0.586452007294
2	1	0.599750995636
2	1	0.548158884048
2	1	0.786441087723
2	1	0.708241224289
2	1	0.653157949448
2	0	0.466541051865
2	1	0.693133831024
2	0	0.546464920044
2	1	0.679779052734
2	1	1.17292189598
2	1	1.1062681675
2	0	2.82569503784
2	1	0.654804944992
2	1	0.706381797791
2	1	1.01304888725
2	1	0.426525115967
2	1	0.559784889221
2	1	0.466473817825
2	1	0.799725055695
2	1	0.559863090515
2	1	1.29286980629
2	1	0.734757900238
2	1	0.679777145386
2	1	1.02635002136
2	1	0.466502189636
2	1	0.533172130585
2	1	0.613133907318
2	1	0.586385965347
2	1	0.666444063187
2	1	0.559804916382
2	1	0.573033809662
2	1	0.428251981735
2	1	0.359920024872
2	1	0.61314702034
2	1	0.759807109833
2	1	0.546448945999
2	1	0.63981795311
2	1	3.91858792305
2	1	0.546427965164
2	1	0.573184013367
2	1	0.52147102356
2	1	0.746453046799
2	1	0.613168954849
2	1	0.613106966019
2	0	8.67690396309
2	1	1.29467988014
2	1	0.399873018265
2	1	3.4654610157
2	1	0.453222990036
2	0	0.559829950333
2	0	0.319946050644
2	1	0.679800033569
2	1	0.533079147339
2	1	0.693138122559
2	1	0.693003177643
2	1	0.534877061844
2	1	0.773036956787
2	1	0.719815015793
2	1	0.57319688797
2	1	0.559803009033
2	1	0.614798069
2	1	0.573207855225
2	1	0.373206853867
2	1	0.426514863968
2	0	0.413175821304
2	1	0.493165016174
2	1	0.693097114563
2	1	0.373216867447
2	1	0.519802093506
2	1	0.279982089996
2	1	0.466423988342
2	1	0.546482086182
2	1	0.826445102692
2	0	0.359822034836
2	1	0.466528892517
2	1	0.519901037216
2	1	0.413275957108
2	1	0.293283939362
2	0	0.759743928909
2	0	0.548259019852
2	0	0.546499013901
2	1	0.58641409874
2	1	1.13296103477
2	1	0.559777975082
2	1	0.519767999649
2	1	0.428241968155
2	1	0.45486497879
2	1	0.98624587059
2	1	0.453107118607
2	1	0.533170938492
2	0	0.506440877914
2	1	0.519890069962
2	0	0.694826126099
2	1	0.506539106369
2	1	0.453174829483
2	1	0.586450815201
2	1	0.519905090332
2	0	0.50644993782
2	1	0.62646818161
2	1	0.519956827164
2	1	0.746547937393
2	1	0.653175830841
2	1	0.586429834366
2	0	0.866362810135
2	0	0.546444892883
2	0	0.693115949631
2	0	0.841380834579
2	1	0.453144073486
2	0	1.87928891182
2	1	0.493143796921
2	1	0.719769954681
2	1	0.71971321106
2	1	1.01298999786
2	1	1.15965890884
2	0	1.54788398743
2	1	0.866394996643
2	0	0.359820842743
2	1	0.759768009186
2	0	0.679788827896
2	1	0.879726171494
2	1	5.35817694664
2	1	0.866430997849
1	1	3.06552505493
1	1	0.959681034088
1	1	0.546447038651
1	1	0.654791116714
1	0	0.453181028366
1	0	0.599835157394
1	1	1.06636810303
1	1	0.586433887482
1	1	0.479730129242
1	1	0.439804077148
1	1	0.386518955231
1	1	0.919701099396
1	1	0.586491107941
1	1	0.37316608429
1	1	0.399869203568
1	0	0.399831056595
1	1	0.399839162827
1	1	1.63937115669
1	1	1.35951304436
1	1	0.639806032181
1	1	0.479772806168
1	1	0.546479940414
1	1	0.614784955978
1	1	0.533180952072
1	1	0.759691953659
1	1	0.799666166306
1	1	0.428163051605
1	1	2.25255203247
1	0	2.42584085464
1	1	0.49313211441
1	1	0.519788980484
1	1	1.41284203529
1	1	0.533148050308
1	1	0.57307100296
1	0	1.39951586723
1	1	0.559852838516
1	1	0.586512088776
1	1	1.10631299019
1	1	0.453185081482
1	1	0.639793872833
1	0	0.746417999268
1	1	0.653096914291
1	0	0.519825935364
1	1	2.3191819191
1	1	0.732985019684
1	1	0.533195972443
1	1	0.653165817261
1	0	0.693094015121
1	1	0.373140096664
1	1	0.453125
1	1	0.586364030838
1	1	0.506531953812
1	1	0.439821958542
1	0	0.773081064224
1	1	0.426563978195
1	0	0.373159885406
1	0	0.306522846222
1	0	0.279957056046
1	1	0.613106966019
1	1	0.919659137726
1	1	0.98638510704
1	1	3.85361886024
1	1	0.439761161804
1	1	0.426591873169
1	1	0.413154125214
1	1	0.321644067764
1	1	0.359836816788
1	1	0.373159885406
1	1	0.334892988205
1	0	0.414887905121
1	1	0.466521024704
1	1	0.693056106567
1	1	0.588199853897
1	1	0.586511850357
1	1	0.866342782974
1	1	0.69487786293
1	1	0.614882946014
1	1	0.626541137695
1	1	0.188271045685
1	1	0.706410884857
1	1	0.626518011093
1	1	0.466591119766
1	1	0.47984790802
1	1	0.439841985703
1	1	0.439795017242
1	0	0.388215065002
1	1	0.439795017242
1	1	1.2528860569
1	1	0.639846086502
1	1	0.453103065491
1	1	0.439788103104
1	0	0.34657907486
1	1	0.399863004684
1	1	0.426437139511
1	1	0.466534137726
1	1	0.613184928894
1	1	0.533178091049
1	1	0.533130884171
1	1	0.63970708847
1	1	0.493170022964
1	1	0.679790019989
1	1	1.37282586098
1	1	0.586435079575
1	1	0.61488199234
1	1	0.546442985535
1	1	0.493196964264
1	1	0.388432979584
1	1	1.01513195038
1	1	1.72112798691
1	1	0.573100090027
1	1	0.719730138779
1	1	0.774818897247
1	1	0.533172130585
1	1	0.719803094864
1	1	0.614807844162
1	1	0.506486177444
1	1	0.626475811005
1	1	0.706481933594
1	0	0.706351995468
1	1	0.533201932907
1	1	1.21299886703
1	1	1.09290885925
1	1	1.02630710602
1	1	0.666411161423
1	1	0.959693908691
1	1	0.573063135147
1	0	0.573115110397
1	0	0.493121147156
1	1	0.240000963211
1	1	0.906347990036
1	1	0.641516923904
1	1	1.38627099991
1	1	0.533261060715
1	0	0.493108034134
1	0	0.546471118927
4	1	3.54535102844
4	1	0.586468219757
4	1	0.561511993408
4	1	0.479916810989
4	1	0.439815998077
4	0	0.733175992966
4	1	0.799702882767
4	1	0.466426134109
4	1	0.999685049057
4	1	0.546545028687
4	1	0.559768915176
4	1	0.533218860626
4	1	0.679793119431
4	1	0.559838056564
4	1	0.546478033066
4	1	0.439846992493
4	1	0.373184919357
4	1	0.453184843063
4	1	0.479793071747
4	1	0.533135890961
4	1	0.519876003265
4	1	0.599783182144
4	1	0.546475887299
4	1	0.386514902115
4	1	0.533071994781
4	1	0.439760923386
4	1	0.45316195488
4	1	3.54535508156
4	1	2.25262594223
4	1	0.653120994568
4	0	0.719732999802
4	0	0.588210105896
4	1	0.533082008362
4	1	4.4784181118
4	1	0.639753103256
4	1	0.533154964447
4	1	0.814779043198
4	1	0.546458959579
4	1	0.839702129364
4	1	0.60147190094
4	1	1.35952806473
4	1	5.3847849369
4	1	0.506479024887
4	1	0.506419181824
4	1	0.53315615654
4	1	0.586379051208
4	1	0.613092184067
4	1	0.559844970703
4	1	0.706408023834
4	1	4.4384469986
4	0	0.399785041809
4	1	0.639828920364
4	1	0.546522140503
4	1	1.03965997696
4	1	4.55835700035
4	1	0.573085069656
4	1	0.479799032211
4	1	0.533127069473
4	0	1.82603001595
4	0	2.26599597931
4	1	0.6531291008
4	1	0.47974896431
4	1	0.468205928802
4	1	0.639719009399
4	1	1.93270492554
4	1	0.614829063416
4	1	0.666457176208
4	1	2.0126080513
4	1	1.3461368084
4	0	0.546471834183
4	1	5.94452404976
4	1	1.37290000916
4	1	4.62508106232
4	1	0.613061904907
4	1	0.626408100128
4	1	0.693128824234
4	0	0.439826011658
4	0	0.653092861176
4	1	0.586409091949
4	1	0.519799947739
4	1	0.919659852982
4	1	3.78539896011
4	1	0.74644780159
4	1	0.693104028702
4	1	0.628093004227
4	1	0.693171024323
4	1	0.721451997757
4	1	0.934750795364
4	0	0.586481809616
4	1	0.813097000122
4	1	0.546530008316
4	1	0.493087053299
4	1	0.54643201828
4	1	0.468238115311
4	1	0.479842185974
4	1	2.97225689888
4	1	0.5731549263
4	0	0.506515979767
4	0	0.533078193665
4	0	0.879698038101
4	1	0.601552963257
4	1	1.18626213074
4	1	1.78784990311
4	1	0.53312420845
4	1	0.70643901825
4	1	0.746433973312
4	1	2.86563801765
4	1	0.653083086014
4	1	0.533143997192
4	1	1.05299305916
4	1	0.519752979279
4	1	0.453268051147
4	1	0.506511926651
4	1	1.22616100311
4	1	0.479902982712
4	1	0.493112802505
4	1	0.693098068237
5	1	0.639847040176
6	1	0.508250951767
6	1	0.639704942703
5	0	0.934725046158
5	0	0.49495100975
6	1	0.573140144348
5	1	3.73202610016
5	1	0.97473192215
5	1	0.599749088287
5	1	0.972979068756
6	1	0.534951925278
5	1	0.546537160873
6	1	1.09302401543
5	1	0.573155879974
6	1	0.626482963562
5	1	0.70640707016
5	1	0.639847040176
5	1	0.641511917114
5	1	0.786323070526
6	1	0.519861936569
6	1	0.546495914459
6	1	1.54615402222
6	1	0.573125123978
5	1	0.999709844589
5	1	0.533134937286
5	1	0.599833011627
5	1	2.67900085449
5	1	0.839708805084
6	1	0.626540899277
5	1	0.734726905823
5	1	0.546540975571
5	1	0.546464920044
6	1	0.599757909775
6	1	3.86529302597
5	1	3.86529493332
5	1	0.519747972488
6	1	0.533179044724
5	1	1.11963200569
6	1	0.733065843582
5	1	0.573179960251
5	1	1.14629483223
5	1	0.573194980621
5	1	1.39946913719
5	1	3.74534893036
5	0	2.41250276566
6	1	0.614873170853
5	0	0.719713926315
6	1	0.679836034775
6	1	0.85310292244
5	1	1.18800711632
6	1	0.839636802673
6	1	0.679804086685
6	1	0.906373023987
6	0	0.919723033905
5	1	2.70576000214
6	1	0.613075017929
5	1	0.613025903702
5	1	0.548141956329
5	1	0.719780921936
6	1	0.853101015091
5	1	1.85438585281
5	1	0.746380090714
6	1	6.62436699867
6	1	0.946368932724
6	1	0.586538076401
6	1	0.5198969841
5	1	0.559789180756
5	0	0.479740142822
6	1	0.786350011826
6	1	0.55984210968
6	1	0.639853000641
5	1	0.546498060226
5	1	0.479905843735
6	1	0.573225021362
5	0	0.613092184067
5	1	0.799627065659
6	1	2.29244589806
6	1	5.99792098999
6	1	6.03796386719
6	1	1.81266713142
5	1	0.654818058014
5	1	0.534885883331
5	1	0.679822921753
6	1	4.29185199738
6	1	0.586425065994
6	1	0.613186836243
5	1	0.588094949722
5	0	0.679771900177
6	1	0.494791984558
6	1	0.466497182846
6	1	2.94559121132
5	1	0.799650907516
6	1	4.09193491936
6	1	1.19952106476
5	1	0.759779214859
5	1	0.666538000107
6	1	8.5587952137
7	1	1.0396130085
8	1	0.799650907516
8	1	1.06635093689
7	1	1.11958312988
8	1	0.533181905746
7	0	0.586486101151
8	1	0.481605052948
8	1	0.586444854736
8	1	0.82817697525
7	0	2.11919188499
8	1	0.586472988129
8	1	0.586519002914
8	0	0.973083019257
8	1	0.573158025742
8	1	1.70605897903
8	1	1.02629613876
7	1	0.546447038651
8	0	3.82532095909
7	0	0.373238801956
7	0	0.279884815216
8	1	0.293235063553
8	0	0.213316202164
8	1	0.561593055725
8	0	0.706403017044
8	0	0.519897937775
7	0	0.706411123276
7	1	0.519804954529
7	0	0.413259029388
7	1	0.506425142288
7	0	0.574696063995
7	1	0.413203001022
7	0	0.653084039688
7	1	3.03894805908
7	0	0.439880847931
7	0	0.839802026749
7	1	0.493088960648
8	0	0.239953994751
7	1	0.266659975052
7	1	0.254967927933
7	0	0.266561985016
8	1	0.719716787338
8	0	0.533169031143
8	0	0.626463890076
8	1	0.588160991669
8	1	0.506452083588
8	1	0.508181095123
7	1	0.533185958862
8	1	0.559797048569
8	0	0.479875087738
7	0	0.506584882736
8	1	0.86638212204
8	1	0.55974817276
8	1	0.479741096497
7	1	0.759792089462
8	0	0.428177833557
8	0	2.94567704201
8	0	0.26663184166
8	0	3.03888607025
8	1	0.493185043335
7	1	0.494941949844
8	1	0.61489200592
8	1	0.546525001526
8	1	0.413148880005
8	1	0.508208036423
8	1	0.519805908203
8	1	0.546447992325
7	1	0.96145606041
8	1	0.506472826004
7	1	0.51975607872
7	1	0.453207015991
7	1	0.441553115845
7	0	0.506501913071
7	1	0.892997980118
7	1	0.772986888885
7	1	0.58642077446
7	1	0.51982998848
8	1	0.559854984283
8	1	0.599678039551
7	1	0.879715204239
7	0	4.12033987045
7	1	0.479811906815
8	1	0.479796886444
7	1	0.493101119995
7	1	0.47975897789
7	0	0.868158102036
7	1	0.479925870895
8	1	0.588263034821
8	0	1.15963387489
8	0	0.494817972183
7	1	0.399808883667
7	1	0.546474933624
7	0	0.239902973175
7	1	0.69314789772
8	0	0.359840154648
8	1	0.253241062164
8	1	0.679671049118
7	0	0.239859819412
8	1	0.228371858597
8	0	0.226506948471
8	1	0.202154874802
7	0	0.266606807709
7	1	1.22632908821
8	0	0.333252191544
7	0	1.47948789597
8	1	0.519784927368
7	1	0.599810838699
8	1	0.519740104675
8	1	0.559774160385
7	1	3.30544710159
7	1	0.519891023636
7	1	0.521494865417
7	1	0.586434841156
7	1	0.519825935364
8	1	0.586447000504
7	1	0.413264036179
7	0	0.533210992813
8	1	0.479829788208
8	1	0.426554918289
8	1	2.14588093758
8	0	0.548110961914
7	1	3.54535102844
8	1	4.07859587669
8	0	0.426530122757
7	1	0.653108119965
7	1	0.493141889572
7	0	0.239842176437
7	0	0.439908981323
7	1	0.613187074661
3	1	0.759803056717
3	0	0.479902982712
3	1	0.439904928207
3	1	0.506474018097
3	1	0.493217945099
3	0	0.493171930313
3	0	0.414906024933
3	1	0.426467895508
3	1	0.466476917267
3	0	0.399971008301
3	1	0.5598320961
3	0	0.493094921112
3	1	0.399887800217
3	0	0.386630773544
3	1	0.533223152161
3	1	0.666476964951
3	1	0.42653799057
3	0	0.586540937424
3	1	0.506467103958
3	0	0.573094844818
3	0	0.999594926834
3	1	0.679780006409
3	1	0.386463165283
3	0	0.733063936234
3	0	0.946327924728
3	0	0.653146982193
3	1	0.319888114929
3	1	1.21454310417
3	1	0.479894161224
3	1	0.613046884537
3	1	0.574924945831
3	1	0.599785089493
3	1	0.453263044357
3	0	0.679774045944
3	0	0.479819774628
3	0	0.361543893814
3	1	2.49410009384
3	0	1.31957507133
3	1	0.453216075897
3	0	0.479869127274
3	1	0.493268966675
3	0	0.199945926666
3	0	1.67933988571
3	0	0.519824028015
3	1	0.719754934311
3	0	0.426581144333
3	0	0.746456861496
3	1	1.0529589653
3	1	0.43985915184
3	1	0.466446876526
3	1	0.466594934464
3	1	0.479759216309
3	1	0.493192911148
3	0	0.399942159653
3	0	0.639802932739
3	1	0.453188180923
3	1	0.533102989197
3	1	0.413253068924
3	1	0.626494884491
3	1	0.399887084961
3	1	0.439872980118
3	0	0.626430034637
3	1	0.613189935684
3	1	4.45344400406
3	1	2.85237789154
3	1	0.506496191025
3	0	1.30626106262
3	1	0.519873142242
3	1	0.626426935196
3	0	1.83928108215
3	1	0.599775075912
3	0	0.746437072754
3	1	0.681433916092
3	0	0.786366939545
3	0	0.26656293869
3	1	0.639741897583
3	0	0.31995511055
3	1	0.533089160919
3	1	0.708121061325
3	1	0.479797840118
3	0	0.386595010757
3	1	0.346501111984
3	1	0.546446084976
3	1	0.879698991776
3	1	0.546389818192
3	1	0.533267974854
3	1	0.506519079208
3	1	1.02637910843
3	1	0.666426897049
3	0	0.82629108429
3	0	0.573163032532
3	1	0.586405992508
3	1	0.519812822342
3	1	0.41321516037
3	1	0.226637125015
3	0	0.614882946014
3	0	0.373194932938
3	0	0.479896068573
3	0	0.453177928925
3	1	0.186666965485
3	1	0.721376180649
3	1	0.466531038284
3	1	1.19954204559
3	1	0.466575145721
3	1	0.706387996674
3	1	0.399939060211
3	0	1.93261694908
3	1	0.559864044189
3	1	0.586450815201
3	1	0.319832801819
3	1	0.479861974716
3	1	0.573119163513
3	1	0.47981595993
3	0	0.719690084457
3	0	0.746360063553
3	0	2.51909303665
3	1	0.653017997742
3	1	0.573103904724
3	0	0.773051023483
3	1	0.519939899445
3	1	0.466646909714
3	1	0.226639986038
3	1	0.253278970718
3	0	0.613162994385
3	1	0.906413078308
3	0	0.38649392128
3	1	0.293267965317
3	1	0.373161077499
3	0	0.359787940979
3	1	0.268224954605
3	1	0.215021848679
3	1	0.253215074539
3	0	0.199935913086
3	0	0.186675071716
1	1	2.21221017838
1	1	0.612783908844
1	1	6.15666103363
1	1	0.586215019226
1	1	0.626176834106
1	1	0.906266927719
1	1	0.759963989258
1	1	0.546519041061
1	1	0.692909002304
1	1	0.63943696022
1	1	1.66569781303
1	0	2.14558506012
1	0	0.519567012787
1	1	0.626152038574
1	1	0.679497003555
1	1	0.586564064026
1	0	0.679983854294
1	1	0.280008077621
1	1	1.07944393158
1	1	0.772711992264
1	1	0.746221065521
1	1	2.78553509712
1	1	0.892910003662
1	0	1.05278611183
1	1	2.25237798691
1	1	0.626701116562
1	1	0.679530858994
1	0	1.2662320137
1	1	1.26612901688
1	1	0.533359050751
1	1	0.546667098999
1	0	0.65332698822
1	1	0.626546144485
1	0	1.41277980804
1	0	0.599774122238
1	0	5.57032394409
1	0	0.37331700325
1	1	0.533087015152
1	1	0.506413936615
1	1	0.746163129807
1	1	0.706169128418
1	1	0.813022851944
1	1	0.613367080688
1	1	0.639446020126
1	1	0.572884082794
1	1	0.639455080032
1	1	1.10605716705
1	1	0.679535150528
1	1	0.746080875397
1	1	0.58614897728
1	1	0.666295051575
1	1	0.573287963867
1	1	0.533272027969
1	1	0.693345069885
1	1	0.572984933853
1	1	0.5727891922
1	1	0.772789001465
1	1	0.546149015427
1	1	0.652923107147
1	1	0.560072898865
1	1	6.13023281097
1	1	0.599458932877
1	1	0.932911872864
1	1	0.666359901428
1	1	0.932798862457
1	0	1.71911692619
1	1	1.55952906609
1	1	2.2257630825
1	1	0.653068065643
1	1	0.653309106827
1	1	0.56001496315
1	1	0.546665906906
1	1	0.626231908798
1	1	0.492795228958
1	1	1.35948204994
1	1	0.946177005768
1	1	0.572739124298
1	1	0.532871007919
1	1	1.87917518616
1	1	0.586547851562
1	1	0.639549016953
1	1	0.666150093079
1	1	0.466069221497
1	0	1.35907411575
1	0	0.959541082382
1	1	0.546630859375
1	1	0.533334970474
1	1	0.613344907761
1	1	0.879436016083
1	1	0.546202898026
1	1	1.22597098351
1	1	0.546259880066
1	1	0.612921953201
1	1	0.452865123749
1	0	0.706239938736
1	1	0.652824878693
1	1	0.533113956451
1	1	0.853302001953
1	1	0.999493837357
1	1	0.772885084152
1	1	0.679969072342
1	1	1.02607798576
1	1	0.519515037537
1	1	0.665924072266
1	0	0.626610994339
1	1	0.519930124283
1	1	0.972875833511
1	0	0.892842054367
1	0	1.29291510582
1	1	0.906211137772
1	1	2.25238800049
1	1	0.600018024445
1	1	0.613377094269
1	1	0.586776018143
1	1	0.639519929886
1	1	0.532875061035
1	1	0.466243028641
1	1	0.679592847824
1	1	0.626358985901
1	1	0.506189823151
1	1	0.652873039246
1	1	0.560014009476
8	1	0.559572935104
7	1	0.626228809357
8	1	0.533230066299
8	1	0.440005779266
8	1	0.66641998291
7	1	0.946219921112
8	0	0.679425954819
7	1	0.6795399189
7	1	0.746520042419
7	1	0.573371171951
8	1	0.519912004471
8	1	1.31951093674
7	1	1.05279493332
7	1	0.732803821564
7	1	0.546436071396
8	1	0.599910020828
7	0	0.999543905258
7	1	0.532958984375
7	1	0.546291828156
8	1	0.546147108078
7	1	0.572921037674
8	1	0.812808036804
8	1	0.506700992584
7	1	0.786339998245
8	1	0.519526004791
7	1	0.479688167572
8	1	0.786209821701
8	1	0.492874860764
7	1	0.74617600441
8	1	0.573340177536
7	1	0.599992036819
7	0	0.466753005981
7	0	0.693253993988
8	1	1.18619084358
7	1	1.19948792458
8	1	0.586252212524
8	1	0.639455080032
7	1	0.626652002335
7	1	1.22619891167
8	1	0.799459934235
8	1	0.60004901886
7	1	0.839502096176
7	1	0.679489850998
7	1	0.692887067795
7	0	0.626673936844
7	0	2.77217507362
8	1	1.14608001709
7	0	0.573297023773
7	1	1.25278401375
7	1	0.559725046158
7	0	0.54670381546
8	1	8.8491461277
7	1	0.626058101654
7	1	0.572826147079
7	1	0.786208152771
7	1	5.0240278244
8	1	0.599447011948
7	1	0.759554862976
8	1	0.706151008606
8	1	0.626621961594
7	1	0.60005903244
7	1	0.906149148941
7	0	2.93185591698
7	1	0.586670875549
8	1	0.600069999695
8	1	0.746081829071
8	1	0.946120023727
7	1	0.666625022888
8	1	0.919527053833
8	1	0.586133003235
7	1	0.919543027878
7	0	0.986212015152
7	1	0.572869062424
7	1	0.719509124756
8	1	1.5327129364
7	1	0.720031023026
8	1	0.599925994873
7	0	0.599828004837
7	1	5.22419309616
7	1	1.13283896446
7	1	0.652725934982
8	0	0.359820127487
8	1	1.99893093109
8	1	0.586482048035
7	0	0.572951078415
7	1	1.58568406105
8	1	0.692728042603
8	1	0.612781047821
8	1	4.55780601501
7	1	0.666733026505
8	1	0.719969987869
8	1	0.572952032089
7	1	0.626207113266
8	1	0.799506902695
7	1	0.799701929092
7	1	0.826285123825
7	1	0.666182994843
7	1	0.732742071152
8	1	0.706503152847
7	1	1.22618198395
8	1	0.706274986267
8	1	0.640026092529
7	1	0.573298931122
7	1	0.759510040283
8	1	0.67955493927
7	1	1.02614092827
8	1	0.866266012192
8	1	0.812910079956
7	1	0.773401975632
8	1	0.799439907074
7	0	5.35701608658
8	1	1.55902409554
7	1	0.812877893448
8	1	0.786255121231
8	1	0.773005008698
7	1	0.679592847824
8	1	0.799477100372
8	1	0.746490955353
8	1	0.640007972717
3	1	0.61287689209
3	1	0.599489212036
3	1	0.826552152634
3	1	0.812902927399
3	1	0.572946071625
3	1	0.786151885986
3	1	0.786596059799
3	1	0.546680212021
3	1	0.559938907623
3	1	0.599385023117
3	1	1.34615015984
3	1	0.652909994125
3	1	0.546190023422
3	1	0.559487819672
3	1	0.692878961563
3	1	0.639569997787
3	1	0.559926986694
3	1	0.506672143936
3	1	0.54655790329
3	1	0.57332110405
3	1	0.520048141479
3	1	0.586707115173
3	1	1.89229989052
3	1	0.546140909195
3	1	0.66618180275
3	1	0.59990811348
3	1	0.653242111206
3	1	0.959450960159
3	1	0.919502019882
3	1	1.42611098289
3	1	0.85328412056
3	1	0.692854166031
3	1	0.986176013947
3	1	0.812847137451
3	1	2.61193203926
3	1	0.919924974442
3	1	0.772845029831
3	1	6.21026301384
3	1	0.626201868057
3	1	1.51901483536
3	1	0.852787017822
3	1	0.559710979462
3	1	0.5466401577
3	0	6.75701594353
3	1	0.560057878494
3	1	0.759531974792
3	1	0.852822065353
3	1	0.826724052429
3	1	0.613053798676
3	1	0.626116991043
3	1	2.27905201912
3	1	0.692884922028
3	1	0.639509916306
3	1	0.746216058731
3	1	0.666638851166
3	1	0.599943161011
3	1	0.746162176132
3	1	0.532882928848
3	1	0.546066999435
3	0	0.479534864426
3	0	0.83948302269
3	1	0.67968583107
3	1	0.573337078094
3	1	0.626671075821
3	1	0.520008087158
3	1	0.533327817917
3	1	0.946222066879
3	1	0.719486951828
3	1	0.573349952698
3	0	0.65340590477
3	1	0.546632051468
3	1	0.706217050552
3	1	0.772842168808
3	1	0.666161060333
3	1	0.813377141953
3	1	0.626224994659
3	1	0.692940950394
3	1	0.70624089241
3	1	0.666285037994
3	1	0.519998788834
3	1	0.546691894531
3	1	1.05290603638
3	1	0.5862429142
3	1	0.679530143738
3	1	1.21283483505
3	1	0.786130905151
3	1	1.07936906815
3	1	0.63946390152
3	1	2.79849410057
3	1	0.493350982666
3	1	1.2794611454
3	1	0.639514923096
3	1	0.986247062683
3	1	0.546137094498
3	1	0.839493989944
3	1	0.852816820145
3	1	0.613306999207
3	1	2.90522789955
3	1	0.612828016281
3	1	0.652963876724
3	1	0.586706876755
3	1	0.586591005325
3	1	0.812766075134
3	1	0.85281085968
3	1	0.572999954224
3	1	1.38613414764
3	1	0.732993841171
3	1	0.586655855179
3	1	0.653254985809
3	1	0.626106023788
3	1	0.519562959671
3	1	0.786113977432
3	1	0.63951420784
6	1	0.532799959183
6	1	0.492803096771
6	1	0.600022792816
5	1	0.653279066086
5	0	0.812836170197
6	1	1.05291604996
6	1	4.45136809349
5	1	0.706436872482
6	1	0.732767105103
5	1	0.439501047134
6	1	0.639461040497
6	1	0.492836952209
5	1	0.506316900253
6	1	2.4651658535
5	1	0.612825155258
5	1	0.69278717041
6	1	0.60002207756
5	1	0.573376178741
6	1	0.786144971848
5	1	0.532789945602
5	1	0.546066999435
6	1	0.626183986664
6	1	0.626236915588
6	1	2.37184405327
5	1	2.67853593826
6	1	0.63983297348
5	1	1.11946702003
5	1	1.17271494865
5	1	0.559576034546
6	1	0.61289691925
6	1	0.49290895462
5	1	0.519567012787
5	1	0.226680994034
5	1	0.599627017975
5	1	0.613147974014
6	1	0.586694955826
5	1	0.533280134201
6	1	0.59995007515
6	1	0.613312005997
6	1	0.946241140366
5	1	0.986080169678
6	1	0.599659919739
6	0	1.23934984207
6	0	2.42574119568
5	1	0.493283033371
5	1	0.693274974823
6	1	1.29284596443
5	1	0.599979877472
5	1	0.226697921753
5	0	0.919745922089
5	1	0.40004992485
6	1	0.626477003098
5	1	0.866146087646
5	1	0.626094102859
6	1	0.639894008636
5	1	1.31947112083
5	1	0.546432971954
6	1	1.11941695213
6	1	0.599464893341
5	1	0.639492988586
6	1	0.692830085754
6	1	4.62461590767
6	1	0.719817876816
5	1	0.6394739151
6	1	0.373105049133
5	1	3.38519382477
5	1	1.27952003479
5	1	0.866140127182
5	0	0.8394780159
5	1	1.30566310883
5	1	0.586147069931
5	0	1.19911789894
6	0	0.599503993988
6	1	0.932932138443
6	1	0.586650848389
6	1	0.480062961578
6	1	0.506625175476
6	1	0.506636142731
6	1	0.506718158722
6	1	0.573400974274
5	1	0.453338861465
5	1	0.506728887558
5	0	0.33321595192
6	1	0.759985208511
5	0	0.560005903244
6	1	0.586426019669
5	1	0.506329059601
5	1	0.959492921829
5	1	0.693133115768
5	1	1.22622108459
5	1	0.73276591301
6	1	7.23643708229
6	1	4.67747116089
6	0	9.40885996819
6	0	0.866433858871
6	1	0.30655503273
6	1	1.29280114174
6	0	1.2392718792
5	1	2.30517196655
6	1	0.572776079178
6	1	1.25276589394
5	1	0.639691829681
6	1	0.746172904968
5	1	0.586163043976
5	0	0.706165075302
5	1	0.560003995895
6	1	0.506649971008
5	1	0.519932031631
6	1	0.559959173203
5	1	0.560058116913
5	1	0.653182029724
6	1	0.626146793365
4	1	1.54627013206
4	1	0.533183813095
4	1	0.906208992004
4	1	1.33244299889
4	1	0.586251020432
4	1	1.23951292038
4	1	0.75946688652
4	1	0.692795991898
4	1	0.546163082123
4	1	0.759561061859
4	1	0.533272027969
4	1	1.09262108803
4	1	0.612718105316
4	1	0.732882022858
4	1	0.439975976944
4	1	0.560059070587
4	1	0.54668712616
4	1	0.426629066467
4	1	0.480067014694
4	1	0.573357105255
4	1	0.759701967239
4	1	0.599473953247
4	1	0.492720127106
4	1	0.639398097992
4	1	0.572929143906
4	1	0.932825088501
4	1	0.520099878311
4	1	0.799509048462
4	1	0.786081075668
4	1	0.759505987167
4	1	0.613330841064
4	1	0.613368034363
4	1	0.613060951233
4	1	0.479746103287
4	1	0.572829008102
4	1	0.866165876389
4	1	0.559612035751
4	1	0.759881973267
4	1	2.47908306122
4	1	0.639997005463
4	1	0.546468019485
4	1	0.799529790878
4	1	2.87855792046
4	1	0.613345146179
4	1	0.559967041016
4	1	1.90555405617
4	1	0.692771196365
4	1	3.95819282532
4	1	0.732769012451
4	1	9.20881009102
4	1	0.65284705162
4	1	0.532827138901
4	1	0.519421815872
4	0	1.97242999077
4	1	0.560042858124
4	1	0.586730003357
4	0	1.54616904259
4	1	0.559791088104
4	1	1.22622084618
4	1	0.653346061707
4	1	0.573235034943
4	0	1.2394258976
4	1	0.480059146881
4	1	0.586694955826
4	0	0.57340502739
4	1	0.653272151947
4	0	1.38614916801
4	0	0.799600124359
4	0	0.546133041382
4	1	5.71693205833
4	1	0.772833108902
4	1	0.493347167969
4	1	1.15940499306
4	1	0.759542942047
4	1	0.573404073715
4	1	0.626655817032
4	1	0.519927024841
4	0	0.586597919464
4	0	3.77139616013
4	1	0.706248998642
4	1	0.546200037003
4	1	0.613034009933
4	1	0.773257017136
4	1	0.533289194107
4	1	0.559751033783
4	1	6.38361597061
4	1	0.493339061737
4	1	0.506646156311
4	1	0.559788942337
4	1	1.70567703247
4	1	1.14616990089
4	1	0.600008964539
4	1	0.546438932419
4	1	0.58614397049
4	1	0.559450864792
4	1	0.572882890701
4	1	0.812848091125
4	1	0.506695985794
4	1	0.493315219879
4	1	0.586626768112
4	1	0.560039997101
4	1	0.67991399765
4	1	0.559749126434
4	0	0.586128950119
4	0	1.29293298721
4	1	0.732875823975
4	1	0.506112098694
4	1	1.41235613823
4	1	2.31903004646
4	1	0.506699085236
4	1	0.573090076447
4	1	0.626132965088
4	1	0.759594917297
4	1	0.692718029022
4	1	0.573394060135
4	1	0.879528045654
4	1	0.492856025696
4	1	0.679468154907
4	1	0.666229009628
4	1	0.972810029984
2	1	0.586098909378
2	1	0.573218107224
2	1	0.666774988174
2	1	0.493361949921
2	1	0.453336000443
2	1	0.720019102097
2	1	0.759493112564
2	1	0.652888059616
2	1	0.572809934616
2	1	1.14580988884
2	0	0.506235837936
2	1	0.706209182739
2	1	0.919445037842
2	1	0.613373994827
2	1	0.666136980057
2	0	0.386524915695
2	1	3.90473008156
2	0	0.506160974503
2	1	0.559448003769
2	0	0.572825193405
2	1	0.613211870193
2	1	0.573386907578
2	1	0.533298969269
2	0	0.546636104584
2	1	0.533318042755
2	1	0.599897861481
2	1	0.572918176651
2	1	0.492865085602
2	1	0.559455871582
2	0	2.19901800156
2	1	4.15810012817
2	0	6.46338200569
2	1	0.679600954056
2	1	0.653383016586
2	0	0.97288107872
2	1	0.67949795723
2	1	0.426378011703
2	0	0.546108007431
2	1	0.759624958038
2	1	0.573360919952
2	1	0.653210163116
2	1	0.81299495697
2	1	0.852790117264
2	1	0.546606063843
2	1	0.813022851944
2	1	0.652779102325
2	1	0.852787017822
2	0	0.453238010406
2	1	0.559794902802
2	1	0.466629981995
2	1	0.613214969635
2	1	0.959424972534
2	1	0.692767858505
2	1	1.38561892509
2	1	0.839578866959
2	1	0.773401021957
2	1	0.573322057724
2	1	0.493381023407
2	1	0.533275127411
2	1	0.453351974487
2	1	0.453361988068
2	1	0.732846021652
2	0	0.652831077576
2	1	0.53289103508
2	0	0.532876968384
2	1	0.492861032486
2	1	0.4661860466
2	1	0.452811956406
2	1	0.58612704277
2	1	0.666145086288
2	0	0.453342914581
2	1	0.706516981125
2	1	0.613240003586
2	0	0.213304042816
2	0	0.679986000061
2	1	0.573385953903
2	1	0.493405103683
2	1	0.520020961761
2	1	0.506608009338
2	1	0.466636180878
2	1	0.560035943985
2	1	0.612969875336
2	0	0.772829055786
2	1	0.586147069931
2	1	0.55955696106
2	1	0.57307100296
2	1	0.506642103195
2	1	0.626596212387
2	1	0.546689987183
2	1	0.519994974136
2	1	0.679870128632
2	1	0.519767045975
2	1	0.892961025238
2	1	0.852923870087
2	1	1.17286992073
2	1	0.61292386055
2	1	0.586693048477
2	0	0.533264875412
2	0	0.666678905487
2	1	0.74623799324
2	1	0.932875156403
2	1	2.75905203819
2	1	0.812907218933
2	1	0.51958489418
2	1	0.439588069916
2	1	0.506191968918
2	1	0.532814979553
2	1	0.519532203674
2	1	0.919538021088
2	1	0.879709005356
2	1	0.666037082672
2	1	0.626231908798
2	1	1.34562420845
2	1	0.93271780014
2	1	0.759984970093
2	1	0.706204891205
2	1	0.679540157318
2	1	0.732908010483
2	1	0.66663312912
2	1	0.573315143585
2	1	0.546653985977
2	1	0.586703062057
2	1	0.652814865112
2	1	0.479501962662
2	1	0.546208143234
2	1	0.426156044006
2	0	0.732779979706
2	1	0.546201944351
2	1	0.55952000618
2	1	1.83901000023
2	0	0.680020093918
7	1	0.972861051559
7	1	0.4932949543
8	1	0.453274965286
8	1	0.45333814621
7	1	0.453341007233
7	1	0.839706897736
7	1	0.532857894897
7	1	0.546190977097
7	1	0.439507007599
7	1	0.612926959991
7	1	0.70606803894
8	1	0.639452934265
8	1	0.559815883636
7	1	1.70619702339
8	1	0.772853136063
7	1	0.892884969711
8	0	0.666382074356
8	1	0.520047903061
8	1	0.786460876465
8	1	1.01275610924
7	1	9.15529918671
7	1	0.612926959991
8	1	0.772841930389
8	1	0.573406934738
8	1	0.746701955795
7	1	0.666069984436
8	0	0.572843074799
8	1	0.466230869293
7	1	0.626157045364
8	1	0.652760028839
8	1	0.946129083633
7	1	0.519979953766
8	1	0.559921979904
7	1	0.706197023392
7	1	0.946204900742
8	1	1.03955292702
7	1	1.11953997612
7	1	0.666572093964
8	1	0.612880945206
8	1	0.652848005295
8	1	0.412765026093
7	1	0.439452171326
8	1	0.479491949081
8	0	0.466215848923
8	0	0.439634084702
7	1	0.5994348526
7	1	0.652768850327
7	0	0.612745046616
8	1	5.62364697456
8	1	0.559900999069
7	1	0.639918088913
8	0	0.546670913696
7	1	0.759484052658
8	1	0.652834892273
8	1	1.46567988396
8	1	0.719475984573
8	1	0.612944841385
8	1	0.493361949921
8	1	0.5199239254
7	1	0.746726036072
8	1	0.439979076385
8	1	0.466713190079
8	1	0.613432884216
8	1	1.46615099907
7	0	1.25281405449
8	1	1.57284402847
7	0	3.79812598228
7	1	0.666171073914
7	1	0.679575920105
8	1	0.532806873322
7	1	0.639521121979
7	1	0.506711959839
8	1	0.69336104393
7	0	0.693332910538
8	1	0.612904071808
7	1	0.759428024292
8	1	0.666315078735
7	1	0.972932100296
8	1	0.746183872223
8	1	0.506172895432
8	1	0.759588003159
7	1	0.62655377388
8	1	0.520020961761
7	1	0.600052833557
8	1	2.13231897354
7	1	0.532912015915
7	1	0.79966711998
8	1	0.480008125305
8	1	0.560019016266
7	1	0.533349990845
8	1	0.493357896805
8	1	0.413416147232
8	1	0.493412971497
8	1	0.520039081573
8	0	0.453325986862
8	0	0.560053825378
8	1	0.679496049881
8	1	2.41226792336
7	1	2.69188308716
7	1	1.26617002487
8	1	0.759493112564
7	1	0.612893104553
7	0	0.466174125671
8	1	0.559499979019
8	1	0.666207075119
8	1	1.6661131382
8	1	0.65337896347
7	1	0.906141996384
7	1	0.546094179153
7	1	0.679464101791
7	1	0.653187990189
7	1	0.493410110474
8	1	1.54625797272
7	1	0.546621084213
8	1	0.839470863342
7	1	0.692826986313
8	1	1.25229382515
8	1	0.639503002167
7	1	0.612828969955
7	1	0.519456148148
8	1	0.907571792603
7	1	1.34612393379
8	1	0.560010910034
8	1	0.733235120773
8	1	0.546438932419
7	0	0.559484958649
5	1	0.626157999039
6	1	0.573362112045
5	0	0.586637973785
5	0	0.586652994156
6	1	0.759436130524
6	1	0.839483976364
5	1	0.559504985809
6	1	0.506319046021
6	1	0.439846992493
5	1	0.479523897171
6	1	0.46621799469
5	1	0.666141033173
6	1	0.773324966431
5	1	4.98410177231
6	1	0.999490022659
5	0	0.586732149124
5	1	0.546416044235
6	1	0.532898902893
5	0	0.732850074768
6	1	0.786144018173
5	1	0.77329993248
5	1	0.653070926666
5	1	0.532893896103
5	1	0.546137094498
6	1	0.46613407135
6	1	0.639497995377
6	0	0.492757081985
5	1	0.626137018204
5	0	0.78618812561
6	0	1.1729118824
5	1	0.679483175278
5	1	0.719906806946
6	1	0.426577091217
5	1	0.546736001968
5	1	0.680048942566
5	0	0.892880916595
5	1	0.559470176697
6	1	0.666126012802
5	1	1.01276397705
6	1	0.63954782486
5	1	1.18605899811
6	1	0.586360931396
5	1	0.679534912109
5	1	0.706182956696
6	1	2.67855715752
5	1	0.613387107849
6	1	0.666768789291
5	1	0.692826986313
6	1	0.706154108047
5	0	0.506132125854
6	1	0.746201992035
6	1	0.720040082932
5	1	0.892871141434
6	1	0.759438037872
5	1	0.719669103622
6	1	1.2395670414
6	0	0.986233949661
6	1	0.799551963806
5	1	2.02564311028
5	1	0.772847175598
6	1	1.17295408249
6	1	0.639935970306
6	1	0.732776165009
6	1	0.826231002808
6	1	0.799685001373
5	1	0.653348922729
5	1	2.38577604294
5	1	0.959484100342
6	1	0.706289052963
5	1	1.13263607025
6	1	3.53131890297
6	1	4.05134606361
6	1	0.626718044281
5	1	7.34313702583
6	1	0.559933900833
5	1	0.626581907272
6	0	0.692815065384
5	0	0.599588155746
6	1	0.599529981613
6	1	0.879461050034
6	0	1.01289010048
5	1	0.772750854492
5	0	0.586486101151
6	1	0.586699008942
5	1	0.573307037354
6	1	0.519989967346
6	1	0.626605987549
5	1	0.70611000061
6	0	0.626252889633
6	1	0.559532165527
6	1	0.492779016495
5	1	0.452894926071
6	1	0.812814950943
6	1	0.506642103195
5	0	0.599966049194
6	1	0.666744947433
6	1	0.679558992386
5	1	0.492827892303
5	1	0.559539794922
6	1	1.23945593834
6	1	1.29284906387
5	1	0.599961042404
5	1	0.692912817001
5	0	0.746249198914
6	1	0.652906894684
6	1	1.03944301605
5	1	0.679510831833
5	0	0.666141986847
5	0	0.386214017868
6	0	0.519474983215
5	1	1.14626502991
5	1	0.573152065277
5	1	0.493095874786
5	1	0.799546957016
6	1	0.506221055984
5	1	0.506186962128
5	1	0.466143131256
5	0	0.466238975525
6	1	0.466178894043
5	1	0.546120882034
5	1	0.452752113342
5	1	0.532833099365
5	0	0.599532842636
5	1	0.492928028107
6	1	0.453098058701
5	1	0.426656961441
5	1	3.10519504547
5	1	0.719880104065
6	1	1.05285716057
6	1	0.81288599968
5	1	0.919474840164
5	1	0.732793807983
6	1	0.652829170227
6	1	0.786367893219
5	1	0.506771087646
5	1	0.586686134338
5	1	0.533312082291
6	1	0.506633043289
6	1	0.506631135941
6	1	1.15946483612
6	1	0.453351974487
5	1	0.560096979141
6	1	0.546643018723
6	1	0.520005941391
5	1	0.51996588707
5	1	0.439952135086
6	1	0.626613855362
6	1	0.839417934418
6	1	0.519461154938
6	1	0.519513845444
5	1	0.559468984604
5	1	0.692810058594
6	1	0.493156194687
6	1	0.719759941101
6	1	0.493288993835
6	1	0.639928102493
5	1	0.43998503685
6	1	0.506679058075
6	1	0.45348906517
5	1	0.559996843338
6	1	0.666365146637
5	1	0.586158037186
5	1	0.572864055634
6	1	0.546126842499
6	1	0.546224117279
5	1	1.59902906418
5	1	0.532858133316
6	1	0.532930135727
6	1	0.573079109192
6	1	1.03953385353
5	1	0.892855882645
5	1	0.533202171326
6	1	0.693298101425
6	1	0.81272816658
5	1	0.572806119919
6	0	1.25275707245
6	1	0.639499187469
5	1	0.43967294693
6	1	0.55953001976
5	1	2.65177512169
6	1	0.546133041382
5	1	0.759510993958
5	1	0.933090925217
6	1	1.58566498756
6	1	0.572824954987
5	1	0.639562129974
5	1	0.466154098511
6	1	0.466267108917
6	1	0.519559860229
6	1	0.586287975311
5	0	6.23652505875
6	1	0.679553985596
5	1	0.826078891754
5	1	0.559954881668
6	1	0.546598911285
5	1	0.613302946091
5	1	0.599732875824
6	1	0.732763051987
6	1	0.399538040161
5	0	0.439492940903
5	1	0.572782039642
5	1	0.492753982544
6	1	0.679563999176
5	0	0.586092948914
6	1	0.57296204567
6	1	0.546602010727
5	1	0.586672067642
6	1	0.932788133621
5	0	0.612746953964
5	1	0.70613193512
5	1	0.479585886002
5	0	1.31909203529
5	0	2.66515207291
6	1	0.852869987488
5	1	0.999455928802
6	1	0.772813081741
6	1	0.573372125626
6	1	0.87949681282
6	1	0.639490127563
5	1	0.759521007538
5	1	0.58621096611
5	1	0.679504871368
5	1	0.559537887573
5	1	0.639549970627
6	1	0.679792165756
5	1	0.43997502327
5	1	0.69336605072
6	1	0.519929885864
6	1	0.546670913696
5	1	0.599587202072
5	1	0.866163015366
5	1	0.452786922455
6	1	1.91898703575
5	1	0.506768941879
5	1	0.519969940186
6	1	0.533421993256
6	1	0.533353090286
6	1	0.533368825912
5	1	0.639503002167
6	1	0.679469823837
6	1	0.892744064331
5	0	0.493283987045
5	1	0.626643896103
6	1	0.466758012772
5	1	0.719618082047
6	1	0.453214883804
5	1	1.23944401741
6	1	0.999570131302
5	1	0.599516868591
5	1	0.59949016571
5	1	0.612874031067
6	1	0.706693887711
5	1	0.546706914902
6	1	0.573413133621
5	1	0.559831142426
5	1	0.852876901627
6	1	0.559583902359
6	1	0.599520921707
5	1	0.866357088089
6	1	0.639883041382
6	1	0.519695997238
6	1	0.506325006485
6	1	0.546185016632
5	1	0.492815971375
6	1	0.492844104767
5	1	1.22610712051
6	1	0.53328204155
5	1	0.919479131699
6	1	0.559466838837
6	1	0.652849197388
5	1	0.586563110352
6	1	0.626639842987
6	1	0.573240995407
5	1	0.520015954971
5	1	0.892793893814
6	1	0.412872076035
5	1	0.532875061035
6	1	0.572824954987
5	1	0.492877960205
6	1	0.50617313385
6	1	0.666147947311
6	1	0.519749879837
6	0	0.466413021088
5	1	1.91923117638
6	0	2.77172899246
5	1	1.1595761776
6	1	0.679636955261
6	1	0.54622387886
6	1	0.786217927933
5	1	2.38517594337
6	1	0.572882890701
5	1	0.706165075302
5	0	0.853429079056
6	1	0.65288901329
5	0	0.612877130508
6	1	1.66562795639
5	1	1.35899400711
5	1	1.06614279747
6	1	0.53338599205
5	1	0.479928016663
5	1	0.666338920593
5	1	0.519499063492
6	1	0.572806119919
6	1	0.692946910858
6	1	0.53290605545
6	1	0.452978134155
5	0	0.412863016129
6	1	0.626167058945
5	1	0.452728033066
6	1	0.679486036301
6	1	0.79993391037
5	1	0.626523971558
5	1	0.559679985046
5	1	0.572871923447
5	1	0.612792015076
5	0	0.506162166595
6	1	0.626168012619
5	1	0.799531936646
6	1	0.546674966812
6	1	0.546683073044
5	1	0.573372840881
6	1	0.426697969437
5	0	0.613396883011
6	1	0.586364030838
5	1	0.519496917725
5	1	0.519497871399
6	1	0.439624786377
6	1	0.426563024521
5	1	0.506639957428
6	1	0.533088922501
5	1	0.506374120712
6	1	1.26608300209
6	0	1.30581021309
6	1	0.612957000732
6	1	0.572949886322
6	1	0.226222038269
6	1	0.240028858185
5	1	1.09269309044
6	1	0.493300914764
5	1	0.732888936996
6	1	0.652854919434
5	0	0.586091995239
6	1	0.692874908447
6	1	0.612946033478
5	1	0.759481191635
5	1	1.09279108047
5	1	0.932822942734
6	1	0.746581792831
5	1	0.533056974411
6	1	0.572934865952
6	1	0.466275930405
6	1	0.492926120758
6	1	0.679521083832
5	0	0.626298189163
6	1	0.51992893219
5	1	0.692830085754
5	1	0.546190023422
5	1	0.479521036148
5	1	0.479495048523
6	1	0.559473991394
5	1	0.452798843384
5	1	0.492830991745
6	0	0.439473867416
6	1	0.826219081879
6	1	0.719717025757
6	1	0.919516086578
5	1	0.506157875061
6	1	0.612842082977
6	1	0.559437990189
5	1	0.732758045197
6	1	0.533201932907
6	1	0.573313951492
6	0	0.186733007431
5	1	0.652906894684
6	1	0.626618146896
5	0	0.493374109268
6	1	0.546770095825
6	1	0.733148097992
6	1	0.732836008072
6	1	0.812793016434
5	1	1.0527381897
6	1	0.519468784332
6	1	0.652851104736
5	1	0.852869033813
6	1	0.760005950928
5	1	0.759458065033
6	1	0.572731971741
5	1	0.532773971558
8	1	1.09240102768
8	1	0.666108131409
8	1	0.506251811981
7	1	0.852897882462
8	1	0.533422231674
8	1	0.533360004425
7	1	0.546639204025
8	1	0.600017786026
7	1	0.546693086624
7	1	0.506573915482
8	1	0.439992904663
7	1	0.466666936874
7	0	0.453326940536
7	0	0.786289215088
7	1	0.532850980759
8	1	0.972952842712
8	1	0.533295869827
7	1	0.746703147888
7	0	1.41276216507
7	1	0.639991998672
8	0	4.58439183235
8	0	0.666106939316
8	1	0.506108999252
8	1	2.42513084412
7	1	1.85228991508
7	0	1.279255867
8	0	1.33231091499
7	1	1.0262260437
8	1	0.679928064346
7	1	0.599917888641
8	1	0.533071994781
8	1	0.519593000412
8	1	0.90616607666
8	1	1.14570903778
7	1	1.22627496719
7	1	0.639887094498
8	1	0.612897157669
7	1	0.532796859741
8	0	1.45235610008
7	1	0.612917900085
8	0	0.852919101715
7	1	0.613360881805
7	1	0.560013055801
7	1	1.38627696037
8	1	0.573455095291
7	1	5.73070001602
8	1	0.772845983505
8	1	0.732846021652
7	1	0.786424875259
7	1	0.719637155533
7	1	0.99954199791
7	1	2.35883188248
7	1	0.959441900253
8	1	0.959529876709
8	1	0.519478082657
8	1	0.666069030762
8	1	1.55935788155
8	1	1.11949110031
7	1	0.626152992249
8	1	0.706171989441
7	1	1.47951507568
7	1	0.626538991928
7	1	0.866291046143
7	1	1.02616405487
7	0	0.546538114548
7	1	0.546745061874
8	1	2.67895197868
7	1	0.493366956711
7	1	0.652897119522
8	1	4.75756001472
8	1	1.99903798103
7	1	1.33287906647
7	1	1.18611383438
8	0	0.892774820328
8	0	0.679939985275
8	0	0.639471054077
8	1	4.5442109108
7	1	0.586173057556
7	1	0.532726049423
8	0	4.4374859333
8	0	0.946174860001
7	1	0.653258085251
8	1	0.732805013657
8	1	0.546072006226
8	1	0.586179971695
8	1	0.626157045364
7	1	0.572777032852
7	1	0.559555053711
7	1	0.626399040222
8	1	0.693311929703
7	1	0.573315858841
7	1	0.51996588707
7	1	0.666090965271
8	1	0.626168966293
7	1	0.786211967468
8	1	0.466623067856
8	1	1.87924098969
7	1	0.732889890671
7	1	0.852940797806
8	1	0.586399078369
8	1	0.586679935455
7	0	2.31903409958
7	1	2.30547881126
8	1	1.71908807755
7	1	0.999441146851
8	1	0.772948026657
8	1	0.746208190918
7	1	0.533327102661
7	0	0.706635951996
7	1	0.533334970474
8	1	0.560039997101
7	1	0.480062007904
8	1	0.479933977127
8	1	0.62623500824
8	1	0.65291595459
8	1	0.639572143555
7	1	0.626175880432
7	1	1.07921695709
1	1	1.43889689445
1	1	0.51953291893
1	1	0.85285115242
1	1	0.573251008987
1	1	0.626772165298
1	1	1.78562402725
1	0	0.599437952042
1	1	0.639507055283
1	1	0.612879991531
1	1	1.34609079361
1	1	1.05269002914
1	1	1.91896986961
1	1	0.706255912781
1	1	0.613345861435
1	1	0.759772062302
1	1	0.612853050232
1	1	0.61278295517
1	1	0.666173934937
1	1	0.692929029465
1	1	0.599970817566
1	1	0.560054063797
1	1	0.679852962494
1	1	0.759572982788
1	1	0.559543132782
1	1	0.559477090836
1	1	0.586249828339
1	1	0.506314992905
1	1	0.559769868851
1	0	1.91933608055
1	1	1.05289196968
1	1	1.25273704529
1	1	0.612814188004
1	1	3.19803786278
1	1	1.01283311844
1	1	0.506664037704
1	1	0.799930095673
1	1	0.612859010696
1	1	0.53284907341
1	1	0.532877922058
1	1	0.586160898209
1	1	0.492855072021
1	0	0.572836875916
1	1	0.666167020798
1	1	0.546496152878
1	1	0.453358888626
1	0	0.653174161911
1	1	0.573323965073
1	1	1.61288189888
1	1	1.15955305099
1	1	2.07898283005
1	1	7.50265693665
1	1	2.19902205467
1	1	2.97187209129
1	1	0.572792053223
1	0	0.479465961456
1	1	0.612846136093
1	1	0.573292016983
1	1	0.613346099854
1	1	0.90624499321
1	1	0.532917976379
1	1	0.59955406189
1	1	1.09291791916
1	1	0.652867794037
1	1	1.02618503571
1	1	1.69280195236
1	1	0.772902011871
1	1	0.559557199478
1	1	1.50568294525
1	1	0.999498128891
1	1	0.986106872559
1	1	0.572859048843
1	1	0.679605007172
1	1	0.626095056534
1	0	0.46658706665
1	0	0.866437911987
1	1	0.546627044678
1	0	0.719501972198
1	1	0.666218996048
1	0	0.572879076004
1	1	0.572874069214
1	0	0.653084039688
1	1	0.533467054367
1	1	1.03956794739
1	1	0.612879991531
1	1	0.30615401268
1	0	0.452883958817
1	0	0.652836084366
1	1	0.746135950089
1	1	0.199955940247
1	1	0.439466953278
1	0	0.652862071991
1	0	0.62627696991
1	1	0.933092832565
1	1	0.746159791946
1	1	0.746095180511
1	1	0.586223840714
1	0	0.50662279129
1	0	0.59993481636
1	1	0.653374195099
1	1	0.639861106873
1	0	0.732859134674
1	0	1.29262804985
1	1	0.719582080841
1	1	0.5995221138
1	0	1.31901907921
1	1	4.46419405937
1	1	3.26516604424
1	0	0.732804059982
1	1	0.506106138229
1	1	0.586132049561
1	1	0.652873039246
1	1	0.639487028122
1	1	0.6000020504
1	1	1.71947407722
1	1	3.677973032
1	0	1.26622104645
1	0	4.07793879509
1	1	0.532899141312
1	1	0.639734983444
1	1	0.559981822968
4	1	0.906491041183
4	1	1.85226798058
4	1	0.652858018875
4	0	0.999558925629
4	1	0.706153869629
4	1	0.466248035431
4	1	0.572951078415
4	1	0.466154098511
4	1	0.612789154053
4	0	0.852756977081
4	0	3.3718020916
4	1	1.53287386894
4	0	0.773324012756
4	0	0.586325883865
4	1	0.772834062576
4	1	0.972816944122
4	0	2.11901712418
4	0	0.372797966003
4	1	0.359488010406
4	0	0.59952378273
4	0	0.759449958801
4	1	4.70413899422
4	1	9.24850606918
4	1	3.55803203583
4	0	0.492795944214
4	1	0.692841053009
4	0	0.786193132401
4	1	0.733315944672
4	1	0.799512147903
4	1	0.612798213959
4	1	0.532888889313
4	0	0.746095180511
4	1	0.493261098862
4	1	0.693217039108
4	0	0.653341054916
4	0	7.70270085335
4	1	0.866186857224
4	1	1.35914182663
4	1	0.706139087677
4	1	1.2394900322
4	1	0.546263933182
4	1	0.732809066772
4	0	1.09281992912
4	1	0.652706861496
4	0	1.01282095909
4	0	1.01260995865
4	1	0.89277100563
4	1	0.786207199097
4	1	0.640069961548
4	1	0.586515903473
4	1	3.47842097282
4	0	4.66418600082
4	1	1.30616497993
4	0	1.51937413216
4	0	1.66578984261
4	0	0.306634902954
4	0	0.240005016327
4	1	0.426684856415
4	1	0.946153879166
4	1	0.426387071609
4	1	0.706125974655
4	1	0.412767887115
4	0	1.18610787392
4	1	5.93037700653
4	0	1.23907017708
4	0	0.226693153381
4	0	0.693118810654
4	1	0.759495019913
4	1	0.732837915421
4	1	0.572963953018
4	1	0.346550941467
4	0	0.33283495903
4	0	0.852869033813
4	1	1.65282702446
4	1	1.95896697044
4	0	2.57173800468
4	0	3.45130705833
4	1	0.986166954041
4	0	0.426707983017
4	1	1.3061029911
4	1	3.0250120163
4	0	0.612771034241
4	1	3.39801812172
4	1	0.652725934982
4	0	0.612823009491
4	0	0.812804937363
4	1	0.706591129303
4	0	0.799445867538
4	1	3.86459803581
4	1	0.893162965775
4	0	0.466727972031
4	0	0.519837141037
4	0	0.612833023071
4	0	1.01273608208
4	1	1.38581991196
4	1	0.199998140335
4	1	1.14607310295
7	0	2.53230810165
7	1	0.22664308548
8	1	0.879524946213
8	1	1.35950684547
8	1	0.426435947418
7	1	0.612754106522
8	1	0.280050039291
7	0	0.413419961929
8	0	0.306706190109
8	0	0.280024051666
7	1	0.666131973267
7	0	0.493200063705
7	0	0.573178052902
7	1	1.39950013161
8	1	0.546555042267
8	1	0.546648979187
7	1	0.626796007156
8	1	1.01291489601
7	1	0.786226987839
8	1	0.51992893219
8	1	0.546687841415
7	1	0.733277797699
7	1	0.772809028625
8	0	0.786189079285
8	1	0.519752979279
7	0	0.839928150177
7	0	0.732779979706
7	0	0.586290121078
8	1	0.253234148026
7	0	0.426692008972
7	0	0.320025205612
8	0	0.186635971069
8	1	0.546150922775
8	0	0.986295938492
8	0	0.23993396759
8	0	0.54622220993
8	0	0.586114883423
8	0	1.01282215118
7	1	0.519932031631
8	0	0.772855997086
7	1	0.58616399765
7	0	0.292860031128
7	0	1.11951088905
7	0	0.573407888412
8	0	0.613373041153
7	1	0.613039970398
7	1	0.546169996262
7	1	0.666147947311
7	1	0.599446058273
8	1	0.612799882889
7	0	0.506193161011
7	0	0.29301404953
8	1	0.546236038208
7	0	0.492889165878
7	0	0.559548139572
7	1	0.492868900299
8	1	1.05283498764
8	1	0.50653219223
8	1	0.533116102219
8	1	0.586136102676
8	0	0.546211004257
7	1	0.839494943619
8	0	8.7424800396
8	1	0.452764987946
7	1	0.559500217438
7	0	0.466140985489
7	1	0.63952088356
7	1	0.466689109802
8	0	0.479882955551
8	1	3.78501200676
7	0	1.79899406433
8	1	0.572961091995
7	0	0.412868976593
7	0	0.786208868027
7	1	1.26578092575
7	1	0.906188964844
7	1	2.06557679176
8	1	0.999475002289
8	0	4.35808300972
7	1	0.906440973282
8	1	0.559792041779
7	1	5.65046286583
7	1	4.29146981239
7	0	2.29240703583
8	1	0.546631097794
8	0	1.43946504593
8	1	1.6795809269
7	1	1.87901306152
8	0	1.77239704132
7	0	2.1990070343
8	1	6.86322498322
7	1	0.373267173767
7	1	0.479903936386
7	1	0.493263959885
8	0	0.746489048004
2	1	2.25226402283
2	1	0.65287899971
2	0	0.86633181572
2	1	0.719545841217
2	0	0.679533958435
2	1	0.412884950638
2	1	0.546204090118
2	1	0.586184978485
2	1	0.479424953461
2	1	0.612810134888
2	0	4.79754590988
2	0	1.86574101448
2	1	0.639477014542
2	1	0.506198167801
2	0	0.746202945709
2	1	0.746735811234
2	1	0.732941865921
2	1	0.599562883377
2	1	0.599593162537
2	1	0.559567928314
2	1	0.479665994644
2	1	0.53289103508
2	1	0.586354970932
2	1	0.533385038376
2	1	0.479947090149
2	1	0.493381977081
2	0	0.413358926773
2	1	0.666568994522
2	1	0.866219997406
2	1	1.38605499268
2	1	1.21291089058
2	0	0.932796001434
2	1	0.572848081589
2	1	7.44934082031
2	0	2.94524002075
2	0	1.69254183769
2	1	4.26468801498
2	1	4.41085386276
2	1	4.11779499054
2	1	2.25235795975
2	1	5.23744606972
2	0	1.01267719269
2	0	0.946201086044
2	0	8.12912511826
2	1	0.54670715332
2	1	0.573203086853
2	1	0.453418970108
2	1	0.413377046585
2	1	0.493364095688
2	0	0.772857904434
2	1	0.546210050583
2	0	0.67946100235
2	1	0.452910900116
2	1	1.46565389633
2	0	1.4923350811
2	0	0.772858858109
2	1	0.586594820023
2	0	0.746753931046
2	1	0.706149101257
2	0	1.55896091461
2	0	0.839442014694
2	1	3.57186102867
3	1	0.586058139801
3	1	0.612883090973
3	0	1.02616405487
3	0	2.34565711021
3	0	0.732878923416
3	1	0.559406042099
3	1	0.519504070282
3	1	0.599437952042
3	1	1.01274490356
3	1	0.626257896423
3	1	0.572875022888
3	1	0.759519100189
3	1	0.786067962646
3	1	1.27957201004
3	1	0.599650144577
3	1	0.640042066574
3	1	0.479956865311
3	1	0.519973993301
3	1	0.599984884262
3	1	0.413251161575
3	0	0.559940099716
3	1	0.480078935623
3	1	0.626757144928
3	1	0.533174991608
3	0	0.572839021683
3	1	0.572805166245
3	1	0.66620182991
3	1	0.559544801712
3	1	0.719532012939
3	1	0.666598081589
3	1	0.69310092926
3	1	0.626152038574
3	0	0.532823085785
3	0	1.90572190285
3	1	0.81339597702
3	1	2.81189584732
3	1	1.66562914848
3	0	0.919471025467
3	0	0.892861127853
3	0	3.73133397102
3	1	2.14530086517
3	1	0.612803936005
3	1	0.799418926239
3	0	0.253340005875
3	1	0.706243038177
3	0	0.813053846359
3	0	2.46555685997
3	1	0.653253078461
3	1	0.746102809906
3	1	1.29253602028
3	0	0.932765007019
3	0	0.666224002838
3	0	0.733381032944
3	0	0.692896127701
3	1	0.599492073059
3	1	0.452921867371
3	1	0.612758159637
3	1	0.412837982178
3	1	0.799450874329
3	0	0.479605913162
3	1	1.65256500244
3	0	1.49284720421
3	0	0.653383016586
3	1	2.45242190361
3	1	0.34666800499
3	0	0.600037097931
3	0	0.599995136261
3	0	0.439979076385
3	0	0.919447183609
3	1	0.639497041702
3	1	1.89232397079
3	1	1.18623805046
3	1	0.812813997269
3	1	1.67959403992
3	1	0.226665973663
3	0	2.43896698952
3	0	0.8400349617
3	1	1.98564004898
3	1	2.82520294189
3	0	1.26614093781
3	1	0.61332988739
3	1	0.866204023361
3	0	0.666177988052
3	1	2.5184469223
3	0	0.586155176163
3	1	0.759522199631
3	1	1.01285290718
3	1	0.612808942795
3	1	0.892887115479
3	1	0.560075044632
3	0	0.733202934265
3	1	0.586297035217
3	0	0.652891874313
3	1	0.612793922424
3	1	1.71900892258
3	0	0.839970111847
3	1	0.812860012054
3	1	0.826236963272
3	0	0.906451940536
3	1	0.852894067764
3	1	1.30562901497
3	1	2.37201499939
3	1	1.17282605171
3	1	0.759913921356
3	1	0.866192102432
3	0	2.75852894783
3	1	0.640032052994
3	0	0.613265037537
3	1	2.15901207924
3	1	0.733258962631
3	1	0.826256036758
3	0	0.826117992401
3	0	0.746257066727
3	1	0.613369941711
3	1	0.932899951935
3	1	0.572820901871
3	1	0.999480009079
3	0	2.50566482544
3	1	0.812871932983
3	1	0.692958116531
