8	0	0.852869987488
7	1	0.45287322998
8	1	0.479472160339
7	1	0.572855949402
8	0	0.746204853058
7	1	0.839918136597
7	0	0.732846021652
8	1	0.492841959
7	0	0.54612493515
8	0	0.572813034058
8	1	0.612845182419
8	1	0.772867918015
7	1	0.693347930908
7	0	0.852812051773
8	1	0.906251907349
7	1	0.70666384697
7	0	0.932849168777
8	1	0.692849874496
7	1	0.613023996353
8	1	0.506713867188
7	1	0.746592998505
7	0	0.626319885254
8	0	0.666141986847
8	0	1.19948291779
7	1	0.946201086044
8	1	0.999444007874
8	1	0.639820098877
8	1	0.799514055252
7	1	1.01288700104
8	0	0.826214075089
8	1	0.786159992218
8	1	0.759557962418
8	0	0.799688100815
7	0	0.666203975677
7	1	0.83948802948
8	0	1.50613498688
8	0	0.959604978561
8	1	0.679470062256
8	1	0.599519014359
7	1	1.07954001427
8	1	0.866263866425
7	1	0.959464073181
7	0	0.932831048965
8	0	0.679507017136
8	1	0.626137018204
8	1	0.839858055115
8	1	1.09286308289
8	1	0.652961969376
8	1	0.733384847641
7	1	0.719514131546
7	1	1.11946201324
8	1	1.35954213142
8	0	1.14622187614
8	1	0.892883062363
7	1	1.30616807938
7	0	1.23896193504
7	1	1.29264497757
8	1	1.78576302528
7	1	1.4657189846
7	1	1.14614987373
8	0	1.21281313896
7	1	1.11942005157
8	1	0.772912025452
7	1	1.02610588074
7	1	0.719478130341
7	1	0.612846851349
8	1	0.746200084686
8	0	0.813147068024
7	1	1.05291008949
8	1	0.813234090805
7	1	0.772850990295
8	1	0.972840070724
8	1	0.733438014984
7	0	0.839452981949
7	1	0.772888183594
8	1	0.826488018036
7	1	0.60003900528
7	1	0.7461810112
7	0	0.692888975143
7	1	0.799548864365
8	1	1.07941198349
7	1	0.759432077408
8	1	0.706604003906
7	1	0.866111040115
7	1	0.812895059586
8	1	0.972890853882
7	0	0.652801990509
8	1	0.612811088562
7	1	0.906149864197
7	1	0.932940006256
8	1	0.932826042175
8	1	1.30595397949
7	1	1.31892490387
7	1	0.892871856689
7	0	1.09284520149
7	1	0.892848968506
7	1	1.17289996147
8	0	1.05287504196
7	1	1.49290204048
7	1	0.706461906433
8	1	0.8127348423
7	1	0.866097927094
7	1	0.866227865219
8	1	0.906229019165
8	1	1.35919594765
8	0	1.09292197227
7	1	0.866138935089
8	1	0.866116046906
8	1	0.719997882843
7	1	0.826148033142
8	1	0.772845983505
7	1	0.773237943649
7	1	1.17287302017
7	0	1.06595110893
7	1	1.01279997826
7	0	1.079433918
7	1	0.679600954056
8	1	0.652796030045
8	1	0.893138885498
8	1	0.546489953995
8	1	0.706166028976
8	1	0.732857227325
7	1	1.01280498505
7	1	0.719429969788
8	1	0.772857904434
7	0	0.706335067749
3	1	1.07951021194
3	0	0.666655778885
3	1	0.639651060104
3	1	0.732832193375
3	0	0.546197891235
3	1	0.652776002884
3	1	0.559637784958
3	0	0.906615018845
3	1	0.719463825226
3	0	0.826201915741
3	1	0.799785852432
3	0	1.17284488678
3	1	0.613118886948
3	1	0.853261947632
3	0	0.732793092728
3	1	1.05286002159
3	1	0.746334075928
3	1	0.679521083832
3	1	0.706182003021
3	1	1.19901609421
3	0	0.639468193054
3	1	0.772749900818
3	1	1.59945082664
3	1	0.839739084244
3	1	0.679493904114
3	1	0.906189918518
3	1	0.586637973785
3	1	0.640069961548
3	1	0.87949514389
3	1	1.13280916214
3	0	0.906111955643
3	1	0.572834014893
3	1	0.586187124252
3	1	0.573087930679
3	1	0.746598958969
3	1	0.586534023285
3	0	0.626352071762
3	0	0.599472999573
3	0	0.892903089523
3	1	0.599891901016
3	1	0.573236942291
3	0	0.480000972748
3	1	1.22624802589
3	1	0.652912139893
3	0	0.826603889465
3	1	0.759475946426
3	1	1.11945080757
3	0	0.85294508934
3	1	0.639574050903
3	1	0.532912969589
3	1	1.46575093269
3	0	0.706165075302
3	1	0.653291940689
3	1	0.693378925323
3	0	0.999562978745
3	1	0.639513969421
3	0	0.919809103012
3	1	1.43951201439
3	1	0.719432115555
3	1	1.18619894981
3	0	0.692852020264
3	1	0.572818040848
3	1	0.959540843964
3	0	0.786721944809
3	1	0.919450998306
3	1	1.74565196037
3	1	0.840006113052
3	0	1.0262157917
3	1	1.02607512474
3	1	0.89278793335
3	1	0.839466094971
3	0	1.14619493484
3	1	0.732845067978
3	0	0.879611968994
3	1	0.626150846481
3	1	1.14606785774
3	1	0.66651391983
3	1	0.906245946884
3	0	1.22567605972
3	1	0.772844076157
3	0	0.812839031219
3	1	0.666661977768
3	1	0.812843084335
3	1	0.772891998291
3	1	0.906512975693
3	0	1.46619510651
3	1	0.746214866638
3	1	0.439565181732
3	1	0.466176986694
3	1	0.599442005157
3	1	1.18625712395
3	1	0.613156080246
3	1	0.799551010132
3	1	0.95947098732
3	1	1.39953994751
3	1	0.600008964539
3	0	0.706489086151
3	1	0.639445781708
3	0	1.21283984184
3	1	0.666330099106
3	0	0.919553995132
3	1	0.732956886292
3	1	1.45281791687
3	0	1.19953203201
3	1	0.666042089462
3	1	0.85316491127
3	1	0.839444160461
3	0	1.34571409225
3	1	0.772861003876
3	1	1.5323638916
3	1	0.572788000107
3	1	0.706418991089
3	1	0.586668014526
3	0	0.693146944046
3	1	0.839539051056
3	1	0.719480037689
3	1	0.71999502182
3	1	1.06613492966
3	1	0.826171875
3	0	0.999495983124
3	1	1.01278781891
3	1	1.3462100029
3	1	1.30617904663
3	0	0.599528074265
3	1	0.77313709259
3	1	0.772888898849
3	1	1.10612392426
6	0	1.06622695923
5	1	1.03928279877
6	0	0.599514961243
6	1	0.75959610939
6	1	0.586178064346
6	1	0.77304315567
6	1	0.640007019043
6	0	0.533154010773
6	1	0.559666872025
6	1	0.692845106125
5	1	0.692953109741
5	1	0.706130981445
5	1	0.599987030029
5	0	0.666749954224
5	1	0.719439983368
6	0	0.812865018845
6	1	0.612895011902
5	1	0.986202955246
6	0	0.71950006485
6	1	0.666104078293
5	1	0.759573936462
5	0	1.02626395226
6	0	0.706175804138
5	0	0.679646015167
6	0	0.639960050583
5	1	0.666517019272
5	1	0.519728899002
5	1	0.826156139374
5	1	0.69278717041
5	0	0.933041095734
5	1	0.746130943298
6	1	1.95902681351
6	1	1.15954589844
5	1	0.893110990524
6	0	1.17277002335
5	0	0.639979839325
6	1	1.25288200378
5	1	0.653072118759
5	1	1.02611613274
5	1	0.692821025848
5	1	0.599407911301
6	1	0.839794874191
5	1	0.46672296524
6	1	0.560026884079
6	1	0.599739074707
6	1	0.586189031601
6	1	0.546164989471
6	1	0.746230125427
6	1	0.559556007385
5	1	0.82620716095
5	1	0.839527845383
6	1	0.572809934616
5	1	0.586179971695
5	1	0.532742023468
6	1	0.506112098694
5	0	1.31899309158
6	1	0.82616519928
5	1	0.599845170975
5	1	0.679970979691
6	1	1.439483881
5	0	0.839555025101
5	1	0.91946387291
6	1	0.853217124939
5	0	1.2394490242
5	1	1.30619692802
5	1	0.893003940582
5	0	1.62590789795
6	1	0.626111030579
6	1	0.546229839325
5	1	0.719512939453
6	1	0.519500017166
5	1	0.532788038254
5	0	0.639605998993
6	1	1.22624206543
5	1	0.492770910263
5	1	0.639489889145
5	0	0.453107118607
5	1	0.546218156815
6	1	0.559855937958
6	1	4.74466300011
5	1	0.852854967117
5	1	0.706155061722
5	0	0.666201114655
6	0	1.5995900631
5	1	0.706707000732
5	1	0.732874155045
6	1	1.42568898201
5	0	0.772815942764
6	1	0.892812013626
5	1	2.21231293678
6	1	1.43904209137
6	1	0.986150026321
5	1	0.772843122482
5	0	0.919481039047
6	1	0.959558010101
6	1	0.959535837173
5	0	1.22599697113
5	1	0.879491090775
6	1	0.83981013298
6	1	0.986139059067
5	1	0.533080816269
5	0	1.25285506248
6	1	1.0394089222
6	0	0.852839946747
5	0	0.732863903046
6	1	0.692966938019
5	1	1.6529519558
5	1	0.666373968124
6	1	1.11949396133
6	1	0.89310002327
6	1	1.06626296043
6	1	4.79798388481
5	0	0.946188926697
6	0	1.09269785881
5	1	0.732777118683
5	0	1.03950810432
6	1	0.919533014297
6	1	0.852809906006
1	0	0.972734928131
1	1	0.679541110992
1	1	0.972937107086
1	1	0.972901821136
1	1	0.90616607666
1	1	0.586647033691
1	1	0.746263980865
1	1	0.692823886871
1	0	0.879532814026
1	1	0.786750078201
1	0	0.85290312767
1	0	0.666162014008
1	1	1.19918704033
1	1	0.626189947128
1	1	0.652808904648
1	1	0.719612121582
1	1	0.66671705246
1	1	0.879487037659
1	0	0.706186056137
1	1	0.959575891495
1	1	0.639502048492
1	1	0.679681062698
1	0	1.7727701664
1	1	0.679550170898
1	0	0.692847967148
1	0	1.01279520988
1	1	0.58664894104
1	0	1.33276414871
1	1	1.33280396461
1	1	0.560003042221
1	1	0.65328001976
1	1	4.58469796181
1	1	1.21270895004
1	1	0.813138008118
1	0	0.666133880615
1	0	0.586112976074
1	1	0.77286696434
1	1	0.746474027634
1	1	0.732890844345
1	1	0.932760000229
1	1	0.932883024216
1	0	5.7170188427
1	1	1.07951402664
1	1	0.65337896347
1	0	7.86267518997
1	1	1.22589898109
1	1	0.719483137131
1	1	0.866140842438
1	1	5.37082481384
1	1	0.732837915421
1	0	1.0127530098
1	0	8.79553413391
1	1	0.973002910614
1	1	0.612838029861
1	1	1.42567491531
1	0	0.692821979523
1	1	0.652788877487
1	0	0.919440031052
1	1	0.653110980988
1	1	0.786148071289
1	0	0.719477891922
1	0	0.573269128799
1	1	0.626695871353
1	0	0.546622037888
1	1	0.679754018784
1	1	0.65277504921
1	1	0.652712106705
1	0	2.37186098099
1	1	0.772789955139
1	1	7.30273079872
1	1	1.07942390442
1	1	0.8127348423
1	0	0.759472846985
1	0	0.719489097595
1	1	1.09257006645
1	1	0.812833070755
1	1	9.78167104721
1	1	0.680026054382
1	1	0.600025892258
1	1	0.812844991684
1	0	7.58267903328
1	1	0.839501857758
1	1	0.680006027222
1	1	0.426730871201
1	0	0.506730079651
1	1	0.759526968002
1	1	0.786211013794
1	0	1.41227507591
1	1	1.65224719048
1	0	5.65031981468
1	1	0.866572856903
1	1	0.652807950974
2	1	1.3860938549
2	0	0.852961063385
2	1	0.692920207977
2	0	0.799794912338
2	1	1.41277694702
2	1	0.906132936478
2	1	0.98611998558
2	1	1.15954303741
2	0	1.07959604263
2	1	0.82626914978
2	0	0.852755069733
2	0	0.893168926239
2	0	0.91946387291
2	1	0.599460840225
2	1	0.62645316124
2	0	1.07957386971
2	0	0.932848930359
2	0	1.50615215302
2	0	1.0127620697
2	0	0.706241130829
2	0	1.15902209282
2	1	0.639526128769
2	1	0.679522037506
2	1	0.572835922241
2	1	0.666437864304
2	0	0.906100034714
2	1	0.586203098297
2	1	0.639530181885
2	1	0.586268901825
2	1	0.586184978485
2	1	0.519905805588
2	1	0.666571855545
2	0	0.386699914932
2	0	0.413397789001
2	1	0.626535892487
2	1	0.892817974091
2	0	0.652868032455
2	1	0.599476099014
2	1	0.772828102112
2	1	0.839927911758
2	1	0.679558038712
2	1	0.61288690567
2	1	0.426138877869
2	1	0.679558992386
2	1	0.812866926193
2	0	0.866145849228
2	0	0.839536905289
2	1	0.812880039215
2	0	0.799574136734
2	1	0.572860002518
2	0	1.38585710526
2	1	0.999492168427
2	1	0.573207855225
2	1	0.746716976166
2	0	0.906199932098
2	1	0.599461078644
2	1	0.746138811111
2	1	0.640065908432
2	1	0.653345108032
2	1	0.746104001999
2	1	0.786197900772
2	1	0.639678955078
2	0	0.666638851166
2	0	0.732939958572
2	1	0.572819948196
2	1	0.719573020935
2	1	0.61282992363
2	1	0.599666118622
2	0	0.453464031219
2	1	0.653327941895
2	1	0.626661062241
2	1	0.533205986023
2	1	0.666095018387
2	0	0.692851066589
2	0	0.852777957916
2	0	1.10615897179
2	1	0.519445896149
2	1	0.586312055588
2	1	0.612790822983
2	1	0.719676017761
2	1	0.67999792099
2	0	0.426567077637
2	0	0.493377923965
2	0	0.732928037643
2	1	0.732837915421
2	0	0.586246013641
2	0	0.586181163788
2	1	0.746380090714
2	0	1.18614006042
2	1	0.839562177658
2	1	0.932903051376
2	1	0.732896089554
2	1	0.719671964645
2	0	0.813060998917
2	0	0.866142988205
2	1	0.732805013657
2	1	0.786740064621
2	1	1.05291604996
2	0	1.31914710999
2	1	0.706174850464
2	1	0.653123140335
2	1	0.613427877426
2	1	0.8929438591
2	0	2.06558203697
2	1	0.706520080566
2	1	0.360019922256
2	1	0.852729082108
2	1	0.892848014832
2	0	0.959475040436
2	1	0.652854919434
2	1	0.679520845413
2	0	0.679560899734
2	1	0.799973011017
2	0	1.1862051487
2	1	0.626534938812
2	1	0.719916820526
2	1	0.639518976212
2	1	0.8394510746
2	1	0.692920923233
2	1	0.800000905991
2	0	0.959473133087
2	1	0.746089935303
2	1	0.680035829544
2	1	0.75951385498
2	1	1.09284090996
2	0	2.21237897873
2	1	0.959532022476
2	0	0.719478130341
2	1	0.69287109375
2	1	0.572813034058
7	1	0.879539012909
7	0	1.18603801727
7	1	0.852792978287
7	1	0.679502010345
7	1	0.866598844528
8	1	0.626295089722
7	1	0.879425048828
7	0	0.572741985321
8	1	0.586449146271
8	1	0.613330125809
7	1	0.640012979507
8	0	0.70619893074
8	1	1.0795481205
8	1	0.826472043991
8	1	0.932854890823
7	1	0.679457187653
8	1	0.613318920135
7	1	0.812813997269
7	0	0.839447021484
7	1	0.919486045837
7	1	0.666445970535
8	1	0.919526100159
8	1	0.63946390152
7	0	1.59955596924
8	1	0.733401060104
8	1	0.506717920303
7	1	0.573076963425
8	1	0.639461994171
7	0	0.719480037689
7	1	0.492841005325
8	1	0.839447021484
8	1	0.573277950287
8	1	0.693002939224
8	0	1.09285116196
8	1	0.613291978836
7	0	1.33275413513
7	1	0.94634604454
8	1	0.612801074982
7	0	0.986175060272
7	0	0.640016078949
8	1	0.772845983505
8	1	0.772839069366
7	1	1.0795109272
7	1	0.946156024933
7	1	0.839465141296
8	1	4.54459285736
8	1	0.852845191956
7	1	0.626280069351
7	1	0.759593963623
8	0	0.813292980194
8	1	0.746152877808
8	1	0.639464139938
7	1	0.959513187408
8	1	0.639987945557
7	0	0.946173906326
8	1	0.692825078964
7	0	1.02601194382
7	1	0.919497013092
7	1	0.586407899857
7	1	0.839909076691
7	1	0.639497041702
8	1	0.906212091446
7	1	0.839807987213
7	1	0.839523077011
7	1	1.11942195892
8	1	0.732933044434
7	1	0.759500026703
7	1	0.839433908463
7	1	2.09231495857
8	1	0.81286907196
8	1	0.840023994446
7	1	0.919498920441
8	1	0.919575929642
8	1	0.626645088196
8	1	0.719521045685
7	1	0.612911939621
7	1	0.692836046219
7	1	0.572943925858
8	1	0.760009050369
7	1	0.706208944321
7	1	0.639438152313
7	0	0.612810134888
8	1	0.772789955139
7	1	0.666646003723
8	1	0.586672782898
7	0	1.53289008141
7	1	0.71951007843
7	1	0.826267004013
7	1	0.679552078247
7	1	2.9053580761
8	0	0.679467916489
7	1	0.599524021149
8	0	0.666136026382
8	1	1.31927394867
7	1	0.692687034607
8	1	0.546576023102
7	1	0.879877090454
7	1	1.13285398483
8	1	0.81329202652
7	1	0.866081953049
7	0	0.599499225616
8	1	0.692719936371
8	1	0.586614131927
7	1	0.533337116241
7	0	1.06616616249
7	0	0.959557056427
8	1	0.613332986832
7	0	0.59979891777
7	1	1.10623598099
8	1	0.720079183578
7	1	0.746158123016
8	1	1.43903303146
8	1	0.879554986954
8	0	5.23707890511
7	1	0.626260995865
8	1	0.599464178085
7	1	0.759583950043
8	1	0.70662689209
7	1	0.826117038727
8	1	2.10565900803
8	1	0.799530982971
8	1	3.38466787338
8	1	0.732737064362
6	0	0.719995975494
5	1	0.706233978271
6	1	0.746062040329
5	1	0.706176996231
6	0	0.586559057236
5	1	1.15949892998
6	1	0.572867870331
6	1	1.57247710228
5	1	0.572943210602
6	1	0.733262062073
5	1	1.37290692329
5	1	0.826441049576
6	1	0.799497127533
6	1	1.33238983154
5	1	3.11853313446
5	0	4.66468596458
5	1	0.612870931625
6	1	0.612920999527
5	1	0.62614607811
6	1	0.506150007248
5	1	0.826196908951
6	0	0.746678829193
6	1	0.799515008926
6	1	0.772863864899
6	0	0.866410017014
5	1	0.759496927261
5	1	0.66613984108
5	1	0.719530105591
5	1	0.759845018387
6	0	0.346793889999
6	1	0.853107213974
6	1	4.79750084877
5	1	0.746123075485
6	1	0.653414011002
6	1	0.626668930054
6	1	3.93125605583
6	1	0.706203937531
5	1	1.47932600975
5	1	0.879860162735
5	1	0.746248960495
6	1	0.892838001251
5	1	0.693268060684
5	1	0.706624984741
6	1	0.666229963303
5	1	0.679516792297
5	1	0.679486989975
6	1	0.679723024368
6	1	0.573265075684
5	1	0.706497907639
5	0	0.759530067444
5	0	0.906254053116
5	1	0.693292140961
6	0	1.19949197769
6	0	1.01282811165
6	1	0.639522075653
6	1	0.666155099869
6	1	0.652783155441
5	1	0.586612939835
6	0	0.693283081055
6	1	1.02611613274
5	1	0.866229057312
6	1	0.812931060791
6	0	1.33291506767
6	0	1.02622413635
5	0	0.599705934525
5	1	0.786656141281
5	0	0.652947902679
5	0	1.0794301033
6	0	0.879758834839
6	1	0.719470977783
6	1	0.639461994171
6	0	1.51904892921
6	1	0.586196184158
6	1	0.746428012848
5	1	0.719905853271
5	1	0.946177959442
5	1	0.866185903549
5	0	1.05282497406
5	1	0.759497880936
6	1	0.83984708786
6	1	0.519809007645
5	1	3.65140414238
6	1	0.639450073242
6	0	1.29230308533
6	1	0.692703962326
5	0	0.879503011703
6	1	0.653347969055
6	1	0.919507980347
6	1	0.759485006332
5	1	0.74662399292
5	1	0.63991689682
6	1	0.692780017853
5	1	0.612796068192
5	1	0.892883062363
6	1	0.453349113464
6	1	2.06556010246
6	1	0.879509925842
6	1	0.680022954941
5	1	5.7040541172
5	1	0.719475030899
6	0	2.58518004417
6	1	1.03952503204
5	1	1.25294184685
6	1	0.986152172089
5	0	0.652874946594
5	1	0.786119937897
5	1	0.626760005951
6	1	0.826289892197
5	0	6.68976020813
5	1	0.879484176636
6	1	0.746694087982
6	1	0.73278594017
5	1	0.812834978104
6	1	1.09248495102
6	1	0.839432001114
4	0	1.69280195236
4	0	0.666096925735
4	1	0.746164798737
4	1	0.71952009201
4	0	1.61277794838
4	1	0.879516839981
4	1	0.546190977097
4	0	0.719408988953
4	1	0.706223964691
4	0	0.57329916954
4	1	1.15953493118
4	1	1.0129430294
4	0	0.719561100006
4	0	0.826171159744
4	0	0.772917032242
4	1	3.11851811409
4	0	0.852928876877
4	1	0.706739902496
4	0	1.14624404907
4	1	0.759902954102
4	1	0.892850160599
4	1	1.30587410927
4	1	0.759505987167
4	0	0.800045967102
4	1	0.65281701088
4	1	0.639456987381
4	0	0.692830085754
4	0	0.759533882141
4	1	0.573328971863
4	1	1.23955917358
4	1	0.786464929581
4	0	0.706422805786
4	1	0.892862081528
4	0	0.799561977386
4	0	0.946192026138
4	1	0.879462003708
4	1	0.866770982742
4	1	0.652899980545
4	0	5.02418994904
4	1	0.679922103882
4	0	0.919484853745
4	0	1.46578407288
4	0	0.71949505806
4	1	0.759534835815
4	1	0.892728090286
4	1	0.759464025497
4	1	5.42366790771
4	1	0.879550933838
4	1	0.733369112015
4	0	2.1323390007
4	1	0.65337896347
4	1	0.786395072937
4	1	0.812839031219
4	1	0.572749853134
4	1	0.692787885666
4	0	1.22611403465
4	0	0.839508056641
4	1	0.653249025345
4	1	0.93279004097
4	1	0.666076898575
4	1	0.786428928375
4	1	0.772964000702
4	1	0.799528121948
4	1	0.626202106476
4	1	0.639801979065
4	1	0.879643917084
4	1	0.612860918045
4	1	0.666132926941
4	1	0.786207914352
4	1	1.58622598648
4	0	7.54319000244
4	1	0.746412992477
4	1	0.666209936142
4	0	0.799417972565
4	1	1.07925796509
4	1	1.01278305054
4	1	1.35945510864
4	0	0.799715995789
4	1	0.772921085358
4	0	0.986144065857
4	0	0.839922189713
4	1	5.89045500755
4	1	0.892883062363
4	1	0.85297203064
4	0	7.02322506905
4	1	0.693372964859
4	1	0.81285405159
4	0	0.586185932159
4	1	0.906188011169
4	1	0.626743078232
4	1	0.733138084412
4	1	0.679494857788
4	1	0.772901058197
4	0	0.772880077362
4	0	1.1061360836
4	1	0.586072921753
4	1	0.652928829193
4	1	0.733357906342
4	1	3.70476222038
4	1	0.892867088318
4	1	0.679662942886
4	1	0.79996919632
4	1	1.91894197464
4	0	1.22563910484
4	1	1.89227199554
4	1	1.07936286926
4	1	0.759603023529
3	1	0.906168937683
3	1	0.733323812485
3	1	1.10615205765
3	0	0.799410104752
3	1	0.653337955475
3	1	0.719439983368
3	1	0.626163959503
3	1	0.892796993256
3	1	0.786679029465
3	1	0.759446144104
3	0	0.692856788635
3	0	0.652787923813
3	1	0.533241987228
3	1	0.786659002304
3	0	0.706212997437
3	1	0.652935028076
3	0	1.18612599373
3	1	0.812703132629
3	1	0.812758922577
3	0	1.26613283157
3	1	0.759525060654
3	1	2.10571694374
3	1	0.559580087662
3	1	0.83952999115
3	1	0.799441099167
3	1	0.839649915695
3	1	0.759514093399
3	1	0.839565038681
3	1	0.599962949753
3	1	0.626703023911
3	1	1.53276395798
3	0	2.94507908821
3	1	0.852901935577
3	0	4.61135196686
3	0	0.959459066391
3	1	0.986063957214
3	0	3.79807710648
3	1	0.452745914459
3	0	0.532800912857
3	0	0.732754945755
3	1	0.666207790375
3	1	0.519930124283
3	1	1.1727809906
3	1	1.70555520058
3	1	1.17244100571
3	0	1.86565709114
3	0	0.933100938797
3	0	0.666121006012
3	1	0.67950296402
3	0	0.572829008102
3	1	0.626229047775
3	1	0.586478948593
3	1	5.43751502037
3	1	1.27942180634
3	1	7.15619397163
3	1	1.30620598793
3	1	0.679688215256
3	1	0.799458026886
3	1	0.692799091339
3	1	0.519816875458
3	1	2.37843513489
3	1	0.679169893265
3	1	0.653314828873
3	1	0.812875032425
3	1	0.479463100433
3	1	1.25280618668
3	1	0.732767105103
3	1	0.906094074249
3	1	0.519708871841
3	0	1.26594996452
3	1	0.599524974823
3	1	0.586133003235
3	1	0.639715909958
3	1	0.69323515892
3	1	0.600004911423
3	1	0.946228981018
3	0	0.812783002853
3	1	0.653339862823
3	1	1.13282799721
3	1	0.719794988632
3	0	0.560028076172
3	0	1.9457628727
3	1	0.666160821915
3	1	0.746110916138
3	1	0.786560058594
3	1	0.639489173889
3	1	0.732841014862
3	1	1.14589095116
3	0	0.972826004028
3	1	0.919800043106
3	1	0.70624089241
3	1	0.639456033707
3	0	1.3323931694
3	1	0.679502010345
3	1	0.746137142181
3	1	0.693350076675
3	1	0.772884130478
3	1	0.599555015564
3	1	1.81226110458
3	1	1.02609586716
3	1	9.62166690826
3	1	0.679503917694
3	1	1.19903302193
3	1	0.572875976562
3	1	0.559510946274
3	0	0.519523859024
3	1	1.06618499756
6	1	0.786130905151
5	1	0.572813987732
5	1	0.546190023422
6	1	0.679452180862
6	0	0.773298978806
5	1	0.666502952576
6	1	0.706027984619
5	0	0.652796983719
5	1	0.69283413887
6	1	1.22624802589
6	1	6.48989391327
5	1	0.666122913361
6	1	0.599604129791
6	1	6.62369799614
6	1	0.560039997101
6	1	0.506614923477
6	1	0.919507026672
6	1	0.732810974121
6	1	0.693022012711
6	1	1.29280400276
5	1	0.532890081406
6	1	0.613054990768
5	1	0.599981069565
6	0	0.653285980225
5	1	1.25290799141
6	1	0.706686019897
6	1	0.599900960922
5	1	0.706197023392
5	1	0.612937927246
5	1	0.732871055603
5	1	0.826671123505
6	1	0.546638965607
6	0	0.83951997757
5	1	0.706065893173
6	1	0.61300611496
5	1	0.679996013641
5	1	0.67986702919
6	1	0.612804889679
6	0	0.612920045853
6	1	0.666197061539
5	1	0.719498157501
5	1	0.759999990463
5	1	0.639706850052
5	1	0.999558925629
6	1	0.599881887436
6	1	0.693335056305
5	1	0.71946310997
6	1	0.999485015869
5	1	0.573314905167
5	1	0.586659908295
5	1	0.746378183365
6	1	0.692831039429
5	1	0.746180057526
6	1	0.812903165817
6	0	0.892848968506
5	1	0.692934036255
6	0	0.452879905701
5	1	0.599461078644
6	1	0.546235084534
6	0	0.906443834305
5	1	2.23904299736
5	1	0.719979047775
5	1	6.54371500015
6	0	0.946166992188
5	0	0.426175117493
6	1	0.812840938568
5	1	0.800034046173
6	1	0.759588003159
6	1	1.11947798729
6	1	2.79850578308
5	1	0.95946097374
5	1	0.74661397934
6	1	0.839467048645
5	1	4.95750021935
5	1	0.786645889282
5	0	1.13286399841
6	1	0.773369073868
5	0	0.679506063461
6	1	0.879502058029
5	1	0.679548025131
6	1	0.879638910294
5	0	0.746177911758
5	1	0.799489021301
6	1	0.893164873123
5	1	0.706191062927
5	0	0.412806987762
6	1	0.639586925507
5	1	1.1728310585
5	1	0.666218042374
6	1	0.452860116959
6	0	0.240009069443
5	1	0.799525976181
5	0	4.34445309639
5	1	0.373292207718
5	1	0.506603002548
6	1	0.652970075607
6	1	0.652871847153
6	1	1.77232289314
6	1	0.799723148346
5	0	1.1062309742
5	1	1.11907291412
5	1	0.626239061356
5	1	2.43843913078
6	1	1.42574286461
5	0	0.799422025681
6	0	0.626201868057
5	1	1.05270910263
6	1	7.28984689713
5	0	0.95947098732
5	0	0.666205883026
5	1	0.826486110687
6	0	0.613394975662
6	1	0.639482021332
5	1	1.38601493835
5	1	1.25283002853
8	1	0.852814912796
7	1	0.63952589035
7	0	0.6661901474
8	1	0.519465923309
8	1	0.626183986664
7	1	0.493396997452
7	1	0.946212053299
8	0	0.546115875244
8	1	0.812801122665
8	1	0.799515962601
8	1	4.34469008446
8	1	0.640002965927
8	0	0.533366203308
8	1	0.733090162277
8	0	0.506371974945
8	0	9.96825695038
8	1	1.07926392555
8	1	0.559453010559
7	0	0.66618013382
7	1	1.43906807899
7	0	0.519528865814
8	1	0.932739973068
8	1	0.520015001297
7	0	0.666612148285
7	1	0.639442920685
7	0	0.5862159729
7	0	6.70321798325
7	0	0.839555025101
7	1	1.34620499611
7	1	0.640011072159
7	1	0.573275089264
8	1	0.560013055801
8	1	0.560018062592
7	1	0.706202030182
8	1	0.532897949219
8	1	0.866106987
8	0	0.73331785202
8	1	6.47709417343
8	1	0.706376075745
7	1	7.96927714348
7	1	0.519829034805
7	1	0.706516981125
8	0	0.439956188202
7	1	0.586672782898
7	1	0.640050172806
7	0	3.1851580143
7	1	0.640058040619
8	0	0.53338599205
8	1	8.72900891304
7	1	0.826195955276
8	1	0.759465932846
7	1	0.666697978973
8	0	0.666516065598
7	0	0.559571027756
7	1	0.466329813004
8	1	0.812906980515
8	1	0.506242990494
7	1	0.599523067474
7	1	0.426314115524
8	1	0.426185131073
7	1	0.519443035126
7	0	0.399473905563
7	0	4.02476286888
7	1	0.640080928802
8	0	8.4627289772
7	0	0.879498958588
7	0	0.439561128616
8	1	0.572762012482
7	0	0.559566020966
8	1	0.866250038147
8	0	0.506592988968
8	1	0.906272172928
7	1	1.06621313095
8	1	0.919491052628
8	1	0.546272993088
7	1	0.532754898071
7	1	0.372792005539
7	0	6.39645910263
7	1	0.839420080185
7	1	0.492907047272
7	1	0.612828969955
7	1	5.18412399292
8	1	0.772867202759
7	1	0.599815130234
8	0	4.71809697151
8	1	0.466552972794
7	0	1.9723508358
8	1	0.706202030182
7	0	1.97232604027
7	1	0.613354921341
8	1	0.639845132828
8	1	0.692851066589
8	1	0.812874078751
7	1	0.853004217148
7	0	0.746252059937
8	0	0.892814874649
7	1	0.839736938477
7	1	1.01286220551
8	1	0.559494972229
5	1	0.679579019547
6	0	0.680153846741
5	1	0.586709976196
6	0	0.533254861832
6	1	0.506503820419
6	0	0.479915142059
6	1	0.666162014008
5	1	0.492919921875
5	1	0.746111869812
5	0	0.452816009521
6	1	0.652709960938
6	1	0.8531229496
5	1	0.772785186768
6	1	0.70611000061
5	1	5.01085805893
6	1	0.666231870651
6	1	0.559443950653
6	1	0.679475069046
5	1	0.626088142395
5	1	0.69294500351
6	1	2.59908485413
6	1	0.600075960159
6	1	0.479985952377
5	1	0.520008802414
6	1	0.812838077545
5	1	3.90458106995
5	1	0.586746931076
5	1	0.693376064301
6	0	4.97095012665
5	1	0.706100940704
5	0	0.786648035049
6	1	0.852865934372
6	1	0.652809143066
5	1	0.58617401123
5	1	0.559800863266
6	1	5.75760388374
5	0	0.772781133652
5	1	0.692759990692
5	1	0.972833871841
6	1	0.453297138214
5	1	0.506647825241
6	1	0.413299798965
5	0	6.99650502205
6	1	0.612766981125
5	1	0.812792062759
6	1	6.17033791542
5	1	0.786108016968
6	1	0.866529941559
6	1	1.82562804222
5	1	0.572870969772
5	1	1.13243603706
5	1	0.492846012115
6	1	0.572839975357
5	1	0.732802867889
5	1	0.439440011978
6	1	0.652825117111
6	0	3.15810084343
5	1	0.719549179077
6	0	0.812813043594
5	0	1.98571705818
6	1	0.559470891953
5	1	0.532800912857
6	1	0.692742109299
6	0	0.479687929153
5	0	0.839682102203
5	0	1.05279898643
5	0	0.932875871658
5	1	1.11949086189
5	1	0.799448013306
6	1	0.493432044983
5	1	0.53336596489
5	0	1.05293607712
5	0	1.14594197273
5	0	3.46499800682
6	1	1.07949995995
6	0	1.26614999771
6	1	0.879438877106
6	1	0.453374862671
6	0	0.773218870163
5	1	0.572936058044
6	1	0.666178941727
6	1	0.612786054611
6	0	0.732837915421
5	1	5.49089694023
6	0	6.46375083923
5	1	0.972985029221
6	0	2.78511404991
5	1	1.97230601311
5	1	1.5728058815
5	1	0.746135950089
6	0	0.732779979706
6	0	0.652813911438
5	1	0.62655711174
5	1	0.666715145111
5	1	0.506661891937
6	1	0.613240003586
6	0	0.572956085205
5	1	0.906268835068
5	1	1.34573197365
5	0	0.54611992836
6	1	0.972830057144
6	1	0.852880001068
6	1	0.599576950073
5	0	0.74614405632
5	1	0.719929933548
6	1	0.732861042023
6	1	0.706206083298
6	1	0.91951584816
6	1	0.613286972046
5	1	0.693094015121
5	1	0.826144933701
4	1	1.58577299118
4	0	0.932857990265
4	1	0.719703912735
4	1	0.799690961838
4	1	0.786190032959
4	1	0.812839031219
4	1	0.813220977783
4	1	0.732908010483
4	0	0.772800207138
4	1	0.719706058502
4	0	0.879500150681
4	1	0.759453773499
4	0	0.986227035522
4	0	0.639699935913
4	0	0.652825117111
4	1	0.626132965088
4	1	0.786118030548
4	0	0.799952030182
4	0	4.22471380234
4	1	0.853116035461
4	1	5.07754802704
4	1	0.826694011688
4	1	0.746110916138
4	1	0.812824010849
4	0	0.852979898453
4	1	0.533362865448
4	1	0.986191034317
4	1	0.732871055603
4	0	0.613404989243
4	1	0.919515132904
4	0	2.06568789482
4	1	0.466698884964
4	0	0.519929885864
4	0	0.892822980881
4	1	0.692979097366
4	1	0.866122961044
4	0	0.52000784874
4	1	0.773084878922
4	1	1.03955292702
4	1	0.839974880219
4	0	0.799494981766
4	0	0.97287607193
4	1	0.826354026794
4	1	0.772817850113
4	1	1.33226490021
4	1	2.14557790756
4	0	3.42528605461
4	1	0.812998056412
4	1	0.679443120956
4	1	0.679590940475
4	0	0.706163167953
4	1	0.693320035934
4	1	0.613240003586
4	0	0.692729949951
4	1	0.852811813354
4	1	0.813191890717
4	1	0.706306934357
4	1	2.70518016815
4	1	4.85082292557
4	1	8.59596586227
4	1	0.826256036758
4	1	0.559475898743
4	1	0.639493942261
4	1	0.66622710228
4	1	0.586248874664
4	1	0.586595058441
4	1	0.600016117096
4	0	0.613357782364
4	1	6.41040706635
4	1	0.613306999207
4	1	0.639530897141
4	1	0.479557037354
4	1	4.4246160984
4	0	0.759481191635
4	1	0.786237955093
4	1	0.746654033661
4	0	0.772821187973
4	1	0.506086826324
4	1	0.826169967651
4	0	0.946241140366
4	1	6.96976590157
4	1	0.732764005661
4	0	0.506670951843
4	0	0.70662689209
4	1	0.839458942413
4	1	0.852854967117
4	1	1.01273703575
4	0	0.866112947464
4	1	0.466171979904
4	0	0.959454059601
4	0	1.18626499176
4	1	0.813306093216
4	1	0.732791900635
4	1	0.799419879913
4	1	0.71952009201
4	1	0.932865858078
4	0	0.866226911545
4	0	0.586301088333
4	0	0.853145122528
4	0	0.826155900955
4	1	1.85235404968
4	1	0.626745939255
4	0	0.560032129288
4	1	0.626690149307
4	1	1.27941823006
4	1	2.93189811707
4	0	0.492786884308
4	1	5.29069876671
4	1	0.612838029861
8	1	0.666127920151
7	1	0.572834968567
8	1	0.532923936844
7	1	0.959494113922
7	0	0.759650945663
7	0	0.639537096024
8	1	0.559540987015
7	0	0.532843112946
7	0	0.639472007751
8	1	0.612908840179
8	1	1.13282608986
7	1	0.999474048615
8	1	0.719962120056
7	1	0.879576921463
7	0	0.679481983185
7	1	0.759835958481
7	1	0.786147117615
7	0	0.586212158203
7	0	0.479517936707
7	1	0.213446140289
7	1	3.75805306435
7	1	0.759491920471
8	1	0.852880954742
8	1	2.79849910736
8	0	1.14616894722
8	1	0.71999001503
7	1	0.799513816833
7	1	0.519465923309
7	1	0.599509954453
8	1	0.41280579567
7	1	0.492873191833
8	0	7.08993387222
8	0	0.639528036118
7	1	0.426550149918
7	1	4.29137301445
7	0	0.573347091675
7	1	5.70369696617
8	0	0.772798061371
7	1	0.99950003624
8	1	5.46414613724
8	1	0.919498920441
7	1	0.519500017166
8	0	0.532822847366
7	1	0.426290988922
7	1	0.466071844101
8	1	0.772847890854
7	1	0.893281936646
8	0	0.906100988388
7	1	0.626207113266
8	1	0.65333199501
8	1	0.626255989075
8	1	5.13080883026
7	1	0.560075044632
8	0	0.65337395668
8	1	0.892899990082
8	1	0.466196775436
7	1	0.53281378746
8	1	3.1980919838
7	1	0.532880783081
7	1	0.826213121414
7	0	0.492874860764
7	1	0.839603185654
8	1	0.533391952515
8	1	0.506662130356
8	0	0.599951982498
8	1	0.612963914871
7	1	0.586272001266
7	1	0.492788791656
7	0	0.492724180222
8	1	0.519462823868
7	1	0.652865886688
8	0	0.612907886505
7	1	0.746095895767
7	1	0.573248147964
7	1	0.70645904541
8	0	1.78568601608
8	1	0.532919883728
8	0	6.96984386444
7	1	1.09293198586
7	0	7.06311297417
7	0	1.65230417252
8	1	1.31937599182
8	1	0.493347883224
7	1	0.692941904068
8	1	1.77239489555
7	0	0.572971105576
8	1	7.42300701141
7	1	0.546225070953
8	0	0.466459989548
8	0	0.773086071014
7	1	0.826164960861
7	1	0.612815141678
8	0	4.10456991196
7	1	0.732918977737
8	1	0.63955783844
7	1	0.519560098648
8	1	0.426186084747
8	0	0.42605805397
8	0	0.546138048172
8	1	9.34186387062
7	1	0.492994070053
7	0	0.506219863892
2	0	0.852926015854
2	1	0.440006017685
2	0	0.426728010178
2	0	0.533271074295
2	1	0.440011024475
2	0	0.546591043472
2	1	0.759772062302
2	1	0.466518163681
2	1	0.612792015076
2	0	3.09184980392
2	0	0.773208141327
2	0	0.572951078415
2	0	0.612879991531
2	1	0.83956193924
2	1	0.972898006439
2	1	0.493223905563
2	1	0.492983102798
2	0	0.546193122864
2	1	1.05287194252
2	1	0.786723852158
2	1	0.986167907715
2	1	1.06608009338
2	0	0.866225004196
2	1	0.706171035767
2	0	0.439954042435
2	1	0.746452093124
2	0	3.63848209381
2	1	0.946196079254
2	1	0.479557991028
2	1	0.479546070099
2	1	0.799523830414
2	0	0.573266983032
2	1	0.892738819122
2	1	1.74565696716
2	1	0.599570989609
2	1	0.746300935745
2	0	0.400079011917
2	0	0.666611909866
2	0	5.59759712219
2	0	0.746086120605
2	1	0.506217002869
2	0	0.559532880783
2	1	0.572839975357
2	1	0.679446935654
2	0	0.8931889534
2	0	0.4266269207
2	1	6.3837761879
2	0	0.50657081604
2	0	0.613298177719
2	1	0.719511985779
2	1	0.719568967819
2	1	0.413238048553
2	1	0.386672019958
2	1	0.413307189941
2	1	7.8226749897
2	1	0.532847881317
2	0	0.772878170013
2	0	0.452970981598
2	1	0.746224164963
2	1	0.679956912994
2	1	0.426754951477
2	1	8.23596096039
2	0	0.866626977921
2	1	0.586436986923
2	1	7.84927392006
2	1	1.01274609566
2	1	0.652894020081
2	1	0.506189823151
2	1	8.60881590843
2	1	0.519471883774
2	0	0.572907924652
2	1	0.772849082947
2	1	0.959470033646
2	0	0.626096010208
2	1	0.79944896698
2	1	0.706423997879
2	1	0.453336954117
2	0	0.932817220688
2	0	0.519459962845
2	0	0.892779827118
2	1	0.706607818604
2	1	0.626797199249
2	1	0.812837123871
2	0	7.60943984985
2	1	1.10611701012
2	0	0.666387081146
2	1	0.559495925903
2	0	0.839479923248
2	1	0.732792139053
2	0	0.852816104889
2	1	0.74617600441
2	1	0.559538841248
2	0	0.466165065765
2	0	0.519487857819
2	0	0.559591054916
2	1	0.626158952713
1	1	0.626163005829
1	0	0.652799129486
1	1	0.573094129562
1	1	0.519947767258
1	1	0.573393106461
1	1	0.546712875366
1	1	0.559996128082
1	1	0.320070028305
1	0	6.78370285034
1	1	0.626270055771
1	1	0.679533958435
1	1	0.55954003334
1	1	0.519512891769
1	1	0.612882852554
1	1	0.506236076355
1	1	0.506234884262
1	1	1.30589079857
1	1	0.69287610054
1	1	0.63978600502
1	0	3.95806694031
1	1	0.532785892487
1	1	0.49284696579
1	1	0.439503192902
1	1	0.466265201569
1	1	7.50257086754
1	0	0.719471931458
1	1	0.719526052475
1	1	0.746524095535
1	0	0.719721078873
1	1	0.839504003525
1	1	0.999478816986
1	1	1.4929049015
1	0	0.519998073578
1	1	0.919449806213
1	1	0.78621006012
1	0	4.70468497276
1	1	1.19948792458
1	1	0.759932041168
1	1	0.60001206398
1	1	5.2775220871
1	0	7.24989795685
1	1	0.572932004929
1	0	0.893221139908
1	1	0.639450073242
1	1	0.626186132431
1	1	0.572870016098
1	1	0.692847967148
1	0	0.53301692009
1	0	4.26463699341
1	0	2.27851390839
1	1	0.612883090973
1	1	0.67949795723
1	1	1.06602191925
1	0	0.599458932877
1	0	0.346645832062
1	1	5.45090103149
1	1	1.07947778702
1	1	0.693076133728
1	1	0.626778841019
1	1	5.67728185654
1	1	0.692787885666
1	0	3.67803812027
1	1	0.586091995239
1	1	0.612946987152
1	1	0.853198051453
1	1	0.906125068665
1	0	1.17245197296
1	1	0.572854995728
1	1	0.906182050705
1	1	0.759524106979
1	1	0.893079042435
1	1	0.613107919693
1	1	0.866246938705
1	0	1.94560289383
1	1	1.03959608078
1	1	0.666125059128
1	1	0.79993391037
1	0	0.546633005142
1	1	0.546556949615
1	1	6.84983205795
1	0	1.14607596397
1	1	0.626162052155
1	1	0.732764005661
1	0	0.706214904785
1	1	1.38623213768
1	1	0.786301136017
1	0	6.70354795456
1	1	0.572921991348
1	1	0.719547986984
1	1	0.49279999733
1	1	0.439455032349
1	1	0.786051988602
1	0	2.21215581894
1	1	0.452851057053
1	1	0.892841815948
1	1	0.613384008408
1	1	0.626672029495
1	0	0.71950006485
1	1	0.572793006897
1	0	0.919405937195
5	1	1.69286489487
5	1	1.42622685432
6	1	0.666239976883
6	1	0.759526968002
5	1	0.679537057877
6	1	0.639815092087
5	1	0.786612033844
5	1	0.799523115158
5	0	0.63952088356
5	1	0.866176843643
5	1	0.573308944702
6	0	0.852802991867
5	1	1.11951398849
5	0	1.17280006409
5	1	0.599843025208
6	1	0.613441944122
5	0	0.586693048477
5	0	0.666402816772
6	1	0.866091012955
6	0	0.586258888245
5	1	1.02609014511
6	0	0.839514970779
6	1	0.706202983856
5	0	0.559922933578
5	0	0.479967832565
5	0	0.613275051117
5	1	0.866232156754
6	1	0.626214027405
6	1	0.586150169373
5	1	0.626163959503
5	1	0.533100128174
5	0	0.639868974686
5	1	0.640053987503
6	0	0.480000972748
5	1	0.653386116028
5	1	0.573019981384
5	1	0.692833900452
6	1	0.572890996933
6	0	0.706172943115
6	1	0.493224859238
5	1	0.546583890915
5	0	1.18616294861
6	0	0.732830047607
6	1	0.746581077576
6	1	2.17233514786
5	1	0.492866039276
5	1	0.75958108902
6	1	0.613370895386
5	1	0.786118984222
6	0	0.492853879929
6	1	0.666121006012
5	1	0.772836923599
6	0	0.426645040512
5	1	0.546492099762
6	1	0.480005979538
6	1	0.599900007248
6	1	0.506721973419
5	1	0.466746091843
6	1	0.586663961411
5	1	0.719825029373
6	1	0.386658906937
6	1	1.95896887779
5	1	0.79948592186
5	1	0.706671953201
5	1	0.6264128685
5	0	2.19903707504
6	1	0.64005112648
6	0	0.719514131546
6	1	0.932865858078
6	1	3.79825901985
5	1	0.972862958908
5	1	0.69284081459
5	1	0.532999038696
5	1	0.493214130402
6	1	0.653208971024
5	1	0.573339939117
6	1	0.613357067108
5	0	0.533293008804
6	1	0.546481132507
5	0	0.826160907745
5	0	1.43908905983
6	1	0.612898111343
5	1	0.866239070892
5	0	0.826169013977
5	1	1.57227993011
6	1	0.83949804306
5	0	0.719886064529
6	1	1.3061978817
6	0	1.2795279026
6	1	0.692852973938
5	1	0.853316068649
5	1	1.21282410622
5	1	0.666674852371
5	1	1.06611394882
5	1	0.679521083832
5	0	1.50615096092
6	0	0.679983139038
5	0	0.546596050262
5	1	0.639938116074
6	1	1.30610704422
5	1	0.799498081207
6	1	1.41266393661
6	1	0.786223888397
5	1	1.03958296776
5	0	1.18617892265
6	0	0.639919996262
5	1	1.15945601463
5	1	0.706276893616
6	1	0.773308992386
5	1	1.18612599373
6	0	0.759840011597
5	1	0.932856082916
5	1	2.10574102402
6	1	0.573343038559
6	1	2.21228122711
5	1	0.746570825577
6	1	0.786180973053
5	0	1.38568305969
6	1	0.799520969391
6	0	6.03696298599
6	1	1.01285195351
6	1	1.1592040062
5	1	1.19951510429
6	1	1.01284098625
8	1	0.932817935944
8	1	0.612831115723
7	1	0.479654788971
8	1	0.439635038376
7	1	0.439563989639
8	1	0.412828922272
7	1	0.412801980972
7	1	0.799520015717
8	1	0.466450214386
8	1	0.47976398468
7	1	0.559587001801
8	1	0.533313989639
7	0	0.906406879425
7	1	0.639481782913
7	1	0.786218881607
7	1	0.786230802536
7	1	0.81293797493
7	1	0.479631185532
7	1	0.652830839157
7	0	0.706171989441
8	1	0.572833061218
7	1	0.653122901917
7	1	1.03958106041
7	1	1.37226295471
8	1	1.45238494873
8	1	0.772765159607
7	0	1.30563902855
8	1	0.866227865219
7	1	0.573152065277
7	1	0.653402090073
7	1	0.719888210297
7	1	2.81184196472
8	1	0.759554862976
8	1	0.999470949173
7	1	0.612798929214
8	1	0.586237192154
7	1	0.612732172012
8	1	0.612850904465
8	1	0.666525125504
8	1	0.773208856583
7	0	0.62615609169
7	1	0.559572935104
7	1	0.599483013153
8	1	0.586064815521
7	0	0.959490060806
7	1	1.25286889076
8	1	3.15846419334
8	1	0.692799091339
7	0	1.38583397865
7	0	0.519470930099
7	1	0.626178979874
7	1	0.626446962357
8	1	0.760006904602
8	1	0.85275888443
7	1	0.58610701561
8	1	0.946216106415
8	1	6.37041807175
7	1	0.799693107605
7	1	0.519634962082
7	1	0.706113815308
8	1	0.479526042938
8	0	0.586042881012
8	1	0.679478883743
7	1	1.17266511917
8	1	5.15757012367
8	1	4.3714120388
8	1	0.746452093124
7	1	0.666120052338
8	0	1.23953604698
7	0	0.679574012756
7	1	0.706137180328
8	1	0.626053094864
7	1	0.812952041626
8	1	0.812901973724
7	0	1.05281281471
8	1	0.839684009552
7	0	0.772861003876
8	1	0.692728042603
8	1	0.73295712471
8	1	0.680003881454
8	1	0.679507017136
7	1	1.41255521774
7	1	0.639601945877
7	0	0.90608215332
8	1	0.693254947662
8	0	0.946264982224
7	1	1.3189740181
8	1	0.972855091095
8	1	1.09276795387
8	1	0.599471092224
7	1	0.61289691925
8	0	0.839415788651
8	1	0.61340713501
7	1	1.1061630249
8	1	0.639524936676
8	1	0.479974985123
7	0	0.586723089218
7	1	0.639991044998
8	0	0.879511117935
8	1	0.772757053375
7	1	0.666216135025
8	1	0.466671943665
7	0	0.799948215485
8	1	0.612823009491
7	1	0.772827148438
7	1	0.626173019409
8	1	0.786370992661
7	0	1.03951787949
7	0	1.26570105553
8	1	0.986109972
7	1	0.853368997574
8	1	0.466729879379
7	0	0.413347005844
8	0	0.439941167831
8	0	4.59801411629
8	0	0.932784080505
7	1	0.599514007568
8	1	0.892908096313
7	1	0.493355035782
8	0	0.453445911407
8	1	0.599974870682
7	1	0.692831993103
7	0	0.559489011765
1	1	0.879498004913
1	1	0.46610212326
1	1	0.439487934113
1	1	0.50615811348
1	1	0.399463891983
1	1	0.546264886856
1	1	0.519495010376
1	1	0.852890968323
1	1	0.706629991531
1	1	0.613092184067
1	1	0.786144971848
1	1	0.586201906204
1	1	1.05280399323
1	1	2.50555706024
1	1	0.852813005447
1	0	0.692785024643
1	1	0.813194990158
1	1	0.453257083893
1	1	0.426661014557
1	1	0.640021085739
1	1	2.02554988861
1	1	0.839478969574
1	1	1.23947191238
1	0	0.706475019455
1	0	1.10608100891
1	1	0.639522075653
1	1	0.746347904205
1	1	0.706660032272
1	1	0.786092996597
1	1	1.11949300766
1	0	3.02522802353
1	0	0.732804059982
1	1	0.746577978134
1	1	0.679515838623
1	1	2.86518311501
1	1	0.866389989853
1	0	1.10610508919
1	1	0.612835168839
1	1	0.560012102127
1	0	0.533468008041
1	0	0.520053863525
1	1	0.733394861221
1	1	1.2528898716
1	1	1.1995370388
1	1	1.98568987846
1	1	3.82464385033
1	0	0.986096858978
1	1	1.1328291893
1	0	1.85224986076
1	1	1.07955408096
1	1	0.559587001801
1	0	0.506204128265
1	1	0.626192092896
1	1	0.599860906601
1	1	0.826560974121
1	0	1.73228311539
1	1	4.22467207909
1	1	0.719552993774
1	0	0.359537124634
1	0	0.426525115967
1	1	0.546271800995
1	1	0.826205968857
1	0	6.74312114716
1	1	0.61332321167
1	0	0.746387958527
1	0	0.586111068726
1	1	0.572968006134
1	0	0.43944978714
1	1	0.466197013855
1	1	0.746155023575
1	0	3.3179628849
1	0	0.759449958801
1	1	0.786198139191
1	1	5.02409005165
1	1	0.652826070786
1	1	2.61179709435
1	1	5.3973929882
1	0	0.892868041992
1	1	0.772845983505
1	1	0.612825870514
1	0	0.439440965652
1	1	0.519511938095
1	1	0.479430198669
1	1	0.69287610054
1	0	3.4514708519
1	1	0.506221055984
1	1	0.479497909546
1	0	0.346122980118
1	1	0.572766065598
1	1	0.386106967926
1	1	0.652876853943
1	0	3.55800509453
1	0	0.4527759552
1	1	0.399485111237
1	1	3.43798208237
1	1	0.426489114761
1	1	0.466548204422
1	1	0.386649131775
1	1	2.13225913048
1	0	2.73187017441
1	1	4.17127394676
1	1	0.866099119186
1	1	0.559504985809
1	0	0.372822999954
1	0	0.492908000946
1	1	0.479485034943
4	1	0.799866914749
4	1	0.639579057693
4	1	0.586160898209
4	1	0.626204013824
4	1	1.19907593727
4	0	1.5457379818
4	1	1.25277519226
4	1	1.37295389175
4	1	0.772979021072
4	1	1.1462328434
4	0	0.839674949646
4	1	0.612900972366
4	1	0.866197824478
4	1	1.06596279144
4	0	3.38496184349
4	1	0.759501218796
4	1	0.559498071671
4	0	0.586177825928
4	0	0.479498147964
4	1	0.559548854828
4	0	0.626321792603
4	1	0.959474086761
4	1	1.0128660202
4	1	0.506654024124
4	1	0.719972133636
4	1	0.786174058914
4	1	0.666155815125
4	0	0.786190986633
4	0	0.893175125122
4	1	0.786145925522
4	1	0.946188926697
4	1	0.999493122101
4	1	1.33231902122
4	1	0.77283000946
4	1	3.06512308121
4	1	0.946143865585
4	0	0.799464941025
4	1	0.693341970444
4	0	0.639570951462
4	1	0.852751970291
4	1	0.70611000061
4	0	0.893051147461
4	1	0.746169090271
4	1	0.746180057526
4	1	0.719921827316
4	1	0.83944106102
4	1	0.866153001785
4	1	0.599594116211
4	1	1.11951112747
4	1	2.73185300827
4	1	5.02404808998
4	1	0.746239900589
4	1	4.49084997177
4	1	0.732882976532
4	0	3.65154290199
4	1	0.60006403923
4	1	0.959538936615
4	0	0.51953792572
4	0	0.466248035431
4	0	0.759407043457
4	0	0.679733991623
4	0	1.03953790665
4	1	0.626147031784
4	1	0.559518098831
4	0	0.919545173645
4	1	0.533336877823
4	1	0.61314702034
4	0	0.812982082367
4	0	0.692823886871
4	0	1.45274806023
4	1	0.653110980988
4	1	1.02615213394
4	0	0.679576873779
4	1	0.492874145508
4	1	0.906177997589
4	1	0.573275089264
4	1	0.506639957428
4	1	0.586565971375
4	1	0.612909078598
4	1	0.852860927582
4	1	0.839538097382
4	1	0.906141042709
4	1	0.586225032806
4	0	0.492718935013
4	0	4.14467406273
4	1	0.746249914169
4	1	0.706154108047
4	1	1.07926392555
4	0	1.8256111145
4	0	0.519439935684
4	1	0.586143016815
4	1	0.532823801041
4	1	0.812995910645
4	1	3.65167999268
4	1	0.959483146667
4	0	0.572929859161
4	1	7.11637115479
4	0	0.812845945358
4	0	0.772957086563
4	1	0.546653032303
4	1	0.573436975479
4	1	0.546720981598
4	1	0.812829017639
4	1	0.679558038712
4	1	0.772866010666
4	1	0.773129940033
4	0	0.839411020279
4	1	0.67950296402
4	1	0.653253078461
4	0	0.773191928864
4	1	0.706151008606
4	0	0.719398021698
4	1	0.639482975006
4	0	0.893225193024
4	0	0.732820034027
4	1	0.932968854904
4	1	0.626617193222
6	1	1.45283389091
6	1	0.972877025604
6	1	1.07926106453
6	0	0.879513978958
6	1	0.626096010208
6	0	0.666447877884
6	0	0.57341003418
6	1	0.586774110794
5	1	0.586603164673
5	1	0.493194103241
6	1	0.533072948456
6	1	0.572731018066
5	1	0.612833976746
5	0	0.639588117599
5	1	0.532904863358
5	1	0.666208982468
6	1	0.906507968903
5	0	0.612818002701
5	0	0.639491796494
6	1	0.506117105484
6	1	0.532775878906
5	1	0.959465026855
5	1	0.772979974747
5	1	0.626152992249
6	1	0.626184940338
5	1	0.679507017136
5	0	0.879779100418
6	1	0.560031890869
6	0	0.679503917694
5	1	0.812926054001
5	1	0.87952208519
5	1	0.613209962845
6	1	0.786065101624
5	1	0.612907886505
6	0	0.732862949371
6	0	0.706677913666
5	0	0.906243085861
6	1	0.599514007568
5	1	0.626137018204
5	1	0.626291036606
6	1	0.666678905487
5	1	0.71977686882
5	1	0.599509000778
6	1	1.34599089622
5	0	0.906189203262
5	1	3.71803689003
5	0	1.85277700424
5	0	2.31901812553
6	0	3.05179786682
5	1	0.77273106575
5	1	0.839823961258
6	1	0.799487113953
6	1	0.652816057205
6	1	0.63955616951
6	1	0.42670083046
6	1	0.519791126251
6	1	0.493273973465
5	1	0.573306083679
6	0	1.9855401516
6	1	0.439433097839
5	0	0.786145925522
6	0	1.01286196709
5	1	0.586569070816
6	1	0.49328994751
6	1	0.493281126022
6	1	0.599500894547
5	0	0.759497880936
6	1	0.692874908447
6	1	0.613363981247
5	0	0.959530830383
5	1	0.719580173492
6	1	0.572835922241
5	0	0.719651937485
6	1	0.466686010361
6	1	0.639999866486
6	1	0.653219938278
5	1	0.306709051132
5	0	3.26518082619
5	0	1.34619307518
6	1	0.75953412056
5	1	0.533433914185
6	1	1.03957080841
6	1	0.679502010345
6	1	0.559509992599
5	0	0.706443071365
5	0	0.479978084564
6	1	3.19857311249
5	1	1.14572405815
6	1	2.38562607765
5	1	4.22471284866
5	1	0.679972887039
6	1	0.879534959793
6	0	3.94462895393
6	1	0.573330879211
5	1	6.14361596107
6	0	0.546271085739
6	1	0.9198179245
6	1	0.69276714325
6	1	0.839560985565
6	1	0.626214981079
6	1	0.719921112061
6	1	0.692956924438
5	0	0.906121015549
6	0	0.452967882156
6	1	1.35905599594
6	1	0.586112976074
5	1	0.85274720192
6	0	4.43806791306
5	1	2.1722548008
6	0	4.3575258255
6	1	0.639401197433
6	0	0.599474191666
5	0	0.652921915054
6	0	0.613383054733
6	1	0.706499814987
5	0	0.706213951111
6	1	1.18620014191
6	1	0.932718038559
2	0	1.14625883102
2	1	0.852859973907
2	1	0.519433021545
2	1	0.666164875031
2	1	0.506129980087
2	1	0.532980203629
2	1	0.573038101196
2	1	0.906571865082
2	1	0.759509086609
2	0	0.826266050339
2	1	0.586684942245
2	1	0.573290109634
2	1	0.533322811127
2	1	0.66649389267
2	1	0.959444046021
2	1	0.706112146378
2	1	3.49191713333
2	0	1.47951197624
2	1	2.97184085846
2	0	3.29179620743
2	1	0.906027078629
2	1	0.786154985428
2	1	0.959546089172
2	0	1.26621413231
2	0	0.839471817017
2	0	0.812786102295
2	1	1.73272299767
2	1	0.826126813889
2	1	0.826156139374
2	1	0.986133098602
2	1	1.46622204781
2	1	0.85293006897
2	1	0.82616686821
2	1	1.82609009743
2	0	4.55778694153
2	0	0.986069202423
2	0	1.95914316177
2	1	0.892822980881
2	1	0.79944396019
2	0	0.746678113937
2	1	0.986185073853
2	1	1.13243889809
2	1	0.95956993103
2	0	1.38593697548
2	0	2.67845702171
2	1	0.706629991531
2	1	1.01277017593
2	1	0.892857074738
2	1	0.653297901154
2	0	1.15953707695
2	0	5.42409610748
2	1	0.666491985321
2	0	3.67850112915
2	1	0.692851066589
2	1	1.31943106651
2	1	0.626343011856
2	1	0.719452857971
2	1	4.984126091
2	1	6.01027488708
2	1	2.21222114563
2	1	2.69176101685
2	1	2.07899284363
2	1	3.37176394463
2	0	5.91707992554
2	1	0.946166992188
2	1	0.773167133331
2	1	0.653210878372
2	1	0.55961894989
2	0	0.386614084244
2	1	0.786071062088
2	1	0.532777070999
2	1	0.559484958649
2	0	4.61074709892
2	1	1.8523440361
2	1	5.54407405853
2	1	0.479928016663
2	0	0.7327709198
2	1	1.85230898857
2	0	0.39959692955
2	0	1.22568798065
2	1	0.546085119247
2	0	0.932761192322
2	1	0.653310060501
2	0	0.533263921738
2	1	6.75665020943
2	0	1.62558698654
2	1	2.01227903366
2	0	0.879483938217
2	0	0.612756967545
2	0	0.386124849319
2	1	0.892795085907
2	1	0.826424837112
2	0	1.15956401825
2	1	0.573101043701
2	1	0.972878932953
2	1	0.999423980713
2	1	0.733236074448
2	1	0.653129816055
2	0	0.732814073563
2	0	0.61279296875
2	0	0.626065015793
2	1	0.612917900085
3	1	0.612838983536
3	0	1.02613997459
3	0	0.732883214951
3	1	0.772863864899
3	1	0.599884986877
3	1	0.640003919601
3	1	0.706477165222
3	0	0.692827939987
3	1	0.746190071106
3	0	0.692924976349
3	1	0.559979915619
3	1	0.613323926926
3	1	0.74623799324
3	1	0.492779970169
3	1	0.866230010986
3	1	0.612902879715
3	1	1.19954919815
3	0	0.692826986313
3	1	0.879812002182
3	1	0.55989408493
3	1	0.559725999832
3	1	0.679483175278
3	1	0.452847003937
3	1	0.346424818039
3	1	0.799512863159
3	0	1.10613703728
3	0	1.29289102554
3	0	0.453323841095
3	1	0.49330997467
3	1	0.600067138672
3	0	0.279972076416
3	1	0.306622982025
3	1	0.332797050476
3	1	0.506126880646
3	1	0.612860918045
3	1	0.559503078461
3	1	0.46630191803
3	1	0.492936134338
3	0	0.412874937057
3	1	0.519554138184
3	1	0.626151800156
3	0	0.426388978958
3	1	0.692816972733
3	1	0.506652116776
3	1	0.58669090271
3	1	0.999546051025
3	1	0.586182117462
3	1	0.812922954559
3	0	0.62671995163
3	0	0.759561061859
3	1	0.612827062607
3	0	0.746118783951
3	1	0.559567928314
3	1	0.70649600029
3	1	0.479996919632
3	0	3.21190810204
3	1	0.412822008133
3	0	4.69088602066
3	1	0.413233995438
3	0	0.479598999023
3	0	0.932946205139
3	1	0.986186027527
3	1	0.799492120743
3	1	0.733355045319
3	0	0.932890892029
3	1	0.852771043777
3	1	1.33285593987
3	1	0.866657972336
3	0	0.839529037476
3	1	0.94620513916
3	1	1.29290103912
3	0	6.09030890465
3	1	8.55554389954
3	1	0.492785930634
3	0	0.906209945679
3	1	0.640007972717
3	0	3.65183901787
3	1	1.42616009712
3	1	0.959499835968
3	1	1.06624007225
3	1	0.746207952499
3	1	0.93287396431
3	1	0.773284912109
3	0	0.839512109756
3	0	0.719454050064
3	1	0.612954139709
3	1	0.733319997787
3	1	0.546750068665
3	1	0.78625202179
3	0	0.719507932663
3	1	0.546616077423
3	1	0.386605978012
3	1	0.586600065231
3	0	0.346680879593
3	1	0.653084039688
3	1	0.386683940887
3	1	4.2645919323
3	0	6.20996689796
3	1	0.812782049179
3	1	0.506260156631
3	0	0.732897996902
3	0	0.813364982605
3	1	0.652813911438
3	1	0.719404935837
3	1	0.652815103531
3	1	2.09203290939
3	0	0.666212081909
3	1	0.666133880615
3	1	0.999532938004
3	1	0.506660938263
3	0	0.55975317955
3	1	0.626121044159
8	0	2.37243199348
8	1	1.67956590652
7	0	0.639936923981
8	1	0.652815103531
8	0	0.732908964157
7	1	0.639524936676
8	1	0.546592950821
7	0	0.773222923279
8	1	0.652984142303
8	0	0.759528875351
7	1	0.852878093719
7	1	0.586684942245
7	0	0.799664974213
8	1	0.612919092178
8	1	0.70615696907
8	0	1.05280208588
7	1	0.799474954605
7	1	1.05289912224
8	0	3.26517295837
8	0	0.853369951248
8	1	0.75951218605
7	1	0.892863988876
7	1	0.653351068497
7	1	0.892921209335
8	0	2.89183306694
8	1	1.31947112083
8	1	1.37232518196
8	1	1.02622294426
7	0	9.47551393509
7	1	0.546706914902
8	0	9.04887604713
8	1	0.879523038864
8	1	0.693078994751
8	1	0.666254997253
8	1	0.906173944473
7	1	0.640074968338
7	1	0.493410825729
7	0	0.493407011032
7	0	0.812935113907
8	1	0.719473838806
8	1	0.532830953598
8	1	0.586155891418
8	1	0.599499940872
7	1	0.813094854355
8	1	0.692893981934
8	1	0.786270856857
8	0	0.706185817719
7	0	0.613171815872
7	1	0.999403953552
7	0	0.746177911758
8	0	0.71947312355
7	1	0.613448143005
8	1	0.653326034546
7	0	0.759497880936
8	1	0.906177043915
7	1	0.879862070084
8	1	0.98620891571
7	1	1.19917392731
8	1	0.732880115509
8	1	0.852832078934
8	1	0.906139135361
8	1	3.78466391563
7	0	0.732996940613
7	0	0.666652917862
8	0	3.07851696014
7	0	0.919680833817
7	1	0.706098079681
7	1	0.67943406105
7	1	0.612909793854
7	0	0.692956924438
7	1	0.853265047073
7	1	0.786171913147
8	0	3.05182695389
7	1	0.613122940063
7	1	0.719566106796
7	1	0.692804098129
7	1	1.61236596107
7	0	4.55779504776
8	1	0.666756868362
7	0	0.77296090126
7	0	4.61084485054
8	1	0.7595911026
7	0	0.626171112061
8	0	0.693338871002
7	0	0.773012161255
7	1	0.786165952682
8	1	0.759545087814
8	1	0.853339910507
7	1	0.772794961929
8	1	0.626157999039
7	1	0.919528961182
8	0	1.25296807289
7	0	3.94487190247
8	1	1.18610596657
8	0	0.58673620224
8	1	3.86476206779
8	1	0.732815980911
8	0	0.519463062286
7	1	6.01027798653
7	1	0.732797145844
7	1	0.652875900269
7	1	0.652890920639
7	0	0.719902038574
7	0	0.600087165833
7	1	0.666275978088
7	1	0.772881031036
8	1	0.599419116974
8	1	0.572827100754
7	1	0.613065004349
