6	1	0.50585103035
5	1	0.403315067291
6	1	0.40361905098
5	1	0.451020956039
5	1	0.402680873871
5	1	0.380140066147
5	1	0.45831489563
6	1	0.427499055862
6	1	0.409718036652
6	1	0.395848989487
6	1	0.436685800552
6	1	0.37144112587
5	1	0.395710945129
6	1	0.40442109108
6	1	0.45046210289
5	1	0.569397926331
6	1	0.38895201683
6	1	0.449527025223
5	1	0.363835096359
5	0	0.348114967346
6	1	0.409657001495
5	1	0.467718839645
5	1	0.795422077179
6	1	0.475356817245
5	1	0.449653863907
6	1	0.442721843719
5	1	0.428932905197
6	1	0.474119901657
6	1	0.402084112167
5	1	0.387701034546
5	1	0.442620992661
6	1	0.381740808487
5	1	0.3606300354
5	1	0.372328996658
6	1	0.395742893219
6	1	0.419111013412
6	0	0.354840040207
6	1	0.412173032761
6	1	0.450057029724
5	1	0.403585910797
5	1	0.388327121735
5	1	0.338886022568
6	1	0.355381011963
6	1	0.339823007584
6	1	0.322257041931
5	1	0.388298988342
5	1	0.344164848328
5	1	0.356277942657
5	1	0.387621164322
5	1	0.363174915314
5	1	0.437018871307
6	1	0.441648006439
5	1	0.475301027298
5	1	0.339941978455
5	1	0.355040073395
6	1	0.433900117874
6	1	0.39506316185
5	1	0.34742307663
5	1	0.435129880905
5	1	0.340074062347
6	1	0.442618131638
5	0	0.370221853256
5	1	0.706671953201
5	1	0.379332065582
5	1	0.409805774689
5	1	0.468086004257
5	1	0.444827079773
6	1	0.377991914749
6	1	0.40304017067
5	1	0.427484989166
6	1	0.39356803894
5	1	0.405194997787
5	1	0.489102840424
6	1	0.394148826599
6	1	0.451313018799
6	1	0.410718917847
5	1	0.396708965302
6	1	0.481725931168
5	1	0.570582866669
5	1	0.531225919724
5	1	0.451148986816
6	0	0.523880958557
6	1	0.482043981552
6	1	0.465876102448
5	0	1.55613803864
6	1	0.451658010483
6	1	0.401026964188
6	1	0.491894006729
6	1	0.529853105545
6	1	0.483594894409
5	1	0.444416999817
6	1	0.376549005508
6	1	0.38721203804
6	1	0.380349874496
5	1	0.409583091736
6	1	0.406200885773
6	1	0.395569086075
5	1	0.699468135834
5	1	0.754614830017
5	1	0.477271080017
5	1	0.475546121597
5	0	0.499546051025
5	0	0.521260023117
6	1	0.484282016754
6	1	0.497935056686
6	1	0.450713157654
6	1	0.643784046173
6	1	0.386812925339
5	1	0.626377105713
5	1	0.459809064865
6	1	0.3801009655
5	1	0.667644023895
6	1	0.427006959915
5	0	0.834619045258
5	1	0.457989931107
6	1	0.468518972397
6	1	0.436320066452
5	1	0.44172000885
6	1	0.395601987839
6	1	0.652866840363
5	1	0.435294151306
5	1	0.505062103271
5	1	0.42761516571
6	1	0.48411989212
6	1	0.4429500103
6	1	0.898890018463
5	1	0.601605176926
6	1	0.525685071945
5	1	0.426733970642
5	1	0.530911922455
6	0	0.5460729599
5	1	0.539152860641
6	1	0.411064863205
5	1	0.459985971451
6	1	0.420112133026
6	1	0.434453964233
5	1	0.459104061127
5	1	0.377818107605
5	1	0.4522960186
6	1	0.379659891129
5	1	0.353458166122
5	1	0.517915010452
6	1	0.369663000107
5	1	0.401134967804
6	1	0.45187497139
5	1	0.451514959335
5	0	0.418663024902
6	1	0.396129131317
6	1	0.410557985306
5	1	0.35596203804
6	0	0.363829851151
6	1	0.361757993698
5	1	0.530407905579
1	1	0.617075920105
1	1	0.476642847061
1	1	0.466506958008
1	1	0.44217300415
1	1	0.443810939789
1	1	0.468381881714
1	1	0.498570203781
1	1	0.499825954437
1	1	0.475980997086
1	1	0.39740896225
1	1	0.434804916382
1	1	0.451471090317
1	1	0.441588878632
1	1	0.4272108078
1	1	0.339659929276
1	1	0.514172077179
1	1	0.418473005295
1	1	0.355229139328
1	1	0.505487203598
1	1	0.395906925201
1	1	0.371845006943
1	1	0.380033016205
1	1	0.427114009857
1	1	0.395852804184
1	1	0.378267049789
1	1	0.387151002884
1	1	0.379191875458
1	1	0.466956138611
1	1	0.395575046539
1	1	0.362864971161
1	1	0.396430969238
1	1	0.412081956863
1	1	0.410392999649
1	1	0.402854204178
1	1	0.443325996399
1	1	0.363312005997
1	1	0.386267185211
1	1	0.348235845566
1	1	0.33917093277
1	1	0.388705968857
1	1	0.353443145752
1	1	0.378754138947
1	1	0.339393854141
1	1	0.371824026108
1	1	0.348618984222
1	1	0.410517215729
1	1	0.513167142868
1	1	0.379420042038
1	1	0.412633180618
1	1	0.442226171494
1	1	0.396352052689
1	1	0.411380052567
1	1	0.426610946655
1	1	0.402490139008
1	1	0.476492881775
1	1	0.490665912628
1	1	0.434851884842
1	1	0.404475927353
1	1	0.409399032593
1	1	0.474726915359
1	1	0.459186077118
1	1	0.460317134857
1	1	0.425605773926
1	1	0.427442073822
1	1	0.41065788269
1	1	0.449865818024
1	1	0.340491056442
1	1	0.34678196907
1	1	0.378257036209
1	1	0.380679130554
1	1	0.363430023193
1	1	0.500410079956
1	1	0.481756210327
1	1	0.443997144699
1	1	0.371231079102
1	1	0.404320955276
1	1	0.419179916382
1	1	0.361478805542
1	1	0.516312837601
1	1	0.361366987228
1	1	0.444737911224
1	1	0.345517873764
1	1	0.381113052368
1	1	0.369046926498
1	1	0.667873859406
1	1	0.443933963776
1	1	0.35494685173
1	1	0.426409006119
1	1	0.525170087814
1	1	0.401812076569
1	1	0.419328212738
1	1	0.394539117813
1	1	0.433521032333
1	1	0.446137189865
1	1	0.449184894562
1	1	0.387956142426
1	1	0.412294149399
1	1	0.353510141373
1	1	0.37082195282
1	1	0.378756999969
1	1	0.458081960678
1	1	0.388520002365
1	1	0.563401937485
1	1	0.443460941315
1	1	0.411306858063
1	1	0.369765996933
1	1	0.428726911545
1	1	0.4265229702
1	1	0.396213054657
1	1	0.417828798294
1	1	0.403248071671
1	1	0.346364021301
1	1	0.627276182175
1	1	0.434011936188
1	1	0.475610017776
1	1	0.402976989746
1	1	0.420287132263
1	1	0.464734077454
1	1	0.395424127579
1	1	0.435796022415
1	1	1.65772199631
1	1	0.508944034576
1	1	0.99414396286
1	1	0.4031291008
1	1	0.427280187607
1	1	0.467808961868
1	1	0.658201932907
1	1	0.475331068039
1	1	0.491058111191
1	1	0.493203878403
1	1	0.394217967987
1	1	0.395080089569
1	1	0.410926103592
1	1	0.386081933975
1	1	0.385714054108
1	1	0.3643450737
1	1	0.418834924698
1	1	0.434152841568
1	1	0.384881019592
1	1	0.459226846695
1	1	0.476720809937
1	1	0.354876995087
1	1	0.435724020004
1	1	0.394610881805
1	1	0.405009031296
1	1	0.442606925964
1	1	0.532788991928
1	1	0.395391225815
1	1	0.387398004532
1	1	0.449720144272
1	1	0.362951040268
1	1	0.403707027435
1	1	0.69158911705
1	1	0.387688159943
7	1	0.411782979965
7	1	0.409185171127
7	1	0.411602020264
8	1	0.649629116058
7	1	0.428941965103
8	1	0.436038017273
8	1	0.434851884842
8	1	0.457698106766
7	1	0.419989824295
7	0	0.643239021301
8	1	0.379209041595
8	1	0.426774978638
8	1	0.466131210327
8	1	0.413491010666
8	1	0.540145158768
8	1	0.37112402916
8	1	0.506526947021
8	1	0.515239953995
7	1	0.553796052933
8	1	0.498643875122
8	1	0.420362949371
8	1	0.368837833405
7	1	0.413146972656
8	1	0.523288011551
8	1	0.547185897827
8	1	0.425763845444
7	1	0.405390024185
7	1	0.329636096954
8	1	0.4682970047
7	1	0.386948823929
8	1	0.346364974976
8	1	0.452271938324
7	1	0.385212898254
8	1	0.538271903992
8	1	0.466218948364
7	1	0.397041082382
7	1	0.498293876648
7	1	0.451316833496
7	1	0.436668872833
8	1	0.496883869171
7	1	0.411457061768
7	1	1.18856978416
7	1	0.411438941956
8	1	0.371854782104
8	1	0.370316028595
8	1	0.378413915634
8	1	0.396641969681
7	1	0.370521068573
8	1	0.38871884346
7	1	0.546247959137
7	1	0.394737958908
8	1	0.372262001038
8	1	0.369559049606
7	1	0.412200927734
8	1	0.4426882267
7	1	0.452507972717
7	1	1.38738298416
7	1	0.371738195419
8	1	0.432631969452
7	1	0.421195030212
7	1	0.474112033844
7	0	0.411036968231
7	1	0.385386943817
8	1	0.419348955154
7	1	0.682866096497
7	1	0.491483926773
8	1	0.490823030472
8	1	0.371548175812
7	1	0.739890098572
7	1	0.427000045776
8	1	0.410478830338
7	1	0.418743848801
7	1	0.426929950714
8	1	0.347788095474
8	1	0.411709070206
7	1	0.418687105179
7	1	0.666585922241
8	1	0.404569864273
7	1	0.98565196991
8	1	0.436634063721
7	1	0.451299190521
8	1	0.418720960617
8	1	0.363384962082
8	1	0.483247041702
7	1	0.449542999268
8	1	0.539334058762
7	1	0.529771089554
8	1	0.548044204712
8	1	0.538004159927
8	1	0.468472957611
8	1	0.379086971283
7	1	0.507789850235
8	1	0.378246068954
7	1	0.449439048767
8	1	0.484477043152
8	1	0.364014148712
7	1	0.442448139191
7	1	0.408285140991
7	1	0.404481887817
7	1	0.40265417099
7	1	0.363588094711
7	1	0.412065029144
8	1	0.39546585083
7	1	0.449408054352
7	1	0.347310781479
7	1	0.403120040894
7	1	0.762845993042
8	1	0.401314973831
7	1	0.458756923676
7	1	0.42866396904
8	1	0.514914989471
7	1	0.426083803177
8	1	0.44473695755
7	1	0.378205060959
8	1	0.396394014359
7	1	0.410404205322
7	1	0.403310060501
8	1	0.417996883392
8	1	0.347872972488
8	1	0.411303043365
8	1	0.345580816269
7	1	0.468158006668
8	1	0.388141870499
7	1	0.378572940826
8	0	0.401741027832
8	1	0.341140031815
8	1	0.364040136337
7	1	0.409651041031
8	1	0.434705018997
7	1	0.384716033936
8	1	0.411829948425
8	1	0.499253988266
8	1	0.468502998352
8	1	0.608998060226
7	1	0.386058807373
8	1	0.541873931885
7	1	0.403584003448
7	1	0.697983980179
8	1	0.593389987946
8	1	0.395143032074
7	1	0.491384029388
7	1	0.444840192795
7	1	0.379818916321
8	1	0.642978191376
7	1	0.393143892288
8	1	0.403388023376
7	1	0.361771821976
8	1	0.41219496727
7	1	0.370304107666
8	1	0.380055189133
8	1	0.41810798645
8	0	0.418517827988
8	1	0.349276065826
6	1	0.467710971832
6	1	0.46764421463
6	1	0.322278022766
6	1	0.396388053894
6	1	0.402865171432
5	1	0.554651975632
6	1	0.450456857681
5	1	0.460405111313
5	1	0.443340063095
5	1	0.467469930649
5	1	0.354885101318
5	1	0.385208129883
5	1	0.49828004837
6	1	0.498976945877
5	1	0.412415981293
6	1	0.355404138565
6	1	0.361491203308
6	1	0.42872095108
6	1	0.483093976974
5	1	0.707821846008
6	1	0.40212893486
6	1	0.385516881943
6	1	0.418642044067
5	1	0.435578107834
5	1	0.420194864273
6	1	0.401366949081
6	1	0.44246506691
6	1	0.32467007637
6	1	0.403055906296
6	1	0.362793922424
6	1	0.378756999969
5	1	0.371459007263
6	1	0.354514122009
5	1	0.418430805206
6	1	0.3151948452
5	1	0.379151105881
6	1	0.378828048706
6	1	0.443045139313
6	1	0.370628833771
6	1	0.427711009979
5	1	0.445022106171
5	1	0.322031021118
6	1	0.355559110641
5	1	0.379570007324
6	1	0.354830980301
6	1	0.355695962906
5	1	0.43564581871
6	1	0.355037927628
6	1	0.36164689064
6	1	0.338706016541
6	0	0.315904855728
5	1	0.379556894302
6	1	0.43671298027
6	1	0.410156965256
6	1	0.476294994354
5	1	0.37043595314
6	1	0.356644153595
5	1	0.394181966782
6	1	0.403240919113
5	1	0.491074085236
6	1	0.442425012589
6	1	0.378358125687
5	1	0.339037895203
6	1	0.465593099594
5	1	0.39687204361
5	1	0.379555940628
5	1	0.371906042099
5	1	0.37842297554
6	1	0.418164968491
5	1	0.372946977615
6	1	0.330968141556
5	1	0.522948980331
6	1	0.409597158432
5	1	0.411423206329
5	1	0.387486219406
5	1	0.402918100357
5	1	0.426706075668
6	1	0.394552946091
6	1	0.421056032181
6	1	0.323342084885
6	1	0.393616914749
5	1	0.4416410923
6	1	0.37276506424
5	1	0.417129039764
6	1	0.468475103378
5	1	0.483793020248
5	1	0.426102876663
5	0	0.39392209053
6	1	0.475291967392
6	1	0.435531139374
6	1	0.636398077011
6	1	0.419107913971
5	1	0.376916885376
6	1	0.364782810211
6	1	0.434360980988
6	1	0.371804952621
5	0	0.435322999954
6	1	0.747009992599
5	1	0.428938865662
5	1	0.425973892212
5	1	1.23443508148
6	1	0.501848936081
6	0	0.620084047318
6	1	0.522605895996
5	1	1.20343494415
5	1	0.565439939499
5	1	0.386695861816
6	1	0.354500055313
6	1	0.513994932175
6	1	0.48474407196
6	1	0.498503923416
6	1	0.47375202179
5	1	0.491333007812
6	1	0.395250797272
6	0	0.401900053024
6	1	0.461369991302
6	1	0.378427028656
6	1	0.499561071396
6	1	0.37754201889
6	1	0.364285945892
5	1	0.499422073364
5	1	0.346049070358
5	1	0.698850154877
5	0	0.571128845215
6	1	0.378000020981
5	1	0.385968923569
6	1	0.38974404335
5	1	0.451261043549
6	1	0.370146989822
6	1	0.363335132599
6	1	0.393579006195
5	1	0.540261030197
6	1	0.418976068497
6	1	0.458276033401
6	1	0.43559885025
6	1	0.389110088348
6	1	0.402713060379
6	1	0.410501003265
6	1	0.546541929245
5	1	0.365801095963
5	1	0.441297054291
6	1	0.452049016953
6	1	0.43487906456
5	1	0.80358505249
5	1	0.412212848663
6	1	0.362562894821
6	1	0.35492515564
5	1	0.434436798096
6	1	0.469480991364
6	1	0.41824889183
6	1	0.412771940231
6	1	0.457293987274
6	1	0.389367103577
5	1	0.522886991501
7	1	0.474477052689
7	1	0.483820915222
8	1	0.474002122879
8	1	0.43411898613
7	1	0.411977052689
8	1	0.459125995636
7	0	0.459980964661
8	1	0.418745040894
8	1	0.369537115097
8	1	0.387875080109
8	1	0.411610126495
7	0	0.419905900955
7	1	0.923962116241
7	1	0.449043035507
7	1	0.395705938339
7	1	0.404803991318
7	1	1.40324401855
7	1	0.402307033539
8	1	0.396687984467
8	1	0.409254074097
8	1	0.443669080734
7	1	0.411566972733
7	1	0.387814044952
8	1	0.491022109985
8	1	0.363975048065
8	1	0.362179040909
7	1	0.340070962906
7	1	0.410340070724
7	1	0.435512065887
8	0	0.419888019562
8	1	0.611359834671
8	1	0.450489997864
8	1	0.466906070709
8	1	0.363328933716
8	1	0.538421154022
7	1	0.396408081055
8	1	0.347234964371
7	1	0.37245798111
8	1	0.347906112671
8	1	0.362083911896
8	1	0.370050907135
7	1	0.492464065552
7	1	0.866940975189
8	1	0.354577064514
8	1	0.397588968277
8	1	0.395295143127
7	1	0.443013191223
8	1	0.458564996719
8	1	0.436455965042
8	1	0.483548879623
8	1	0.524341106415
8	1	0.441745996475
7	1	0.401705026627
8	1	0.39484000206
7	1	0.442451000214
8	1	0.355234146118
8	1	0.378042936325
7	1	0.452944040298
7	1	0.346931934357
8	1	0.362664937973
8	1	2.18034386635
8	1	0.396729946136
8	1	0.483109951019
7	1	0.337564945221
7	1	0.420876026154
7	1	0.473335981369
8	1	0.572679042816
8	1	0.339761018753
8	1	0.346075057983
7	1	0.413244962692
8	1	0.435126066208
8	1	0.481288909912
7	1	0.484705924988
8	1	0.434745788574
8	1	0.409637928009
7	1	0.53915977478
7	1	0.515650987625
8	1	0.403280973434
7	1	0.436583995819
8	1	0.411201953888
7	1	0.427130222321
8	1	0.395077228546
8	1	0.405073881149
7	1	0.417518138885
8	1	0.48317694664
7	1	0.412770032883
8	1	0.435040950775
8	1	0.369786977768
7	1	0.371706962585
8	1	0.460931062698
8	1	0.40248298645
8	1	0.69900393486
8	1	0.411695957184
8	1	0.36988902092
7	1	0.379263162613
8	1	0.419431209564
7	1	0.395488977432
7	1	0.411990880966
8	1	0.45053601265
8	1	0.420877218246
8	1	0.401942968369
8	1	0.410560131073
8	1	0.378764152527
8	1	0.980808019638
7	1	0.379135847092
7	1	0.37924695015
8	1	0.385045051575
7	1	0.370007991791
7	1	0.396133899689
8	1	0.506078004837
8	1	0.395499944687
7	1	0.34642291069
7	1	0.393711090088
8	1	0.323873996735
7	1	0.411324977875
7	1	0.363441944122
7	1	0.371649026871
8	1	0.395119190216
8	1	0.436944961548
7	1	0.489997148514
7	1	0.704310894012
7	1	0.388167858124
8	1	0.443245887756
7	1	0.410908937454
7	1	0.435527086258
7	1	0.443998098373
8	1	0.458698987961
7	1	0.433087110519
7	1	0.508410930634
8	1	0.368750095367
8	1	0.381119012833
7	1	0.762726068497
8	1	0.426413059235
8	1	0.428790092468
7	1	0.827843904495
8	1	0.387727022171
8	1	0.377444028854
8	1	0.363507986069
7	1	0.451704025269
7	1	0.425091028214
8	1	0.467641830444
8	1	0.403631925583
7	1	0.378123998642
8	1	0.418712854385
7	1	0.435730934143
7	1	0.450433015823
8	1	0.436044931412
8	1	0.549133062363
7	1	0.593111991882
8	1	0.507786035538
8	1	0.418745994568
7	1	0.427093029022
7	1	0.394736051559
3	1	0.403409957886
3	1	0.386562108994
3	1	0.354877948761
3	1	0.387537956238
3	1	0.379857063293
3	1	0.429035902023
3	1	0.345624923706
3	1	0.371693849564
3	1	0.370708942413
3	1	0.395712137222
3	1	0.419064998627
3	1	0.308510065079
3	1	0.450731039047
3	1	0.395884990692
3	1	0.364967823029
3	1	0.346446037292
3	1	0.402655124664
3	1	0.364210128784
3	1	0.411342859268
3	1	0.362946987152
3	1	0.364327907562
3	1	0.458367824554
3	1	0.459233045578
3	1	0.442648887634
3	1	0.548488855362
3	1	0.427057981491
3	1	0.340037107468
3	1	0.442933082581
3	1	0.372364997864
3	1	0.380832910538
3	1	0.345689058304
3	1	0.362364053726
3	1	0.38033413887
3	1	0.388900995255
3	1	0.386199951172
3	1	0.469748020172
3	1	0.369430065155
3	1	0.443445920944
3	1	0.450635910034
3	1	0.46785902977
3	1	0.388278961182
3	1	0.409687995911
3	1	0.378386974335
3	1	0.349607944489
3	1	0.3782081604
3	1	0.437911987305
3	1	0.370562076569
3	1	0.417466878891
3	1	0.444086790085
3	1	0.378612995148
3	1	0.380048036575
3	1	0.41139292717
3	1	0.401908874512
3	1	0.442118167877
3	1	0.365206956863
3	1	0.427705049515
3	1	0.370630025864
3	1	0.411600112915
3	1	0.475965976715
3	1	0.346105098724
3	1	0.3401927948
3	1	0.402684926987
3	1	0.363025903702
3	1	0.50043797493
3	1	0.393270015717
3	1	0.404074907303
3	1	0.394905090332
3	1	0.500310182571
3	1	0.482517957687
3	1	0.452210903168
3	1	0.435657024384
3	1	0.394167900085
3	1	0.434486865997
3	1	0.379979848862
3	1	0.355809926987
3	1	0.395456075668
3	1	0.467592000961
3	1	0.466789960861
3	1	0.37288403511
3	1	0.425391197205
3	1	0.411859989166
3	1	0.371247053146
3	1	0.754539012909
3	1	0.443818092346
3	1	0.434870958328
3	1	0.371685028076
3	1	0.346065044403
3	1	0.468641996384
3	1	0.387171030045
3	1	0.444950819016
3	1	0.467099905014
3	1	0.450855016708
3	1	0.395567178726
3	1	0.401916980743
3	1	0.412580013275
3	1	0.339828968048
3	1	0.427663087845
3	1	0.50679898262
3	1	0.474057912827
3	1	0.346890211105
3	1	0.370853900909
3	1	0.459271907806
3	1	0.476874113083
3	1	0.411572933197
3	1	0.474597930908
3	1	0.388946056366
3	1	0.386914968491
3	1	0.426509141922
3	1	0.403364896774
3	1	0.41104388237
3	1	0.410890102386
3	1	0.434206008911
3	1	0.379162073135
3	1	0.364344120026
3	1	0.377295017242
3	1	0.411358118057
3	1	0.402616024017
3	1	0.371001005173
3	1	0.419671058655
3	1	0.420532941818
3	1	0.369293928146
3	1	0.388288974762
3	1	0.401439905167
3	1	0.381150960922
3	1	0.386631011963
3	1	0.362236976624
3	1	0.341510057449
3	1	0.396255016327
3	1	0.395817041397
3	1	0.395049095154
3	1	0.873608112335
3	1	0.404538869858
3	1	0.377690076828
3	1	0.403239011765
3	1	0.396276950836
3	1	0.357315063477
3	1	0.386698961258
3	1	0.417747974396
3	1	0.395383119583
3	1	0.371201992035
3	1	0.443665027618
3	1	0.41769695282
3	1	0.371468067169
3	1	0.364169120789
3	1	0.378832817078
3	1	0.355180025101
3	1	0.388041973114
3	1	0.435533046722
3	1	0.474153995514
3	1	0.356341838837
3	0	0.379929065704
3	1	0.403697013855
3	1	0.345856904984
3	1	0.40270781517
3	1	0.356662988663
3	1	0.402875185013
3	1	0.419714927673
2	1	0.668090820312
2	1	0.441689968109
2	1	0.412030935287
2	1	0.451851844788
2	0	0.523653030396
2	1	0.432426929474
2	1	0.340626001358
2	1	0.400686979294
2	1	0.42851805687
2	1	0.346569061279
2	0	0.378149986267
2	1	0.42743396759
2	1	0.450622081757
2	1	0.38036108017
2	1	0.434239864349
2	1	0.426015853882
2	1	0.427361011505
2	1	0.442709207535
2	1	0.436232089996
2	1	0.338865041733
2	1	0.482992887497
2	1	1.19602203369
2	1	0.569425821304
2	1	0.475902080536
2	1	0.468052148819
2	1	0.365380048752
2	1	0.40207195282
2	1	0.402776002884
2	1	0.420698881149
2	1	0.354830026627
2	1	0.37862610817
2	0	0.636049032211
2	1	0.485168933868
2	1	0.370625019073
2	1	0.449625968933
2	0	0.405076980591
2	1	0.368613004684
2	1	0.469017028809
2	1	0.393373012543
2	1	0.428455114365
2	0	0.866688013077
2	1	0.378321170807
2	1	0.410666942596
2	1	0.406233072281
2	1	0.45684504509
2	0	0.435030221939
2	1	0.427384853363
2	1	0.369984865189
2	1	0.372045993805
2	1	0.378553152084
2	1	0.427019834518
2	1	0.402389764786
2	1	0.802781105042
2	1	0.347024202347
2	1	0.458971977234
2	1	0.387112140656
2	1	0.419010877609
2	1	0.363281965256
2	1	0.402409791946
2	1	0.396170139313
2	1	0.386798858643
2	1	0.418715000153
2	0	0.386881828308
2	1	0.409574985504
2	1	0.348990917206
2	1	0.450237989426
2	1	0.395444869995
2	1	0.34592795372
2	1	0.386533975601
2	1	0.396409034729
2	1	0.409686803818
2	1	0.402559041977
2	1	0.369504928589
2	1	0.388904094696
2	1	0.362637042999
2	1	0.411910057068
2	1	0.385537862778
2	1	0.411389827728
2	1	0.388724088669
2	1	0.426572084427
2	1	0.419575929642
2	1	0.403283834457
2	1	0.371629953384
2	1	0.401812076569
2	1	0.419152975082
2	1	0.500015974045
2	1	0.531663179398
2	1	0.418211221695
2	1	0.484219074249
2	1	0.465923786163
2	1	0.452944993973
2	1	0.459276914597
2	0	0.651854991913
2	1	0.481168985367
2	0	0.451475143433
2	1	0.404731988907
2	1	0.395567178726
2	1	0.339313983917
2	1	0.44278216362
2	0	0.658406972885
2	1	0.419835090637
2	1	0.435430049896
2	1	0.444117069244
2	1	0.618171930313
2	1	0.419937849045
2	1	0.419545173645
2	1	0.436048030853
2	1	0.372114896774
2	1	0.42685508728
2	1	0.404330015182
2	1	0.378743886948
2	1	0.452157974243
2	1	0.474202156067
2	1	0.371098995209
2	1	0.426773071289
2	1	0.355937004089
2	1	0.441710948944
2	1	0.40432715416
2	1	0.376317024231
2	1	0.428215026855
2	1	0.412579059601
2	1	0.474141836166
2	1	0.411945104599
2	1	0.340356826782
2	1	0.42783498764
2	1	0.403300046921
2	1	0.378666162491
2	1	0.435672998428
2	1	0.386210203171
2	1	0.34761595726
2	1	0.370929956436
2	1	0.437377929688
2	1	0.385570049286
2	1	0.40354013443
2	0	0.35308599472
2	1	0.459937095642
2	1	0.403141975403
2	1	0.362489938736
2	1	0.380900144577
2	1	0.35592007637
2	1	0.593692064285
2	1	0.385921001434
2	1	0.442974090576
2	1	0.388687849045
2	1	0.402983903885
2	1	0.427258968353
2	1	0.441600084305
2	1	0.547034978867
2	1	0.395645141602
2	1	0.345484972
2	1	0.539258003235
2	1	0.459963083267
2	1	0.355322122574
2	1	0.409217834473
2	1	0.397323846817
4	1	0.53369808197
4	1	0.393974065781
4	1	0.371302843094
4	1	0.42613697052
4	1	0.459082841873
4	1	0.450176000595
4	1	0.380011081696
4	0	0.314393997192
4	1	0.404821157455
4	1	0.433039903641
4	1	0.411333084106
4	1	0.417385101318
4	1	0.39391207695
4	1	0.412313938141
4	1	0.386541843414
4	1	0.37962603569
4	1	0.412744998932
4	1	0.354346990585
4	1	0.493260145187
4	1	0.384421110153
4	1	0.443711996078
4	1	0.492040157318
4	1	0.427938938141
4	1	0.394769906998
4	1	0.417383909225
4	1	0.492957830429
4	1	0.419766902924
4	1	0.38720703125
4	1	0.482631206512
4	1	0.394999027252
4	1	0.505158185959
4	1	0.379582166672
4	1	0.412526845932
4	1	0.443416118622
4	1	0.402373075485
4	1	0.418667078018
4	1	0.475829839706
4	1	0.403580188751
4	1	0.450628995895
4	1	0.93977689743
4	1	0.355164051056
4	1	0.402512073517
4	1	0.371625900269
4	1	0.388427972794
4	1	0.402130126953
4	1	0.403383016586
4	1	0.459280014038
4	1	0.764138936996
4	1	0.451716899872
4	1	0.499099969864
4	1	0.490075111389
4	1	0.491106987
4	1	0.412217855453
4	1	0.387177944183
4	1	1.09870886803
4	1	0.419203996658
4	1	0.43547296524
4	1	0.45877790451
4	1	0.387224197388
4	1	0.767368078232
4	1	0.456276893616
4	0	0.634734153748
4	1	0.483192920685
4	1	0.433959007263
4	1	0.459110021591
4	1	0.916420936584
4	1	0.420300960541
4	1	0.441869974136
4	1	0.842558145523
4	1	0.420083999634
4	1	0.465887069702
4	1	0.379452943802
4	1	0.435874938965
4	1	0.411409139633
4	1	0.451545000076
4	1	0.410284042358
4	1	1.0838239193
4	1	0.395308017731
4	1	0.690639019012
4	1	0.45921587944
4	1	0.441453933716
4	1	0.421308994293
4	0	0.441278934479
4	0	0.42782998085
4	1	0.569814920425
4	1	0.450450181961
4	1	0.355566978455
4	1	0.532450199127
4	1	0.50682592392
4	1	2.42579603195
4	1	0.852265119553
4	1	0.443067073822
4	1	0.411012172699
4	1	0.514410018921
4	1	0.970207929611
4	1	0.546737909317
4	1	0.421300172806
4	1	0.426745891571
4	1	0.458459854126
4	1	0.517463922501
4	1	0.441622972488
4	1	0.396592140198
4	1	0.410181999207
4	1	0.443850040436
4	1	0.425670862198
4	1	0.650353908539
4	1	0.451406002045
4	1	0.45369386673
4	1	0.592533826828
4	1	0.524416923523
4	1	0.515126943588
4	1	0.394370794296
4	1	0.420151948929
4	1	0.410857915878
4	1	0.372035980225
4	1	0.386874198914
4	1	0.394908905029
4	1	0.395164966583
4	1	0.378088951111
4	1	0.860661029816
4	1	0.379319906235
4	1	0.377706050873
4	1	0.387671947479
4	1	0.35501408577
4	1	0.411602973938
4	1	0.427088975906
4	1	0.504979133606
4	1	0.394363880157
4	1	0.34862613678
4	1	0.483667135239
4	1	0.805396080017
4	1	0.481203079224
4	1	0.642879962921
4	1	0.436268091202
4	1	0.465871095657
4	1	0.484236955643
4	1	0.563066959381
4	1	0.410842895508
4	1	0.429174900055
4	1	0.538017034531
4	1	0.370857954025
4	1	0.491545915604
4	1	0.858850955963
4	1	0.450950145721
4	1	0.539114952087
4	1	0.449172973633
4	1	0.57980799675
4	1	0.386759996414
4	1	1.32366919518
4	1	0.412185907364
3	1	0.531047821045
3	1	0.353374958038
3	1	0.3803191185
3	1	0.411761045456
3	1	0.394273996353
3	1	0.500622034073
3	1	0.386119842529
3	1	0.363595962524
3	1	0.363368034363
3	1	0.354050159454
3	1	0.389436006546
3	1	0.418859004974
3	1	0.370542049408
3	1	0.411092996597
3	1	0.386950969696
3	1	0.338551044464
3	1	0.395586013794
3	1	0.419926166534
3	1	0.395810127258
3	1	0.362313985825
3	1	0.386821985245
3	1	0.410609006882
3	1	0.356554985046
3	1	0.331177949905
3	1	0.434700965881
3	1	0.364383935928
3	1	0.379307031631
3	1	0.379986047745
3	1	0.419292211533
3	1	0.451606988907
3	1	0.380645990372
3	1	0.441390991211
3	1	0.453278064728
3	1	0.714421987534
3	1	0.34631896019
3	1	0.403605937958
3	1	0.347763061523
3	1	0.369915008545
3	1	0.379779100418
3	1	0.420249938965
3	1	0.387387990952
3	1	0.42769908905
3	1	0.362081050873
3	1	0.37859916687
3	1	0.40506196022
3	1	0.362890958786
3	1	0.370650053024
3	1	0.460069179535
3	1	0.330374002457
3	1	0.402016878128
3	1	0.459326982498
3	1	0.356688976288
3	1	0.363066911697
3	1	0.521890878677
3	1	0.373137950897
3	1	0.400875806808
3	1	0.370697975159
3	1	0.362438201904
3	1	0.347511053085
3	1	0.964164972305
3	1	0.44464302063
3	1	0.379879951477
3	1	0.37869310379
3	1	0.34694814682
3	1	0.443349123001
3	1	0.38934803009
3	1	0.351819992065
3	1	0.404258966446
3	1	0.461423873901
3	1	0.386705875397
3	1	0.385106801987
3	1	0.397538900375
3	1	0.355926990509
3	1	0.346642017365
3	1	0.393148899078
3	1	0.453298091888
3	1	0.585101127625
3	1	0.476632118225
3	1	0.40218091011
3	1	0.347782850266
3	1	0.394892930984
3	1	0.435435056686
3	1	0.377836942673
3	1	0.436574935913
3	1	0.402233123779
3	1	0.403351068497
3	1	0.408950805664
3	1	0.347573041916
3	1	0.412702083588
3	1	0.418622016907
3	1	0.402058124542
3	1	0.491184949875
3	1	0.372756958008
3	1	0.419416904449
3	1	0.361237049103
3	1	0.396302938461
3	1	0.378021001816
3	1	0.387201070786
3	1	0.340362071991
3	1	0.329752922058
3	1	0.49298286438
3	1	0.35523891449
3	1	0.385750055313
3	1	0.373234033585
3	1	0.339720010757
3	1	0.451085090637
3	1	0.308546066284
3	1	0.49151301384
3	1	0.411989927292
3	1	1.48298096657
3	1	0.597352027893
3	1	0.499214887619
3	1	0.601994991302
3	1	0.411572933197
3	1	0.45743393898
3	1	0.379750013351
3	1	0.339586019516
3	1	0.36280298233
3	1	0.651242017746
3	1	0.370048046112
3	1	0.372808218002
3	1	0.436539888382
3	1	0.377374887466
3	1	0.619412183762
3	1	0.449506998062
3	1	0.321928024292
3	1	0.35783290863
3	1	0.361716985703
3	1	0.436187982559
3	1	0.36411690712
3	1	0.346582889557
3	1	0.466411113739
3	1	0.369354009628
3	1	0.365092039108
3	1	0.347334861755
3	1	0.388169050217
3	1	0.401619195938
3	1	0.402392148972
3	1	0.323435783386
3	1	0.409373998642
3	1	0.387236833572
3	1	0.412897109985
3	1	0.369910001755
3	1	0.402287960052
3	1	0.355303049088
3	1	0.39600110054
3	1	0.355268955231
3	1	0.39550614357
3	1	0.451439857483
3	1	0.556381940842
3	1	0.466378927231
3	1	0.482600927353
3	1	0.435562133789
3	1	0.508694887161
3	1	0.483675003052
3	1	0.522836923599
8	1	0.540402173996
7	1	0.514563798904
7	1	0.419224023819
8	1	0.499243974686
7	1	0.514327049255
8	1	0.443777084351
7	1	0.379843950272
8	1	0.413420915604
7	1	0.592936038971
7	1	0.35669708252
7	1	0.363367080688
7	0	0.434550046921
7	1	0.449130773544
8	1	0.435045957565
8	1	0.330842971802
7	1	0.45060801506
7	1	0.403964996338
7	1	0.403495788574
7	1	0.457740068436
7	1	0.379862070084
7	1	0.356249094009
7	1	0.434576034546
7	1	0.434190988541
7	1	0.363515853882
8	1	0.851826906204
7	1	0.410093069077
7	1	0.405287981033
8	1	0.393630027771
7	1	0.578852891922
8	1	0.379339933395
8	1	0.404465913773
8	1	0.388440847397
8	1	0.506422042847
8	1	0.412220001221
8	1	0.394851922989
8	1	0.425606012344
7	1	0.420493841171
7	1	0.402213811874
8	1	0.410974025726
8	1	0.484355926514
7	0	0.3468708992
8	1	0.467108011246
8	1	0.371068000793
8	1	0.380089998245
7	1	0.393221139908
8	1	0.411561965942
8	1	0.806395053864
8	1	0.466344833374
7	1	0.40417098999
8	1	0.59482884407
7	1	0.396567106247
8	1	0.489497900009
7	1	0.427579879761
7	1	0.458402872086
8	1	0.419902086258
7	1	0.738205909729
7	1	0.3788189888
7	1	0.387159109116
7	1	0.379494905472
8	1	0.498873949051
8	1	0.483648061752
7	1	0.401071071625
7	1	0.436547994614
7	1	0.47530412674
7	1	0.352858066559
8	1	0.379806041718
8	1	0.41082906723
7	1	0.676846981049
7	1	0.579741001129
8	1	0.521652936935
8	1	0.460404157639
8	1	0.754457950592
7	1	0.395857095718
8	1	0.417657852173
8	1	0.451829195023
8	1	0.596101999283
8	1	0.385871887207
7	1	0.395286798477
7	1	0.403043985367
8	1	0.394784927368
7	1	0.411851882935
8	1	0.491416215897
7	1	0.363751173019
8	1	0.435002088547
7	1	0.386355876923
8	1	0.413426876068
7	1	0.458966016769
8	1	0.402588844299
7	1	0.403787851334
7	1	0.426622867584
7	1	0.547685146332
7	1	0.443243980408
7	1	0.331654071808
7	1	2.59329080582
8	1	0.371739864349
8	1	0.363090991974
7	1	0.332758903503
8	1	0.337913990021
8	1	0.389672994614
8	1	0.401217937469
7	1	0.660072088242
7	1	0.402693986893
7	1	0.388857126236
7	0	0.706454992294
7	1	0.412284851074
7	1	0.570662975311
7	1	0.433536052704
8	1	0.45952796936
7	1	0.42568898201
8	1	0.580227136612
8	1	0.403528928757
8	1	0.361220836639
8	1	0.404271125793
7	1	0.410789966583
8	1	0.403574943542
7	1	0.355077028275
7	1	0.403637886047
8	1	0.371186971664
7	1	0.396098136902
7	1	0.410134077072
8	1	0.548181056976
7	1	0.355013132095
7	1	0.387495040894
7	1	0.394295215607
8	1	0.363826990128
8	1	0.425806999207
7	0	0.748763084412
7	1	0.690863847733
7	1	0.385362863541
8	1	0.34627199173
8	1	0.539407968521
8	1	0.380982875824
8	1	0.434909820557
7	0	0.460846185684
7	1	0.785962104797
7	1	0.42867398262
8	1	0.611022949219
8	1	0.417540073395
7	1	0.427818059921
7	1	0.427365064621
7	1	0.468441963196
7	1	0.602917194366
7	1	2.03474092484
7	1	0.442965984344
7	1	0.403514862061
7	1	0.483386039734
8	1	0.715862035751
7	1	0.435532093048
8	1	0.442453861237
7	1	0.44168806076
8	1	0.405267953873
5	1	0.523814201355
6	1	0.402228832245
5	1	0.380926132202
6	1	0.354818105698
6	1	0.378938913345
6	1	0.401384115219
6	1	0.365349054337
6	1	0.339214086533
5	1	0.362916946411
6	1	0.498198032379
6	1	0.381109952927
5	1	0.371454000473
6	1	0.378742933273
6	0	0.362679004669
5	1	0.396836996078
5	1	0.418947935104
5	1	0.466470956802
6	1	0.40437912941
6	1	0.379515886307
5	1	0.348481893539
5	1	0.331445932388
6	1	0.369317054749
6	1	0.363224983215
6	1	0.339542150497
5	1	0.381181955338
5	1	0.411738872528
6	1	0.491137981415
6	1	0.378252983093
5	1	0.452785015106
5	1	0.483221054077
5	1	0.410341978073
6	1	0.424324035645
6	1	0.388906955719
5	1	0.401319026947
5	1	0.428619146347
5	1	0.403717041016
6	1	0.466146945953
6	1	0.385695934296
6	1	0.395323991776
5	1	0.38773393631
6	1	0.363957881927
5	1	0.380373954773
5	1	0.363807201385
5	1	0.440150022507
5	1	0.363873958588
6	1	0.347006797791
5	1	0.483289003372
5	1	0.363385915756
5	1	0.410858154297
6	1	0.393409013748
5	1	0.380024909973
6	1	0.475342988968
5	1	0.49841094017
5	1	0.42869591713
5	1	0.395924091339
5	1	0.394639015198
6	1	0.513870000839
5	1	0.403151035309
5	0	0.355875968933
6	1	0.388056993484
6	1	0.410985946655
5	1	0.461292982101
6	1	0.562292098999
6	1	0.379961013794
6	1	0.344686031342
6	1	0.427141904831
5	1	0.396798849106
6	1	0.354166030884
6	1	0.379328966141
6	1	0.408873081207
5	1	0.421370983124
6	1	0.433884143829
6	1	0.402526140213
6	1	0.394062995911
5	1	0.404362916946
5	1	0.467805147171
5	1	0.40366101265
5	1	0.4410841465
6	1	0.379163980484
5	1	0.347408056259
5	1	0.40398311615
5	1	0.394095897675
6	1	0.451056957245
5	1	0.402673006058
6	1	0.411747932434
6	1	0.418361902237
6	1	0.35477399826
5	1	0.411415100098
5	1	0.467425107956
5	1	0.405256986618
6	1	0.504878997803
6	1	0.397324085236
6	1	0.432394981384
5	1	0.454153060913
6	1	0.379007101059
6	1	0.394243955612
6	1	0.371003866196
5	0	1.31586003304
6	1	0.338185071945
6	1	0.435796022415
5	1	0.402724981308
6	1	0.385675191879
6	1	0.396791219711
5	1	0.385999202728
6	1	0.451337099075
5	1	0.387092828751
6	1	0.435264825821
5	1	0.414263963699
5	1	0.40148806572
5	1	0.58814406395
5	1	0.412964105606
5	1	0.364194154739
5	1	0.401096105576
6	1	0.650384187698
5	1	0.44279718399
6	1	0.387959003448
5	1	0.377789020538
6	1	0.419008970261
5	1	0.699668884277
5	1	0.364264965057
6	1	0.428089857101
5	1	0.499607086182
6	1	0.418864965439
5	1	0.441495895386
6	1	0.46937918663
5	1	0.394586086273
5	1	0.364706993103
6	1	0.385443925858
6	1	0.502102851868
6	1	0.442070960999
5	1	0.387667894363
5	1	0.363411903381
5	1	0.401039123535
6	1	0.387919902802
6	1	0.340167999268
5	1	0.371044158936
5	1	0.401674985886
5	1	0.387647151947
5	1	0.394057035446
5	1	0.507891893387
6	1	0.38804602623
5	1	0.394729852676
5	1	0.458806037903
5	1	0.612360954285
6	1	0.428652048111
5	1	0.474219083786
6	1	0.402626037598
5	1	0.402865886688
5	1	0.444746017456
5	1	0.370490074158
5	1	0.387480020523
5	1	0.500052928925
5	1	0.466696977615
5	1	0.971017837524
6	1	0.522603988647
8	1	0.445008993149
8	1	0.428065061569
8	1	0.498258829117
7	1	0.41178393364
7	1	0.520761966705
7	1	0.372138977051
7	1	0.419162034988
7	1	0.402374982834
7	1	0.387542963028
8	1	0.428155899048
7	1	0.379301071167
7	1	0.403055906296
7	1	0.419229030609
7	1	0.411717891693
7	1	0.425508975983
8	1	0.52424788475
7	1	0.427464008331
7	1	0.434930086136
8	1	0.379998922348
7	1	0.642269849777
7	1	0.412628889084
7	1	0.37854886055
8	1	0.419802904129
8	1	0.420622825623
8	1	0.385355949402
7	1	0.339715003967
7	1	0.355643987656
7	1	0.419178962708
7	1	0.378844976425
8	1	0.379436969757
7	1	0.483616828918
8	1	0.497272014618
7	1	0.45968914032
7	1	0.572177171707
7	1	0.410577058792
7	1	0.410916090012
7	1	0.411657094955
7	1	0.384969949722
8	1	0.468449115753
8	1	0.364849805832
7	1	0.522329092026
8	1	0.426680803299
7	1	0.499577045441
7	1	0.393574953079
7	1	0.451951980591
8	1	0.44394993782
7	1	0.400645017624
8	1	0.603899002075
7	1	0.43283200264
7	1	0.388200044632
7	1	0.476095199585
7	1	0.452518939972
7	0	0.377692937851
8	1	0.45914888382
7	1	0.458665847778
8	1	0.43620300293
8	1	0.57049202919
7	1	0.690056085587
8	1	0.436665058136
8	1	0.411017894745
8	1	0.444105148315
7	1	1.6190469265
8	1	0.459542989731
8	1	0.394253015518
7	1	0.970730066299
7	1	0.379329919815
7	1	0.378945112228
7	1	0.34702706337
8	1	0.427990198135
7	1	0.355576038361
8	0	0.450508832932
8	1	0.468156099319
8	1	0.395040988922
8	1	0.419057130814
7	1	0.474956989288
7	1	0.396612167358
8	1	0.458785057068
7	1	0.387621879578
7	1	0.377353906631
8	1	0.426945924759
8	1	0.42839884758
8	1	0.410487890244
8	1	0.381775140762
7	1	0.361021995544
7	1	0.347440004349
7	1	0.412593126297
8	1	0.394865989685
7	1	0.381021976471
8	1	0.404157876968
8	1	0.345389127731
8	1	0.36306810379
7	1	0.404495000839
7	1	0.730959892273
7	1	0.378092050552
8	1	0.372781991959
8	1	0.361000061035
8	1	0.485842943192
7	1	0.440754175186
8	1	0.395771980286
7	1	0.37125992775
7	1	0.723173856735
8	1	0.395282030106
7	1	0.587319850922
7	1	0.379080057144
7	1	0.450748920441
8	1	0.395622968674
7	1	0.506461143494
7	1	0.379529953003
8	1	0.371766090393
7	1	0.363286018372
8	1	0.370837926865
7	1	0.371040821075
8	1	0.433850049973
8	1	0.370879888535
8	1	0.427776098251
7	1	0.76304101944
8	1	0.364148855209
7	1	0.400975942612
8	1	0.373111009598
7	1	0.578570842743
8	1	0.531702041626
8	1	0.44970703125
8	1	0.419620990753
8	1	0.395129919052
8	1	0.378245830536
8	1	0.340061903
7	1	0.585942983627
7	1	0.379415988922
8	1	0.509573936462
8	1	0.506217956543
8	1	0.339869022369
8	1	0.370700120926
8	1	0.356778860092
8	1	0.371267080307
7	1	0.370050191879
7	1	0.436501979828
8	1	0.394139051437
7	1	0.580002069473
8	1	0.378490924835
7	1	0.379171848297
8	1	0.433933973312
8	0	0.419862031937
8	1	0.460437059402
8	1	0.481611967087
7	1	0.380393981934
8	1	0.361680984497
7	1	0.485306024551
8	1	0.449797868729
7	1	0.691083908081
8	1	0.387209177017
8	1	0.468480825424
8	1	0.561213970184
8	1	0.347108125687
8	1	0.413374185562
6	1	0.548974990845
6	1	0.363107204437
5	1	0.441738128662
6	1	0.389385223389
6	1	0.37869310379
6	1	0.369826078415
5	1	0.459919929504
5	1	0.413733005524
5	1	0.416796207428
5	1	1.23642992973
5	1	0.859648942947
5	1	0.37001991272
5	1	0.379261016846
6	1	0.372138023376
6	1	0.400585174561
6	1	0.484940052032
6	1	0.403064966202
6	1	0.386661052704
6	1	0.44344496727
6	0	0.337799072266
5	1	0.370702981949
6	1	0.361541986465
5	1	0.388309955597
6	1	0.370057106018
5	1	0.354846954346
6	1	0.33869600296
6	1	0.371377944946
6	1	0.386883974075
5	1	0.396291017532
6	1	0.418920993805
6	1	0.355185031891
6	1	0.444436073303
5	1	0.513841152191
5	1	0.347823858261
6	1	0.378340959549
5	1	0.373126029968
5	0	0.354644060135
5	1	0.388243913651
6	1	0.409186124802
5	1	0.708353996277
5	1	0.355207920074
6	1	0.377935886383
5	1	0.39775800705
6	1	0.434349060059
6	1	0.411041975021
5	1	0.531059980392
6	1	0.461333036423
5	1	0.425676822662
6	1	0.435414075851
5	1	0.484206914902
5	1	0.449689149857
5	1	0.684807062149
6	1	0.457999944687
5	1	0.387980937958
5	0	0.346695899963
6	1	0.435635089874
5	1	0.497159957886
6	1	0.415091991425
5	1	0.479161977768
6	1	0.346479177475
6	1	0.467607021332
5	1	0.412141799927
6	1	0.819368124008
6	1	0.434293985367
6	1	0.460788011551
5	1	0.520376205444
5	1	0.475054979324
6	1	0.427088022232
5	1	0.396663188934
5	1	0.412358999252
6	1	0.353595972061
5	1	0.396366119385
6	1	0.427405118942
6	1	0.458992958069
6	1	0.363733053207
6	1	0.379534959793
5	1	0.371077060699
6	1	0.420464038849
6	1	0.473718881607
5	1	0.452525854111
6	1	0.436192989349
5	1	0.586966991425
5	1	0.394023895264
6	1	0.442686796188
6	1	0.453691959381
5	1	0.394351959229
5	1	0.394286870956
6	1	0.397800922394
5	1	0.410728931427
6	1	0.41078710556
5	1	0.393527030945
5	1	0.419090986252
6	1	0.402965068817
6	1	0.619830846786
6	1	0.388495922089
5	1	0.418039083481
5	1	0.845221996307
6	1	0.360394954681
6	1	0.412168979645
6	1	0.405112028122
6	1	0.424846887589
6	1	0.412066936493
5	1	0.451905012131
5	1	0.415555000305
5	1	0.414819002151
6	1	0.372813940048
6	1	0.345230102539
5	1	0.379812955856
5	1	1.02956104279
6	1	0.362632036209
5	1	0.697124958038
5	1	0.436995983124
5	1	0.36426782608
5	1	0.371440887451
6	1	0.393614053726
5	1	0.443056106567
6	1	0.363471031189
5	1	0.347062110901
5	1	0.492027997971
6	1	0.386693954468
5	1	0.340306043625
6	1	0.370210170746
5	1	0.388564109802
6	1	0.376345157623
5	1	0.414079189301
5	1	0.426218032837
6	1	0.450103998184
6	1	0.348620891571
5	0	0.379179000854
5	1	0.53134894371
5	1	0.39465212822
6	1	0.373284101486
6	1	0.369962215424
5	1	0.777064085007
6	1	0.380211114883
6	1	0.476169109344
5	1	0.427276134491
5	1	0.386998176575
5	1	0.426938056946
5	1	0.498049974442
6	1	0.43456697464
5	0	0.460720062256
5	1	0.562874078751
5	1	0.467833042145
6	1	0.393853187561
6	1	0.459196090698
6	1	0.386231899261
5	1	0.468652009964
6	1	0.393346071243
6	1	0.371385812759
6	1	0.573902845383
6	1	0.409888982773
6	1	0.450367212296
5	1	0.42734003067
1	1	0.594022035599
1	1	0.3562541008
1	1	0.394658088684
1	1	0.426223039627
1	1	0.37202000618
1	1	0.379728078842
1	1	0.378435134888
1	1	0.365078926086
1	1	0.369139909744
1	1	0.364192008972
1	1	0.410917043686
1	1	0.307101011276
1	1	0.393201112747
1	1	0.356595039368
1	1	0.434932947159
1	1	0.409812927246
1	1	0.436969041824
1	1	0.346535921097
1	1	0.354995012283
1	1	0.378788948059
1	1	0.426644086838
1	1	0.331102848053
1	1	0.371420860291
1	1	0.33077788353
1	1	0.40211391449
1	1	0.388864994049
1	1	0.411560058594
1	1	0.779234886169
1	1	0.363711833954
1	1	0.353451967239
1	1	0.363021850586
1	1	0.363541126251
1	1	0.39603304863
1	1	0.434897184372
1	1	0.372097969055
1	1	0.498799085617
1	1	0.356522798538
1	1	0.385679006577
1	1	0.387490034103
1	1	0.634662866592
1	1	0.394842147827
1	1	0.363103866577
1	1	0.354543924332
1	1	0.355197906494
1	1	0.363694906235
1	1	0.443273067474
1	1	0.371275901794
1	1	0.394130945206
1	1	0.412096977234
1	1	0.353704929352
1	1	0.371474027634
1	1	0.355148077011
1	1	0.371519088745
1	1	0.347623109818
1	1	0.370560884476
1	1	0.530462026596
1	0	0.346127033234
1	1	0.557291030884
1	1	0.617909193039
1	1	0.444129943848
1	1	0.416455984116
1	1	0.917855978012
1	1	0.410921812057
1	1	0.362941026688
1	1	0.411573171616
1	1	0.442102909088
1	1	0.363430023193
1	1	0.481575965881
1	1	0.668170928955
1	1	0.434952974319
1	1	0.411458969116
1	1	0.381008148193
1	1	0.361672878265
1	1	0.413712024689
1	1	0.392716884613
1	1	0.444669961929
1	1	0.354715108871
1	1	0.419779062271
1	1	0.59338593483
1	1	0.549117088318
1	1	0.45117688179
1	1	0.354631185532
1	1	0.378663063049
1	1	0.40308880806
1	1	0.531659841537
1	1	0.418365955353
1	1	0.435747146606
1	1	0.489575862885
1	1	0.435090065002
1	1	0.401957988739
1	1	0.642220020294
1	1	0.396438121796
1	1	0.436409950256
1	0	0.394613027573
1	1	0.348155021667
1	1	0.410674095154
1	1	0.402984142303
1	1	0.500782012939
1	1	0.386702060699
1	1	0.35549902916
1	1	0.401643037796
1	1	0.402513027191
1	1	0.402465105057
1	1	0.40434885025
1	1	0.514665126801
1	1	0.378785848618
1	1	0.386481046677
1	1	0.436611175537
1	1	0.44416308403
1	1	0.499920129776
1	1	0.483419895172
1	1	0.395833015442
1	1	0.482306957245
1	1	0.396739959717
1	1	0.43591094017
1	1	0.443483829498
1	1	0.51488494873
1	1	0.491768121719
1	1	0.378468990326
1	1	0.396246910095
1	1	0.394031047821
1	1	0.555405855179
1	1	0.40952706337
1	1	0.34790802002
1	1	0.41962313652
1	1	0.370730161667
1	1	0.40408706665
1	1	0.387233018875
1	1	0.378072023392
1	1	0.44408416748
1	1	0.443233966827
1	1	0.442820072174
1	1	0.530028104782
1	1	0.515697956085
1	1	0.355884790421
1	1	0.458649873734
1	1	0.395789146423
1	1	0.387260913849
1	1	0.420251131058
1	1	0.419377088547
1	1	0.412904977798
1	1	0.379243850708
1	1	0.355510950089
1	1	0.385676145554
1	1	0.500076055527
1	1	0.441770792007
1	1	0.428884029388
1	1	0.467352867126
1	1	2.09011411667
1	1	0.387012004852
1	1	0.409600973129
1	1	0.339212179184
1	1	0.427942991257
1	1	0.372601032257
1	1	0.441992044449
2	1	0.618681907654
2	1	0.379013061523
2	1	0.869910955429
2	1	0.393667936325
2	1	0.450450897217
2	1	0.522822141647
2	1	0.564424991608
2	1	0.394877910614
2	1	0.388175964355
2	1	0.609961032867
2	1	0.404927015305
2	1	0.730436086655
2	1	0.387949943542
2	1	0.401057004929
2	1	0.405176877975
2	1	0.450082063675
2	1	0.476784944534
2	1	0.384903907776
2	1	0.442991018295
2	1	0.530591011047
2	1	0.755117893219
2	1	0.412309169769
2	1	0.508279800415
2	1	0.441254138947
2	1	0.493048906326
2	1	0.499282836914
2	0	0.368970155716
2	1	0.460702180862
2	1	0.401674032211
2	1	0.677695035934
2	1	0.474766969681
2	1	0.434612035751
2	1	0.380536079407
2	1	0.385312080383
2	1	0.387820005417
2	1	0.364350795746
2	1	0.401835918427
2	1	0.364192962646
2	1	0.379179954529
2	1	0.410124063492
2	0	0.442738056183
2	1	0.412781000137
2	1	0.410526037216
2	1	0.778514146805
2	1	0.578874826431
2	1	0.411256790161
2	1	0.652834892273
2	1	0.514679193497
2	1	0.426754951477
2	0	0.339452028275
2	1	0.842553853989
2	1	0.394313097
2	1	0.40473818779
2	1	0.38569021225
2	1	1.05028581619
2	1	0.401551961899
2	1	0.382009983063
2	1	0.425556182861
2	1	0.419569969177
2	1	0.979568004608
2	1	0.419375181198
2	1	0.405983924866
2	1	0.441389799118
2	1	0.396023035049
2	1	0.370522975922
2	1	0.386294841766
2	1	0.380387067795
2	1	0.98551607132
2	1	0.71578001976
2	1	0.465281009674
2	1	0.388748168945
2	1	0.419292926788
2	1	0.364748001099
2	1	0.738325119019
2	1	0.500560045242
2	1	0.45974111557
2	1	0.400939941406
2	1	0.419945001602
2	1	0.395774126053
2	1	0.770143985748
2	1	0.461381912231
2	1	0.508089065552
2	1	0.449424982071
2	1	0.419366121292
2	1	1.30789685249
2	1	0.514689922333
2	1	0.449127197266
2	1	0.419734954834
2	1	0.47626209259
2	1	0.410661935806
2	0	0.92518901825
2	1	0.393207073212
2	1	0.370779037476
2	1	0.492067098618
2	1	0.402896165848
2	1	0.403664112091
2	1	0.370977878571
2	1	0.40287899971
2	1	0.436241149902
2	1	0.411998033524
2	1	0.556204080582
2	1	0.418700933456
2	1	0.394970178604
2	1	0.403512001038
2	1	0.38476896286
2	1	0.434659957886
2	1	0.490737915039
2	1	0.387437105179
2	1	0.644680976868
2	1	0.364575147629
2	1	0.42688703537
2	1	0.451565027237
2	1	0.363521099091
2	1	0.490660905838
2	1	0.45099902153
2	1	0.483780145645
2	1	0.42639708519
2	1	0.426974058151
2	1	0.453280925751
2	1	0.449522972107
2	1	0.372086048126
2	1	0.361876010895
2	1	0.355119943619
2	1	0.410670995712
2	1	0.500623941422
2	1	0.395832061768
2	1	0.556708097458
2	1	1.04160284996
2	1	0.731366157532
2	1	0.443513870239
2	1	1.65184307098
2	1	0.379045009613
2	1	0.363607168198
2	1	0.386418104172
2	1	0.691558837891
2	1	0.456413030624
2	1	0.443987846375
2	1	0.562735080719
2	1	0.523699998856
2	0	1.95662713051
2	1	0.440685987473
2	1	0.43612909317
2	1	0.444339990616
2	1	0.379118919373
2	1	0.434584856033
2	1	0.491074085236
2	1	0.378649950027
2	1	0.410559177399
2	1	0.364119052887
4	1	0.658632993698
4	1	0.412445068359
4	1	0.337733030319
4	1	0.387515068054
4	1	0.380424976349
4	1	0.330675840378
4	1	0.506437063217
4	1	0.411653995514
4	1	0.361653089523
4	1	0.364276885986
4	1	0.411521196365
4	1	0.409824132919
4	1	0.410404920578
4	1	0.516047000885
4	1	0.363574028015
4	1	0.337265014648
4	1	0.434664964676
4	1	0.365693807602
4	1	0.401960849762
4	1	0.500094890594
4	1	0.45037817955
4	1	0.36466383934
4	1	0.46618103981
4	1	0.444376945496
4	1	0.403367996216
4	1	0.556380033493
4	1	0.426456928253
4	1	0.45925784111
4	1	0.451463937759
4	1	0.445018053055
4	1	0.426131010056
4	1	0.355891942978
4	1	0.444094896317
4	1	0.380521774292
4	1	0.457365989685
4	1	0.411701202393
4	1	0.497761011124
4	1	0.397063016891
4	1	0.538088083267
4	1	0.435055017471
4	1	0.594912052155
4	1	0.433172941208
4	1	0.490290880203
4	1	0.373127937317
4	1	0.37752199173
4	1	0.412533998489
4	1	0.441436052322
4	1	0.404398918152
4	1	0.385844945908
4	1	0.402328014374
4	1	0.363256931305
4	1	1.37772607803
4	1	0.39648103714
4	1	0.379691123962
4	1	0.418699979782
4	1	0.60258603096
4	1	1.17154598236
4	1	0.403737068176
4	1	0.433599948883
4	1	0.403288841248
4	1	0.433871984482
4	1	0.443292140961
4	1	0.39545416832
4	1	0.418371915817
4	1	0.396239042282
4	1	0.468707799911
4	1	0.394297838211
4	1	0.43535900116
4	1	0.378187179565
4	1	0.38001704216
4	1	0.460109233856
4	1	0.38542509079
4	1	0.428472995758
4	1	0.418823957443
4	1	0.477565050125
4	1	0.386564970016
4	1	0.488879919052
4	1	0.389266967773
4	1	0.40404510498
4	1	0.432746171951
4	1	0.412439107895
4	1	0.46616101265
4	1	0.461282014847
4	1	0.418034791946
4	1	0.378846883774
4	1	0.388996124268
4	1	0.435344934464
4	1	0.793476104736
4	1	0.411696910858
4	1	0.378746032715
4	1	0.417109966278
4	1	0.484950065613
4	1	0.449866056442
4	1	0.421195030212
4	1	0.441446065903
4	1	0.452721834183
4	1	0.410584926605
4	1	0.595518827438
4	1	0.411027193069
4	1	0.418124914169
4	1	0.380902051926
4	1	0.466971158981
4	1	0.411179065704
4	1	0.691107034683
4	1	0.427690029144
4	1	0.473464012146
4	1	0.427744865417
4	1	0.620115041733
4	1	0.403551101685
4	1	0.371435165405
4	1	0.419427871704
4	1	0.347434997559
4	1	0.442100048065
4	1	0.378990888596
4	1	0.413108110428
4	1	0.402127027512
4	1	0.379105091095
4	1	0.396030902863
4	1	0.354562997818
4	1	0.674730062485
4	1	0.433343887329
4	1	0.40455698967
4	1	0.38636302948
4	1	0.467971086502
4	1	0.371355056763
4	1	0.323704004288
4	1	0.380435943604
4	1	0.465979099274
4	1	0.404704809189
4	1	0.432712078094
4	1	0.427107095718
4	0	0.434260129929
4	1	0.428658008575
4	1	0.339509963989
4	1	0.418659925461
4	1	0.395281076431
4	1	0.346485853195
4	0	0.410701036453
4	1	0.453278064728
4	1	0.530771970749
4	1	0.402570009232
4	1	0.450736999512
4	1	0.380425930023
4	1	0.369112014771
4	1	0.370635986328
4	1	0.356714963913
4	1	0.364289045334
4	1	0.362992048264
4	1	0.529430150986
4	1	0.3629758358
4	1	0.659597158432
4	1	0.353837966919
4	1	0.443549871445
4	1	0.499811887741
8	1	0.412776947021
7	1	0.452785015106
7	1	0.372730016708
8	1	0.519492864609
7	1	0.426245927811
7	1	0.359785079956
7	1	0.799543142319
7	1	0.399518966675
7	1	0.412818908691
7	1	0.412705898285
8	1	0.599458932877
7	1	0.386142969131
7	1	0.426333904266
8	1	0.426681995392
7	1	0.440083026886
8	1	0.373321056366
8	1	0.413354873657
7	1	0.373281955719
7	1	0.386678934097
8	1	0.372979164124
7	1	0.346184968948
8	1	0.426155805588
7	0	0.412869930267
7	1	0.453061103821
7	1	0.492978096008
8	1	0.492990016937
7	1	0.373280763626
7	1	0.413393974304
7	1	0.386821985245
8	1	0.453352928162
8	1	0.413375854492
8	1	0.426668167114
7	1	0.546500921249
8	1	0.453388929367
8	1	0.399792909622
8	1	0.37279510498
7	1	0.372803926468
7	1	0.426108121872
7	1	0.399662971497
7	0	0.413255929947
7	1	0.440031051636
7	1	0.400021076202
7	1	0.426759958267
8	1	0.453396081924
7	1	0.440068006516
7	1	0.413388967514
7	1	0.480000019073
8	1	0.453258991241
7	1	0.413098096848
7	1	0.492808103561
7	1	0.426059961319
8	1	0.426260948181
7	0	0.692882061005
7	1	0.493114948273
7	1	0.479764938354
7	1	0.679716825485
7	1	0.466660022736
7	1	0.506698131561
8	1	1.14622998238
7	1	0.452777862549
8	1	0.452717065811
7	1	0.466066837311
7	1	0.452865123749
7	0	0.466113090515
8	1	0.452881813049
8	1	0.38644194603
8	1	0.972820997238
8	1	0.506273984909
8	1	0.439681053162
8	1	0.412801027298
8	1	0.386097192764
7	1	0.43945479393
8	1	0.399540901184
7	1	0.426302909851
7	1	0.413286924362
7	1	0.480060100555
7	1	0.612885951996
8	1	0.439794063568
8	1	0.399971008301
7	1	0.426693916321
8	1	0.440009832382
8	1	0.426623106003
8	1	0.413350820541
8	1	0.533271074295
8	1	0.440093040466
7	1	0.653286933899
7	1	0.453231811523
8	1	0.426620960236
8	1	0.413269996643
8	1	0.346618890762
7	1	0.386193037033
7	1	0.452813148499
8	1	0.42610502243
7	1	0.53284406662
7	1	0.439493179321
8	1	0.412766933441
8	1	0.452794075012
7	1	0.373038053513
8	1	0.426624059677
8	1	0.453341007233
7	1	0.453399181366
7	1	0.399970054626
7	1	0.426656961441
8	1	0.386691093445
8	1	0.440023183823
8	1	0.399850845337
8	1	0.532763957977
7	1	0.426218986511
8	1	0.452818155289
7	1	0.4128510952
7	1	0.386122941971
7	1	0.466078996658
7	0	0.426127910614
8	1	0.519511938095
7	1	0.519528865814
7	1	0.426263093948
8	1	0.466192007065
7	1	0.492836952209
7	1	0.439834833145
8	1	0.453325986862
8	1	0.413368940353
7	1	0.49330997467
7	1	0.533246040344
7	1	0.426595926285
7	1	0.413352012634
8	1	0.493412971497
8	1	0.453327894211
8	1	0.653406143188
8	1	0.413325071335
8	1	0.493253946304
7	1	0.493404150009
7	1	0.413260936737
8	1	0.386653900146
7	1	0.386669874191
8	1	0.493152856827
8	1	0.399817943573
7	1	0.47941493988
7	1	0.439464092255
7	1	0.626081943512
8	1	0.546409130096
8	1	0.58660697937
8	1	0.4799888134
7	1	0.46665596962
8	0	0.666691064835
8	1	0.400056838989
7	1	0.493278026581
8	1	0.440039157867
8	1	0.493350028992
7	1	0.466700077057
8	1	0.506601810455
8	1	0.413401842117
8	1	0.493160963058
8	1	0.41330909729
7	1	0.453038930893
7	1	0.519507884979
8	1	0.452967882156
7	1	0.412829875946
8	1	0.439513921738
8	1	0.506089925766
7	1	0.412791967392
8	1	0.399565935135
8	1	0.399528026581
7	1	0.452997922897
7	1	0.426656961441
7	1	0.413298845291
7	1	0.573418855667
7	1	0.440007925034
7	1	0.453289985657
7	1	0.493275880814
8	1	0.399996995926
8	1	0.440041065216
7	1	0.400082111359
8	1	0.400007963181
7	0	0.413130044937
8	1	0.452850103378
7	1	0.426032781601
7	1	0.39951300621
8	1	0.372754096985
8	1	0.39968419075
7	1	0.426596164703
7	1	0.493218898773
7	1	0.559590101242
8	1	0.439870119095
7	1	0.493255138397
7	1	0.466715097427
8	1	0.399993181229
8	1	0.479957103729
7	1	0.4133040905
7	1	0.480083942413
8	1	0.426729917526
7	1	0.560115098953
8	1	0.413392066956
8	1	0.426602125168
7	1	0.426653146744
8	1	0.39991402626
8	1	0.412803173065
7	1	0.439472198486
8	1	0.37285399437
7	1	0.492965936661
8	1	0.4395840168
7	1	0.439489841461
8	1	0.452924966812
7	1	0.399993896484
7	1	0.426721096039
8	1	0.46661901474
7	1	0.386677980423
7	1	0.826165914536
7	1	0.466116905212
8	1	0.426480054855
7	1	0.413413047791
8	1	0.386747121811
7	1	0.439951896667
7	1	0.42667388916
7	1	0.453301906586
8	1	0.413248062134
8	1	0.426620960236
7	1	0.399756908417
8	1	0.426086902618
7	1	0.439475059509
7	1	0.372794866562
7	1	0.412760972977
8	0	0.452955007553
7	1	0.466356039047
8	1	0.45317697525
7	1	0.413280963898
8	1	0.399955034256
7	1	0.466649055481
8	1	0.533330917358
7	1	0.533383131027
8	1	0.426736831665
7	1	0.4000248909
8	1	0.426800966263
8	1	0.399942874908
7	1	0.399798870087
7	1	0.439479827881
7	1	0.412872076035
7	1	0.439498186111
8	1	0.399551868439
8	1	0.466099977493
8	1	0.426213026047
8	1	0.386621952057
8	1	0.4266269207
8	1	0.453302145004
8	1	0.440076828003
7	1	0.439926862717
7	1	0.439975976944
7	1	0.413391113281
8	1	0.386713981628
7	1	0.786423206329
8	1	0.413315057755
8	1	0.426691055298
8	1	0.39995598793
8	1	0.43999505043
7	1	0.386455059052
8	1	0.386141061783
7	0	0.412791967392
8	1	0.439576148987
7	1	0.519447803497
7	1	0.506175994873
8	1	0.54606795311
8	1	0.519506931305
7	1	0.479514122009
7	1	0.439533948898
8	1	0.466276168823
7	1	0.892941951752
8	1	0.440040826797
8	0	0.453180074692
7	1	0.533102989197
7	1	1.57269191742
8	1	0.413305997849
7	1	0.466626167297
7	1	0.519727945328
8	1	0.466536998749
8	1	0.67981004715
8	1	0.440068006516
7	1	0.426659107208
7	1	0.439998149872
8	1	0.853125095367
8	1	0.559974908829
7	1	1.17284703255
8	1	0.479985952377
8	1	0.45329785347
7	1	0.519973039627
8	1	0.413270950317
8	1	0.413108110428
8	1	0.386165142059
8	1	0.412790060043
8	1	0.386253118515
7	1	0.399595975876
8	1	0.439836978912
7	1	0.426676988602
7	1	0.386690855026
7	1	0.493355989456
8	1	0.426645994186
8	1	0.440010070801
8	1	0.47997713089
8	1	0.439952135086
8	1	0.41326212883
7	1	0.399924039841
7	1	0.479603052139
8	1	0.519582986832
7	1	0.519654035568
7	1	0.399801969528
8	1	0.386244058609
1	1	0.413443088531
1	1	0.413223028183
1	1	0.412850856781
1	1	0.412794113159
1	1	0.412901878357
1	1	0.466169118881
1	1	0.466145992279
1	1	0.399540901184
1	1	0.439824104309
1	1	0.439966917038
1	1	0.439979076385
1	1	0.37335395813
1	1	0.439973115921
1	1	0.346684932709
1	1	0.466594934464
1	1	0.466631889343
1	1	0.493138790131
1	1	0.426448106766
1	1	0.42625784874
1	1	0.43950009346
1	1	0.43952703476
1	1	0.506176948547
1	1	0.439423084259
1	1	0.399392127991
1	1	0.439496994019
1	1	0.439613103867
1	1	0.532940149307
1	1	0.386528015137
1	1	0.413258075714
1	1	0.386717796326
1	1	0.466667890549
1	1	0.599998950958
1	1	0.426755905151
1	1	0.34672999382
1	1	0.493273019791
1	1	0.333201885223
1	1	0.41300201416
1	1	0.399484157562
1	1	0.372862815857
1	1	0.359647989273
1	1	0.46636390686
1	1	0.413352012634
1	1	0.466745853424
1	1	0.373239994049
1	1	0.440033912659
1	1	0.426715135574
1	1	0.426573991776
1	1	0.440059900284
1	1	0.413321018219
1	1	0.493031978607
1	1	0.452921867371
1	0	0.399604082108
1	1	0.452899932861
1	1	0.39951300621
1	1	0.439476966858
1	1	0.439484834671
1	1	0.452883005142
1	1	0.413177967072
1	1	0.413341999054
1	1	0.426703214645
1	1	0.453261852264
1	1	0.400044202805
1	1	0.413305997849
1	1	0.413391113281
1	1	0.413364887238
1	1	0.532998800278
1	1	0.386584997177
1	1	0.439518928528
1	1	0.466246128082
1	1	0.492746114731
1	1	0.39945602417
1	1	0.399523973465
1	1	0.38640499115
1	1	0.399978160858
1	1	0.453324079514
1	1	0.400007009506
1	1	0.453247070312
1	1	0.399974822998
1	1	0.400077104568
1	1	0.386790990829
1	1	0.412989854813
1	1	0.426177024841
1	1	0.372719049454
1	1	0.492802143097
1	1	0.412825107574
1	1	0.412919044495
1	1	0.399959087372
1	1	0.453390836716
1	1	0.413350105286
1	1	0.493301153183
1	1	0.466653823853
1	1	0.466701030731
1	1	0.399998903275
1	1	0.439967870712
1	1	0.493382930756
1	1	0.480027914047
1	1	0.453375101089
1	1	0.640027999878
1	1	0.426702022552
1	1	0.439981937408
1	1	0.49329996109
1	1	0.400021791458
1	1	0.533119916916
1	1	0.439934015274
1	1	0.399715900421
1	1	0.426115036011
1	1	0.386168956757
1	1	0.412854909897
1	1	0.466100931168
1	1	0.466137170792
1	1	0.572835922241
1	1	0.386212110519
1	1	0.479603052139
1	1	0.413155078888
1	1	0.399981975555
1	1	0.440094947815
1	1	0.38659286499
1	1	0.440003871918
1	1	0.413368940353
1	1	0.506730794907
1	1	0.453394889832
1	1	0.386694908142
1	1	0.399621963501
1	1	0.412759065628
1	1	0.386219978333
1	1	0.492783069611
1	1	0.426120996475
1	1	0.466148853302
1	1	0.519509077072
1	1	0.413043022156
1	1	0.413342952728
1	1	0.57301402092
1	1	0.426553010941
1	1	0.506418943405
1	1	0.399996995926
1	1	0.386693000793
1	1	0.439930915833
1	0	0.43999505043
1	1	0.520050048828
1	1	0.413334131241
1	1	0.359977006912
1	1	0.386299133301
1	1	0.43946313858
1	1	0.399517059326
1	1	0.439440965652
1	1	0.466153860092
1	1	0.426187992096
1	1	0.492725849152
1	1	0.426326990128
1	1	0.47971701622
1	1	0.386576890945
1	1	0.480060815811
1	1	0.413305997849
1	1	0.506711006165
4	1	0.426114082336
4	1	0.359899044037
4	1	0.546346902847
4	1	0.386728048325
4	1	0.400073051453
4	1	0.440001010895
4	1	0.426689147949
4	1	0.639945030212
4	1	0.43992805481
4	1	0.480004072189
4	1	0.386711835861
4	1	0.466727018356
4	1	0.440048933029
4	1	0.373440980911
4	1	0.613009214401
4	1	0.413408041
4	0	0.413115024567
4	1	0.492867946625
4	0	0.412841081619
4	1	0.426196098328
4	1	0.399469852448
4	0	0.41283416748
4	1	0.506238937378
4	1	0.426128864288
4	1	0.506241083145
4	1	0.452967882156
4	1	0.586125135422
4	1	0.426207065582
4	1	0.439735174179
4	1	0.479890823364
4	1	0.799595832825
4	1	0.546243906021
4	1	0.452842950821
4	1	0.412958860397
4	1	0.452927827835
4	1	0.466134786606
4	1	0.532740831375
4	1	0.532795906067
4	1	0.492813825607
4	1	0.426159143448
4	1	0.466222047806
4	1	0.466113090515
4	1	0.49271607399
4	1	0.452773094177
4	1	0.426331043243
4	1	0.506307840347
4	1	0.479687929153
4	1	0.466536998749
4	1	0.47979593277
4	1	0.453248023987
4	0	0.479959964752
4	1	0.439984798431
4	1	0.520003795624
4	1	0.426651000977
4	1	0.426686048508
4	1	0.493271827698
4	1	0.493294000626
4	1	0.480077981949
4	1	0.413360834122
4	1	0.480090141296
4	1	0.466640949249
4	1	0.426666975021
4	1	0.413289785385
4	1	0.452959060669
4	1	0.572850942612
4	1	0.453252077103
4	1	0.439610004425
4	1	0.43942284584
4	1	0.426287889481
4	1	0.506218910217
4	1	0.572808027267
4	1	0.426113128662
4	1	0.466184854507
4	1	0.452862024307
4	1	0.452894926071
4	1	0.466111898422
4	1	0.492797136307
4	1	0.439479827881
4	1	0.412825107574
4	1	0.426462173462
4	1	0.493052959442
4	1	0.466501951218
4	0	0.493149995804
4	1	0.426666975021
4	1	0.453330039978
4	1	0.426752090454
4	1	0.45326590538
4	1	0.453326940536
4	1	0.41336107254
4	1	0.440052986145
4	1	0.49343085289
4	1	0.746662139893
4	1	0.41326212883
4	1	0.493194103241
4	1	0.493352890015
4	1	0.39997792244
4	1	0.533334970474
4	1	0.413348913193
4	1	0.53338599205
4	1	0.466617107391
4	1	0.413369894028
4	1	0.413348913193
4	1	0.413049936295
4	1	0.466114044189
4	1	0.546185970306
4	1	0.466210126877
4	1	0.46613407135
4	1	0.639557123184
4	1	0.50651216507
4	1	0.559946060181
4	0	0.453314065933
4	1	0.479995965958
4	1	0.666692972183
4	1	0.599916934967
4	1	0.506628036499
4	1	0.426596879959
4	1	0.772862911224
4	1	0.586165904999
4	1	0.492790937424
4	1	0.546178102493
4	1	0.519553899765
4	1	0.492902040482
4	1	0.412878036499
4	1	0.492851018906
4	1	0.466237068176
4	1	0.439513921738
4	1	0.399887800217
4	1	0.439979076385
4	1	0.559746026993
4	1	0.439990997314
4	1	0.413358926773
4	1	0.599875926971
4	1	0.47997713089
4	1	0.533180952072
4	1	0.466527938843
4	1	0.413397073746
4	1	0.413350105286
4	1	0.399938106537
4	1	0.466788053513
4	1	0.440010070801
4	1	0.386658906937
4	1	0.439848899841
4	1	0.706303834915
4	1	0.493345022202
4	1	0.519954919815
4	1	0.386620044708
4	1	0.400008916855
4	1	0.46640086174
4	1	0.519764900208
4	1	0.399821996689
4	1	0.439527988434
5	1	0.506667852402
5	1	0.400010108948
5	1	0.479959011078
6	1	0.493310928345
5	1	0.479995965958
5	1	0.493350982666
6	1	0.439993143082
5	1	0.466717004776
5	1	0.440010070801
6	1	0.413148164749
5	1	0.412881851196
6	1	0.426091909409
5	1	0.412759065628
5	1	0.399415969849
5	1	0.492953062057
6	1	0.399688005447
6	1	0.466486930847
5	1	0.426629066467
6	1	0.506590127945
6	1	0.400084972382
5	1	0.413305997849
5	1	0.440011024475
6	1	0.426648855209
6	1	0.413310050964
5	1	0.480026960373
5	1	0.466717004776
6	1	0.506544113159
6	1	0.559922218323
5	1	0.546657085419
5	1	0.626740932465
6	1	0.453315019608
5	1	0.493373155594
5	1	0.653347015381
5	1	0.586359024048
6	1	0.572836875916
6	1	0.413039922714
6	1	0.413293123245
5	1	0.91960310936
6	1	0.426070928574
5	1	0.519479036331
5	1	0.612900972366
5	1	0.759467840195
6	1	0.600074052811
5	1	0.46661901474
5	1	0.480047941208
6	1	0.67987203598
6	1	0.519845962524
6	1	0.466675043106
5	1	0.586236000061
6	1	0.519551038742
6	1	0.479543924332
5	1	0.586183786392
6	1	0.426189899445
5	1	0.426327943802
6	1	0.519526004791
6	1	0.439777135849
5	1	0.386610984802
5	1	0.652802944183
6	1	0.43977689743
5	0	0.373305797577
6	1	0.480010986328
5	1	0.466703176498
6	1	0.440072059631
5	1	0.440105199814
6	1	0.440024852753
6	1	0.426691055298
5	1	0.506662130356
6	1	0.386696100235
6	1	0.426419019699
5	1	0.399555921555
5	1	0.386240005493
5	1	0.426115989685
5	1	0.426213026047
6	1	0.37313914299
6	1	0.466502904892
5	1	0.439984083176
5	1	0.413409948349
6	1	0.453351974487
6	1	0.573282003403
6	1	0.386750936508
5	1	0.413295030594
6	1	0.613299131393
6	1	0.453264951706
5	1	0.493386030197
6	1	0.43998003006
6	1	0.413437128067
6	1	0.466696023941
5	1	0.440043926239
5	1	0.466696977615
6	1	0.413063049316
5	1	0.452852964401
5	1	0.372719049454
5	1	0.43944311142
6	1	0.372861146927
5	1	0.466199874878
5	1	0.399868965149
5	1	0.386639118195
6	1	0.453329086304
6	1	0.399993896484
5	1	0.493358850479
6	1	0.480013847351
5	1	0.479987859726
5	1	0.426640033722
6	1	0.426712036133
5	1	0.453351974487
6	1	0.426701068878
5	1	0.506372928619
6	1	0.399809122086
5	1	0.412793874741
5	1	0.412791013718
6	1	0.706143140793
6	1	0.43962097168
6	1	0.492809057236
5	1	0.532809019089
6	1	0.439622163773
5	1	0.532907009125
6	1	0.452898025513
5	1	0.466229915619
6	1	0.426151990891
6	1	0.439433097839
5	1	0.372802972794
6	1	0.426202058792
5	0	0.43972992897
6	1	0.399993896484
5	1	0.373376846313
5	1	0.386720895767
5	1	0.479998826981
6	1	0.426649093628
6	1	0.586656093597
6	1	0.359996080399
5	1	0.639935970306
5	1	0.892951965332
6	1	0.492821216583
6	1	0.452880859375
5	1	0.426467895508
5	1	0.413284063339
6	1	0.759500026703
6	1	0.492809772491
5	1	0.492918968201
6	1	0.612878084183
6	1	0.452848911285
5	1	0.452841043472
5	1	1.65245008469
5	1	0.452918052673
6	1	0.412882089615
5	1	0.426066160202
6	1	0.452823162079
6	1	0.452714920044
5	1	0.426120996475
5	1	0.413200855255
3	1	0.639456033707
3	1	0.466470956802
3	1	0.492939949036
3	1	0.426274061203
3	1	0.386224985123
3	1	0.439460992813
3	1	0.439602851868
3	1	0.386132001877
3	1	0.359942913055
3	1	0.413337945938
3	1	0.493296146393
3	1	0.493366003036
3	1	0.453271150589
3	1	0.573235988617
3	1	0.413341999054
3	1	0.400018930435
3	1	0.480036973953
3	1	0.466659069061
3	1	0.426650047302
3	1	0.44002199173
3	1	0.640002012253
3	1	0.959499120712
3	1	0.599453926086
3	1	0.679524898529
3	1	0.572957992554
3	1	0.479993104935
3	1	0.479993104935
3	1	0.999450922012
3	1	0.453042984009
3	1	0.453206062317
3	1	0.466768026352
3	1	0.466607809067
3	1	0.453260183334
3	0	0.573208808899
3	1	0.559724092484
3	1	0.519613981247
3	1	0.439808130264
3	1	0.466500043869
3	1	0.453361034393
3	1	0.493300914764
3	1	0.413305997849
3	1	0.466681003571
3	1	0.466594934464
3	1	0.453256845474
3	1	0.60005903244
3	1	0.426743984222
3	1	0.426668167114
3	1	0.440017938614
3	1	0.426644802094
3	1	0.786787033081
3	1	0.520005941391
3	1	0.413237810135
3	1	0.466720104218
3	1	0.466590881348
3	1	0.466613054276
3	1	0.413270950317
3	1	0.453356981277
3	1	0.479927062988
3	1	0.466585874557
3	1	0.466711997986
3	1	0.7334420681
3	1	1.02616500854
3	1	0.426151037216
3	1	0.53276515007
3	1	0.46618103981
3	1	0.439435005188
3	1	0.399555921555
3	1	0.412837028503
3	1	0.532747983932
3	1	0.452866077423
3	1	0.426367044449
3	1	0.413328886032
3	1	0.466812133789
3	1	0.53330206871
3	1	0.426623106003
3	1	0.453294992447
3	1	0.426662921906
3	1	0.426696062088
3	1	0.493358850479
3	1	0.399999856949
3	1	0.480020046234
3	1	0.453217983246
3	1	0.493339061737
3	1	0.426573991776
3	1	0.506344079971
3	1	0.479709863663
3	1	0.413028001785
3	1	0.492894172668
3	1	0.519566059113
3	1	0.386133909225
3	1	0.679569959641
3	1	0.479865074158
3	1	0.426472187042
3	1	0.426150083542
3	1	1.11931490898
3	1	0.532945871353
3	1	0.546113967896
3	1	0.692898988724
3	1	0.492856025696
3	1	0.46625995636
3	1	0.43945980072
3	1	0.439447164536
3	1	0.452726840973
3	1	0.452730178833
3	1	0.426388978958
3	1	0.532963037491
3	1	0.559530973434
3	1	0.466024160385
3	1	0.546236991882
3	1	0.466142177582
3	1	0.426195859909
3	1	0.546296834946
3	1	0.386460065842
3	1	0.426661968231
3	1	0.413305997849
3	1	0.386695146561
3	1	0.37340092659
3	1	0.63994383812
3	1	0.440006017685
3	1	0.493303060532
3	1	0.413301944733
3	1	0.426712989807
3	1	0.439924001694
3	1	0.41317820549
3	1	0.572699069977
3	1	0.506464004517
3	1	0.399873018265
3	1	0.452752828598
3	0	0.492813825607
3	1	0.586142063141
3	1	0.506430149078
3	1	0.453150033951
3	1	0.439615011215
3	1	0.412845849991
3	1	0.372797966003
3	1	0.479475975037
3	1	0.466068029404
3	1	0.452857971191
3	1	0.399628162384
3	1	0.413275957108
3	1	0.480015039444
3	1	0.386649131775
3	1	0.466699838638
3	1	0.42668390274
3	1	0.400032043457
3	1	0.439946174622
3	1	0.506631135941
3	1	0.426645994186
3	1	0.439965009689
3	1	0.453028202057
5	1	0.79944396019
5	1	0.532726049423
5	1	0.466163873672
6	1	0.452929019928
5	1	0.479476928711
5	1	0.892847776413
6	1	0.479605913162
6	1	0.439649105072
5	1	0.426250934601
6	1	0.53293299675
5	1	0.439521074295
5	1	0.466192007065
5	1	0.466109037399
6	1	0.466132879257
6	1	0.399515867233
5	1	0.412760019302
5	1	0.652813911438
6	1	0.45282292366
5	1	0.412755966187
5	1	0.426157951355
6	1	0.479647874832
5	1	0.679436922073
5	1	0.399410963058
5	1	0.3996489048
5	1	0.373378992081
5	1	0.413328886032
6	1	0.37331199646
5	1	0.399964094162
5	1	0.533356904984
5	1	0.386672973633
6	1	0.400041818619
5	1	0.519629955292
5	1	0.453003883362
6	1	0.492889881134
5	1	0.452847957611
6	1	0.519580125809
5	1	0.639432907104
6	1	0.546711206436
6	1	0.54665017128
6	1	0.866320848465
5	1	0.506201982498
6	1	0.492727994919
5	1	0.426391124725
6	1	0.453132152557
5	1	0.439948797226
6	1	0.453272819519
5	1	0.666136980057
5	1	0.532884836197
5	0	0.639509916306
6	1	0.519575119019
6	1	0.506170988083
5	1	0.559410095215
6	1	0.506187200546
6	1	0.452745914459
5	1	0.506154060364
5	1	0.439507007599
5	1	0.43949007988
6	1	0.572880983353
6	1	0.426120996475
6	1	0.426131010056
5	1	0.412845849991
6	1	0.532877922058
5	0	0.519503116608
5	1	0.866117954254
5	1	0.506577968597
6	1	0.480012893677
6	1	0.453235864639
5	1	0.506412982941
6	1	0.439778089523
5	1	0.479513883591
5	1	0.50612616539
6	1	0.452783107758
6	1	0.439517974854
6	1	0.532712936401
6	1	0.466135025024
6	1	0.772815942764
5	1	0.426666021347
6	1	0.586582899094
5	1	0.440004110336
5	1	0.506574869156
6	1	0.4000248909
5	1	0.399955034256
6	1	0.372896909714
5	1	0.412786960602
6	1	0.466257095337
5	1	0.386244058609
6	1	0.399671077728
6	1	0.373341083527
6	1	0.466671943665
6	1	0.399991989136
6	1	0.693173885345
6	1	0.439970016479
6	1	0.413372039795
6	1	0.426627874374
6	1	0.480026006699
5	1	0.426627159119
5	1	0.426640033722
6	1	0.38659787178
6	1	0.399865150452
5	1	0.586116075516
6	1	0.426578998566
5	1	1.71910810471
6	1	0.440033197403
5	1	0.373318910599
5	1	0.386380910873
6	1	0.412786960602
6	1	0.452831983566
6	1	0.466175079346
5	1	0.426177024841
6	1	0.372838020325
5	1	0.413061857224
6	1	0.479887008667
6	1	0.440009832382
6	1	0.440042972565
6	1	0.399923086166
6	1	0.466645956039
5	1	0.53333902359
5	1	0.413255929947
6	1	0.38666510582
5	1	0.399998188019
6	1	0.493067979813
6	1	0.413182973862
5	1	0.426172018051
5	1	0.43952703476
6	1	0.452764987946
5	1	0.466123819351
5	1	0.426204204559
5	1	0.586187839508
5	1	0.372761011124
5	1	0.399509906769
6	1	0.466341018677
6	1	0.426558971405
6	0	0.479938030243
5	1	0.493283987045
5	1	0.453302145004
6	1	0.453305006027
5	1	0.546628952026
5	1	0.453315019608
5	1	0.546663045883
6	1	0.466727018356
6	1	0.413295984268
5	1	0.426586151123
6	1	0.440025806427
6	1	0.399980783463
6	1	0.426645040512
6	1	0.38659620285
5	1	0.492793083191
6	1	0.399580001831
5	1	0.452808141708
6	1	0.46614408493
2	1	0.46613907814
2	1	0.506113052368
2	1	0.61280798912
2	1	0.412792921066
2	1	0.41276717186
2	1	0.493113040924
2	1	0.492919921875
2	1	0.452913999557
2	1	0.399911165237
2	1	0.519787073135
2	1	0.83952498436
2	1	0.412905931473
2	1	0.666198015213
2	1	0.426208019257
2	1	0.399501085281
2	1	0.426129102707
2	1	0.63959312439
2	1	0.519406080246
2	1	0.732897043228
2	1	0.519949913025
2	1	0.439984083176
2	1	0.546658992767
2	0	0.573359966278
2	1	0.533256053925
2	1	0.466640949249
2	1	0.399996042252
2	1	0.493367910385
2	1	0.786695957184
2	1	0.639477968216
2	0	0.746131896973
2	1	0.612936973572
2	0	0.479501008987
2	1	0.652845859528
2	1	0.453411817551
2	1	0.440008878708
2	1	0.45313000679
2	1	0.399572134018
2	1	0.439549922943
2	1	0.532801151276
2	1	0.54622220993
2	1	0.492929935455
2	1	0.45285987854
2	1	0.45289516449
2	1	1.57237315178
2	1	0.46617102623
2	1	0.479499101639
2	1	0.519484043121
2	1	0.466213941574
2	1	0.439467906952
2	1	0.426192998886
2	1	0.412888050079
2	1	0.439429044724
2	1	0.41307091713
2	1	0.413269042969
2	1	0.480090141296
2	0	0.679526090622
2	1	0.492902994156
2	1	0.53298997879
2	1	0.519508123398
2	1	1.94561195374
2	1	0.546675920486
2	1	0.466625928879
2	1	0.413330078125
2	1	0.586752176285
2	1	0.413413047791
2	1	0.493421077728
2	1	0.426690101624
2	1	0.506617069244
2	1	0.519937038422
2	1	0.493269920349
2	1	0.466646909714
2	1	0.866659164429
2	1	0.759522914886
2	1	0.479580879211
2	1	0.466187000275
2	1	0.519575119019
2	1	0.439527988434
2	1	0.47944688797
2	1	1.07951712608
2	1	0.519958019257
2	0	0.413357973099
2	1	0.440071105957
2	1	0.560094833374
2	1	0.560034990311
2	1	0.413347959518
2	1	0.480062961578
2	1	0.506644010544
2	1	0.440022945404
2	1	0.466732025146
2	1	0.65331196785
2	1	0.506618976593
2	1	0.493382930756
2	1	0.466627836227
2	1	0.466772079468
2	1	0.892815113068
2	1	0.546157121658
2	1	0.439465045929
2	1	0.479437828064
2	1	0.839471101761
2	1	0.466147899628
2	1	0.492831945419
2	1	0.43949007988
2	1	0.466198921204
2	1	0.466162919998
2	1	0.426156997681
2	1	0.452867031097
2	0	0.466170787811
2	1	0.532783031464
2	1	0.479506015778
2	1	0.439481019974
2	1	0.452896118164
2	1	0.426357984543
2	1	0.466416120529
2	1	0.719475030899
2	1	0.479482889175
2	1	0.479444980621
2	1	0.452828884125
2	1	0.479603767395
2	1	0.466066122055
2	1	0.46613907814
2	1	0.759435892105
2	1	0.572897195816
2	1	0.626249074936
2	1	0.53332400322
2	1	0.480005979538
2	0	0.786684989929
2	1	0.506553173065
2	1	0.506613969803
2	1	0.986112117767
2	1	0.719504833221
2	1	0.82665681839
2	1	1.03944587708
2	1	0.453186988831
2	1	0.466345071793
2	1	0.439471006393
2	1	0.412755966187
2	1	0.412882089615
2	1	0.492864131927
2	1	0.426234960556
2	0	0.652812004089
2	1	0.452815055847
2	1	0.546223163605
2	1	0.506062984467
2	1	0.639504909515
2	1	0.426426172256
2	1	0.45286488533
