3	0	1.13273215294
3	1	0.772865056992
3	1	0.532947063446
3	1	0.533065080643
3	1	0.533224821091
3	1	0.62669801712
3	1	0.640022993088
3	1	0.506732940674
3	1	0.53329205513
3	1	0.466645956039
3	1	0.466720819473
3	1	0.466620922089
3	1	0.519992113113
3	0	0.373392105103
3	1	0.600060939789
3	1	0.613337039948
3	1	0.7862200737
3	1	0.799574136734
3	1	0.746653079987
3	1	0.679733037949
3	1	0.62611413002
3	1	0.652889966965
3	1	0.626115083694
3	0	0.67945098877
3	1	3.06515002251
3	1	0.839452028275
3	1	0.786520004272
3	0	0.493360042572
3	1	0.786147117615
3	1	0.626199960709
3	1	0.62609910965
3	1	0.519464969635
3	1	0.532958030701
3	1	0.492970943451
3	1	0.466217041016
3	0	0.359524011612
3	0	1.69235610962
3	0	0.95967912674
3	1	0.986221075058
3	1	0.586133003235
3	0	0.679939031601
3	1	1.82570004463
3	0	1.13271188736
3	1	0.852734088898
3	0	0.972742795944
3	1	1.33264398575
3	1	1.38571810722
3	1	0.959448099136
3	1	1.10615110397
3	1	0.652827978134
3	1	0.839907884598
3	1	0.639718055725
3	1	0.639476060867
3	0	0.532832145691
3	1	1.13278388977
3	0	1.07944488525
3	0	0.946081161499
3	1	0.50671005249
3	0	0.559929847717
3	1	0.786279916763
3	1	0.466156959534
3	0	0.719504117966
3	0	1.2124080658
3	1	0.932856798172
3	1	0.653346061707
3	1	1.07955503464
3	1	0.839520931244
3	1	0.54656791687
3	1	0.94614982605
3	1	0.666216135025
3	1	0.519509077072
3	1	0.839508056641
3	1	0.74646282196
3	1	1.22611308098
3	1	0.640017032623
3	1	0.919516086578
3	1	0.639433145523
3	1	0.719702005386
3	1	0.600034952164
3	1	0.533349990845
3	1	0.61331987381
3	0	0.519844055176
3	1	0.746146917343
3	1	0.652805089951
3	1	2.13203716278
3	1	0.679477214813
3	1	0.65279507637
3	1	0.692878961563
3	1	0.879930019379
3	1	0.46661901474
3	0	0.786187171936
3	1	0.959498882294
3	1	0.786372900009
3	1	0.759531021118
3	1	0.772829055786
3	0	0.826575994492
3	1	0.573346853256
3	1	1.94573092461
3	1	0.639503955841
3	1	0.426694869995
3	1	0.399774074554
3	1	0.532924890518
3	1	0.626204013824
3	0	0.426594018936
3	1	0.653090953827
3	1	0.533387899399
3	1	0.453212022781
3	1	0.480013132095
3	1	0.493350982666
3	1	0.346673965454
3	1	0.666421890259
3	1	0.480078935623
3	1	0.626635074615
3	1	1.06619691849
3	1	0.612871170044
3	1	0.51969909668
3	1	0.599899053574
3	1	0.693254947662
3	1	0.573316812515
3	1	0.63948392868
3	1	0.546150922775
3	1	0.679487943649
3	1	0.466241121292
3	1	0.412872076035
3	1	0.519608974457
3	1	1.10622000694
3	1	0.63987493515
3	1	0.533041000366
3	1	0.532959938049
3	1	0.599571943283
3	1	0.679510116577
3	1	0.599547147751
3	0	0.372883081436
8	1	0.812928915024
8	1	0.466633081436
8	0	0.399941921234
8	0	1.34573292732
7	1	1.25226211548
7	1	0.639420986176
7	1	0.492892980576
8	1	0.586205005646
8	1	0.612841129303
8	1	0.612758874893
8	1	0.560022115707
7	1	0.653338193893
8	0	0.600081920624
7	1	0.746154069901
8	1	0.626173019409
8	1	0.532819032669
7	1	0.546130895615
7	1	0.599448919296
8	1	0.586201906204
8	1	0.519948959351
7	1	0.719996213913
8	1	0.786231994629
8	1	0.572881221771
8	1	0.572793960571
8	1	0.772845029831
7	1	0.533239841461
8	1	0.653322935104
7	1	0.519974946976
7	1	0.506660938263
7	1	0.533268928528
7	1	0.519983053207
8	1	0.6264731884
8	1	0.599499940872
8	1	0.639573097229
8	1	0.439450025558
7	0	0.466137886047
8	1	0.719472885132
8	1	1.45238494873
7	0	1.19904589653
8	0	2.3723051548
7	1	0.852891921997
7	1	0.986063957214
7	1	0.839555978775
7	0	1.53230690956
7	1	3.38471698761
7	0	0.732839822769
8	0	0.652860164642
7	0	0.799726963043
8	1	0.746308803558
8	1	1.18615818024
7	1	0.99942612648
8	1	0.612787008286
7	1	0.89279794693
8	1	0.693372964859
7	1	0.639574050903
8	1	0.759577989578
7	1	0.479555845261
8	1	0.679517030716
7	0	0.466500043869
7	1	0.493161916733
7	1	0.639741897583
7	1	0.413360118866
8	0	0.386663913727
8	1	0.49284696579
8	1	0.492923021317
7	0	0.466341972351
7	0	0.506232976913
8	1	1.22572016716
7	1	0.799497127533
7	0	0.37307882309
8	0	0.692878007889
7	0	1.02620697021
8	1	0.759507894516
8	1	0.78625702858
8	0	0.919502019882
7	1	0.612854957581
8	1	0.58620095253
8	1	0.399612188339
7	1	0.666111946106
7	1	2.29181599617
8	1	0.679491996765
8	1	0.946166038513
7	1	0.533310890198
8	1	0.533288002014
8	1	1.2794919014
8	1	0.573304891586
7	1	0.653421878815
7	1	0.466625928879
7	1	0.59965801239
8	1	0.69291305542
7	1	0.492806911469
7	1	0.479551076889
7	1	0.87952709198
8	1	0.893114805222
8	1	1.11943602562
8	1	0.559970140457
7	1	0.946199893951
8	1	0.932872056961
7	1	0.653435945511
7	1	0.826256990433
8	1	0.719480991364
8	1	0.70624089241
7	1	0.53312587738
8	1	0.519838809967
7	1	0.479991197586
7	1	0.826677083969
7	1	0.599761962891
7	1	0.559529781342
7	1	0.43977189064
7	1	0.519623994827
7	1	0.599515914917
8	1	0.519459009171
7	0	0.706202983856
8	1	0.732759952545
7	1	1.59949493408
8	1	0.613373994827
7	1	0.613253116608
7	1	0.692888021469
8	1	0.612906932831
8	1	0.666157007217
7	0	0.799593925476
8	0	0.653433799744
7	0	0.826086044312
7	0	0.692870140076
8	1	0.679536819458
8	1	0.573389053345
7	1	1.02621388435
8	1	0.679498910904
7	1	0.813014030457
7	1	0.626615047455
8	1	0.932747125626
8	1	0.67948102951
8	1	0.693235874176
5	1	0.693295001984
6	1	0.559952974319
6	1	0.466703176498
6	1	0.493303775787
6	1	0.479969024658
5	1	0.413373947144
6	0	0.386677026749
6	1	0.613394975662
5	1	0.906111955643
5	0	0.759500026703
5	1	0.613090991974
6	1	0.533367872238
6	1	0.479927062988
5	1	0.506665945053
5	1	0.346660852432
6	1	0.4664478302
5	0	0.573131084442
6	1	0.599987030029
6	1	0.599914073944
5	1	0.599972963333
6	0	0.506662130356
6	1	0.559880018234
5	1	0.546345949173
6	1	0.746053934097
5	1	0.572872877121
6	1	0.506165027618
5	1	0.586088180542
5	1	0.559699058533
6	1	0.546587944031
5	0	0.746620893478
5	1	0.852880954742
6	1	0.679497003555
5	1	0.546200990677
6	1	0.586187124252
5	1	0.533261060715
6	1	0.493371009827
5	1	0.613420009613
6	1	0.613332986832
6	0	0.892827987671
5	1	0.65281701088
6	1	0.706257820129
5	1	0.706696987152
6	1	0.719715118408
6	1	0.692857027054
5	1	0.946156978607
5	1	1.10621094704
5	1	0.852785110474
6	1	0.440036058426
5	0	0.360002994537
5	1	0.959650039673
5	1	0.78618812561
5	0	0.532845973969
6	1	0.706140041351
5	1	0.959729909897
6	1	0.706125974655
6	1	0.666243076324
6	1	0.706192016602
5	0	0.786512136459
5	1	0.679593086243
5	1	2.11894106865
6	1	1.02622294426
5	1	0.826193094254
6	1	0.866597890854
5	1	0.852781057358
6	1	0.852755069733
6	1	0.813431978226
6	1	0.772866010666
6	1	2.9319190979
5	1	0.706716060638
6	1	0.706161022186
5	1	0.706223011017
5	1	0.986134052277
5	1	0.560013055801
5	1	0.520055055618
6	1	0.626448154449
5	1	0.626266002655
6	1	0.559610128403
5	1	1.3723590374
5	0	0.546169042587
6	1	0.746114015579
6	1	0.612859964371
6	1	0.62651014328
5	1	0.533367872238
6	1	0.746690034866
5	1	0.839551210403
5	1	0.772956132889
6	1	0.773321866989
6	1	0.653033971786
6	1	0.652828931808
5	1	0.652848005295
6	1	0.532886981964
5	1	0.546119213104
6	0	0.386163949966
5	1	0.559427976608
6	1	0.532783031464
5	1	0.612837076187
5	1	0.533164978027
5	1	0.999448776245
6	1	0.786249876022
6	1	0.639530181885
6	1	0.533332824707
6	1	0.466716051102
5	1	1.19946408272
5	1	0.706168889999
6	1	0.652925014496
6	1	0.733290910721
5	1	0.852801084518
5	1	0.666108131409
6	1	0.626255989075
6	1	0.693208217621
6	1	0.653397083282
6	1	0.599784851074
5	1	0.706267118454
5	1	0.612838029861
5	1	0.546174049377
6	1	0.479549884796
6	1	0.559511899948
5	1	0.426128149033
6	1	0.626249790192
5	0	0.453114032745
6	1	0.65290594101
6	1	0.546672105789
6	1	0.573370933533
6	1	0.559902906418
6	1	0.546669006348
5	1	0.559986829758
6	1	0.493306159973
6	1	0.479932069778
6	0	0.826230049133
5	1	0.55957698822
6	1	0.546144008636
5	1	0.452708959579
5	1	0.452806949615
6	0	0.639484167099
6	1	0.759519815445
6	1	0.586694002151
6	1	1.5192990303
5	1	0.732800960541
6	1	0.586161136627
6	1	0.559422016144
6	1	0.666188001633
6	1	0.533225059509
6	1	0.573327064514
6	1	0.599925994873
5	1	0.653285980225
5	1	0.866233110428
6	1	0.679433107376
5	1	0.506572008133
5	1	0.479961156845
5	1	0.613205194473
6	1	0.653325080872
6	1	0.573328971863
5	1	0.866189956665
5	1	0.559452772141
6	1	0.532860040665
5	1	0.532805919647
6	1	0.972904920578
5	1	0.826161146164
5	1	0.666127920151
6	1	0.719492912292
5	1	0.613240003586
5	1	0.6001060009
6	1	0.666393041611
5	0	0.839500904083
6	1	0.706261873245
6	1	0.693253040314
6	1	0.586683988571
5	1	0.560013055801
5	1	0.559684038162
6	0	0.772902965546
5	1	0.546089887619
5	1	0.586164951324
6	1	0.652832984924
6	1	0.653366088867
5	1	0.666672945023
6	1	0.692807912827
5	1	1.65235280991
6	1	0.639490127563
6	1	0.479507923126
6	1	0.586249828339
6	1	0.67987704277
6	1	0.599990129471
5	0	0.786132097244
6	1	0.706166028976
5	1	0.519479990005
6	1	0.58614897728
5	1	0.479454040527
5	1	0.652788877487
5	1	1.87929010391
6	1	0.626111030579
6	1	0.532784938812
6	1	0.692798137665
6	1	0.479527950287
5	1	0.492845058441
6	1	0.746165990829
6	0	1.03941488266
6	1	0.612874031067
5	1	0.706168889999
6	1	0.559632062912
5	1	0.786565065384
5	1	0.546768903732
6	1	0.519932031631
6	0	0.652835130692
5	0	0.879474163055
6	1	0.653002023697
6	0	0.733396053314
5	1	0.586652994156
5	1	0.546351909637
5	1	0.440005064011
6	1	0.466656923294
6	1	0.479921102524
5	1	0.533275127411
5	1	0.46662902832
5	1	0.42670083046
5	1	1.18624782562
6	1	0.653263092041
6	1	0.520000934601
5	1	2.22566318512
6	1	0.599640846252
6	1	0.586670875549
6	1	0.600049972534
5	1	0.506664991379
6	1	0.640038013458
6	1	0.533209085464
6	1	0.466647148132
6	1	0.599511861801
5	1	0.559541940689
5	1	0.559506177902
5	1	0.586216926575
6	1	0.559491872787
5	0	0.479552984238
5	1	1.09284305573
6	1	0.612898111343
6	1	0.652971982956
5	0	1.6790599823
5	1	0.599519014359
6	1	0.666451931
5	1	0.666723966599
5	1	0.786128044128
5	0	1.58561992645
5	1	0.786206007004
6	1	0.706572055817
5	1	3.27850198746
5	1	0.653205871582
5	1	0.466698169708
6	1	0.760019779205
5	1	0.639446020126
5	1	0.439604997635
5	1	0.759530067444
5	1	0.57288813591
6	1	0.479512214661
6	1	0.679519176483
5	1	0.559933900833
5	1	0.826709032059
6	1	0.453325033188
6	1	0.89279794693
6	1	0.479522943497
5	1	0.572885990143
5	1	0.5061378479
5	1	0.506170988083
5	1	0.479563951492
6	1	0.532732963562
6	0	0.652806997299
6	1	0.733332157135
5	1	0.586647033691
6	1	0.666190862656
6	0	0.572807073593
5	1	0.546190977097
6	1	0.559494018555
6	1	0.519494056702
6	1	0.479483127594
6	1	1.01285910606
1	1	0.839485168457
1	1	0.546725034714
1	1	0.5999751091
1	1	0.972774028778
1	1	0.586319923401
1	1	0.59983420372
1	1	0.720004081726
1	1	0.746175050735
1	1	0.812769889832
1	1	0.506170988083
1	1	0.546149969101
1	1	0.586326122284
1	1	0.653384923935
1	1	0.706743001938
1	1	0.706177949905
1	1	0.626101970673
1	1	0.492846012115
1	1	0.919454813004
1	1	0.613212108612
1	1	0.666306018829
1	1	0.639493942261
1	1	0.719461917877
1	1	0.706199169159
1	1	0.626675128937
1	1	0.706642866135
1	1	0.626157045364
1	1	0.586100101471
1	1	0.812798976898
1	1	0.773091077805
1	1	0.75954079628
1	1	0.706133127213
1	1	0.626178026199
1	0	1.35906600952
1	1	0.626175880432
1	1	0.559449911118
1	1	0.586245059967
1	1	0.573345899582
1	1	0.680041074753
1	1	0.706396102905
1	0	1.45278310776
1	1	1.73230600357
1	1	0.679584026337
1	1	0.719485998154
1	1	0.786640882492
1	1	0.599641084671
1	1	0.599470853806
1	0	0.532808065414
1	1	0.826228141785
1	1	0.626490831375
1	1	0.653306007385
1	1	0.613344907761
1	1	0.812872171402
1	0	0.532968997955
1	1	1.51890802383
1	1	0.692883014679
1	1	0.573081970215
1	0	3.15850806236
1	1	0.692912101746
1	0	1.03939795494
1	1	0.666133880615
1	1	0.586246967316
1	1	0.506154060364
1	0	0.492851018906
1	1	1.86564517021
1	1	0.706707954407
1	1	0.520029067993
1	1	0.53333902359
1	1	0.466621875763
1	1	0.466696977615
1	1	0.42670083046
1	0	0.479935884476
1	1	0.86615896225
1	1	0.732869148254
1	1	1.61240911484
1	1	0.613271951675
1	1	0.60000705719
1	1	0.546701908112
1	1	0.653218984604
1	1	0.599552869797
1	1	0.679465055466
1	1	0.546091079712
1	1	0.559556007385
1	1	0.786143064499
1	0	0.666704893112
1	1	0.986199140549
1	1	0.586124897003
1	1	0.546226978302
1	1	0.639770030975
1	1	0.653351068497
1	1	0.666567087173
1	0	0.746129989624
1	1	2.46512103081
1	1	0.71958398819
1	1	0.599561214447
1	1	0.613375902176
1	1	0.599983930588
1	1	1.59950208664
1	1	0.666260957718
1	1	0.786185979843
1	1	0.572870016098
1	1	0.772879123688
1	1	0.879482030869
1	1	0.559500932693
1	1	0.852867841721
1	1	0.519807100296
1	1	0.653315782547
1	1	0.653464078903
1	1	0.679630041122
1	0	0.759536027908
1	1	0.692764997482
1	1	0.786423921585
1	1	1.27949500084
1	1	1.11952400208
1	1	0.652801036835
1	1	1.75908398628
1	1	0.7066822052
1	1	0.493380069733
1	1	0.852832078934
1	1	0.519538879395
1	1	0.546243906021
1	1	0.47947883606
1	1	0.652876138687
1	1	0.6129591465
1	1	0.613249063492
1	1	0.839592933655
1	1	0.586121082306
1	1	0.65290594101
1	1	0.746239900589
1	1	0.5599360466
1	1	0.653296947479
1	1	0.493224859238
1	1	0.733000993729
4	1	0.826344013214
4	1	0.546703100204
4	1	0.586402893066
4	1	0.612843990326
4	1	0.546149969101
4	1	0.719593048096
4	1	0.479542016983
4	1	0.639590978622
4	1	0.906576871872
4	1	0.559727907181
4	0	0.519556045532
4	1	0.519521951675
4	1	0.732971906662
4	1	0.652897119522
4	1	0.639459848404
4	1	2.19904112816
4	1	0.559849023819
4	1	0.426724910736
4	0	0.75944519043
4	1	0.666170120239
4	1	0.772861003876
4	1	0.50671505928
4	1	0.399995803833
4	1	1.11942100525
4	1	1.30595612526
4	1	0.493180036545
4	1	0.879540920258
4	1	0.852872133255
4	1	0.573318958282
4	1	0.533337116241
4	1	0.453275918961
4	1	1.78563714027
4	1	0.492887020111
4	1	0.532876968384
4	1	0.732899904251
4	1	0.586254835129
4	1	0.679759025574
4	1	0.373420953751
4	1	0.520015001297
4	0	0.466703891754
4	1	2.27887392044
4	1	0.732820034027
4	1	1.06617498398
4	1	0.852828025818
4	1	0.773076057434
4	1	0.573417901993
4	1	0.493397951126
4	1	0.679558992386
4	0	0.612804889679
4	0	0.612828969955
4	1	0.652743816376
4	1	0.626253128052
4	1	0.599945783615
4	1	0.533378124237
4	1	0.480032920837
4	1	0.453281164169
4	1	0.573291063309
4	1	0.680011987686
4	1	0.559731006622
4	1	0.772890806198
4	1	0.532837867737
4	1	0.706244945526
4	1	0.653272867203
4	1	0.520016908646
4	1	0.906165838242
4	0	0.559596061707
4	1	0.666155815125
4	1	0.666163921356
4	1	0.559977054596
4	1	0.653425931931
4	1	0.533337831497
4	1	0.546657800674
4	1	0.573291063309
4	1	0.612828016281
4	1	0.519482851028
4	1	0.399709939957
4	1	0.732820987701
4	1	0.706143856049
4	1	0.599635839462
4	1	0.546680927277
4	1	0.559995889664
4	1	0.546628952026
4	1	0.626672029495
4	1	0.679494142532
4	1	0.506088972092
4	1	0.572760820389
4	0	0.479418992996
4	1	0.866269111633
4	1	0.519798994064
4	1	2.19894981384
4	1	0.586204051971
4	1	0.559553146362
4	1	0.599476099014
4	1	0.493070840836
4	1	0.426449775696
4	1	0.466288089752
4	1	0.492913961411
4	0	0.519540071487
4	1	0.746261119843
4	1	2.10566306114
4	1	1.13271403313
4	1	0.706038951874
4	0	0.786149024963
4	1	0.892982006073
4	0	1.65247607231
4	1	0.639518022537
4	0	0.586205005646
4	1	1.05285406113
4	1	0.693055868149
4	0	1.98566007614
4	1	0.692765951157
4	1	0.56004691124
4	1	0.626637935638
4	1	0.480054140091
4	1	0.413310050964
4	1	0.573314905167
4	1	0.519946098328
4	1	1.25289201736
4	1	0.653325080872
4	1	0.546664953232
4	1	0.480015993118
4	1	0.79954791069
4	1	0.946175813675
4	1	0.53334903717
4	1	0.546714067459
4	0	0.400048017502
4	1	0.946155071259
4	1	0.652840852737
4	1	0.679562091827
4	1	0.799600124359
4	1	0.680052042007
4	1	0.572978019714
4	1	0.572778940201
4	1	0.53281378746
2	0	0.87953209877
2	1	0.719486951828
2	1	0.693341970444
2	0	1.21286892891
2	1	0.559777021408
2	1	0.972762107849
2	1	1.07950377464
2	1	0.546687841415
2	1	0.906160116196
2	1	0.826231956482
2	1	0.546220779419
2	1	0.692992925644
2	1	0.666547060013
2	1	0.5467710495
2	0	0.519908905029
2	1	1.29284596443
2	1	0.599930047989
2	1	0.533313989639
2	1	0.839447021484
2	1	0.506186008453
2	1	0.866143941879
2	1	0.533398866653
2	1	0.519917964935
2	1	0.520009040833
2	1	0.400018215179
2	1	0.493321895599
2	1	0.426743984222
2	1	0.786644935608
2	1	0.706186056137
2	1	0.492823123932
2	0	0.559490919113
2	1	0.706082820892
2	1	0.719569921494
2	1	0.626633882523
2	1	0.613404035568
2	1	0.520076036453
2	1	0.826094150543
2	1	0.559455871582
2	1	0.692785024643
2	1	0.586230039597
2	1	0.679871082306
2	1	0.57331609726
2	1	0.746094942093
2	1	0.519458055496
2	1	0.492750883102
2	1	0.519417047501
2	1	0.706165075302
2	1	0.586184978485
2	1	0.439514875412
2	1	0.572757005692
2	1	0.572880029678
2	1	0.586535930634
2	1	1.39942097664
2	1	0.613237142563
2	1	0.786673069
2	1	0.54648900032
2	1	0.62619304657
2	1	0.546153068542
2	1	0.572805166245
2	1	0.719485044479
2	1	0.693086862564
2	1	0.506611824036
2	0	0.626765012741
2	1	0.666352987289
2	1	0.47974395752
2	1	0.546183109283
2	1	0.879592895508
2	1	0.479447841644
2	1	0.59951376915
2	1	0.493246078491
2	1	0.586491107941
2	1	0.639910936356
2	1	0.466652870178
2	1	0.440011978149
2	1	0.440027952194
2	1	0.560008049011
2	1	0.799682855606
2	1	0.532841920853
2	1	0.426427125931
2	1	0.426659822464
2	1	0.400001049042
2	1	1.41284513474
2	1	0.613347053528
2	1	0.599857091904
2	1	0.506443023682
2	1	0.612879991531
2	1	0.852779865265
2	0	0.692959785461
2	1	0.640096187592
2	1	0.812767982483
2	1	0.532747983932
2	1	0.506051063538
2	1	0.452748060226
2	1	1.33269500732
2	1	0.5594830513
2	1	0.466378927231
2	1	0.546273946762
2	1	0.946166038513
2	0	0.533225774765
2	1	0.49328494072
2	1	0.440004110336
2	1	0.639760971069
2	1	0.519961118698
2	1	0.466636896133
2	1	0.493377923965
2	1	0.533380031586
2	1	0.520107984543
2	0	0.493316888809
2	1	0.5999751091
2	1	0.546700954437
2	1	0.612951993942
2	1	0.546040058136
2	1	0.719525098801
2	1	0.519514083862
2	1	0.466125965118
2	1	0.452810049057
2	1	0.466150999069
2	0	0.466167211533
2	1	0.799448013306
2	1	0.586534023285
2	1	0.733319997787
2	1	0.546716213226
2	1	0.732847213745
2	1	0.572728157043
2	1	0.532870054245
2	1	0.546190977097
2	1	0.532842874527
2	1	1.0795481205
2	1	1.83896613121
2	1	0.506238937378
2	0	0.812860012054
2	1	0.586652040482
2	1	0.972765922546
2	1	0.519585847855
2	1	0.626152992249
2	1	0.519565105438
2	1	0.732801198959
2	1	0.693269968033
2	1	0.746185064316
7	1	0.732887029648
7	1	0.613288164139
8	1	0.613219976425
7	1	0.732769012451
8	1	0.692810058594
7	1	0.67945098877
8	1	0.519845962524
8	1	0.479948043823
7	1	0.413120985031
7	1	1.06591892242
7	0	0.599498033524
7	1	0.746155023575
8	1	0.506228923798
7	1	0.586191892624
7	1	0.533034086227
7	0	0.626607179642
7	1	0.61333990097
7	1	1.1994600296
7	1	0.65306186676
8	1	0.946217060089
8	1	0.572800159454
8	1	0.479467153549
8	1	0.599478960037
7	0	0.479490041733
7	1	0.572793006897
7	1	0.532845973969
7	1	0.532858848572
8	1	0.652818918228
8	1	0.493392944336
7	1	0.466768980026
8	1	0.946339845657
7	1	0.666158914566
7	1	0.572926998138
8	1	0.479472875595
8	1	0.666095972061
8	1	0.532907962799
7	1	0.493027210236
8	1	0.879669189453
8	1	0.559980154037
7	1	0.63956284523
7	1	0.812883138657
8	1	0.572781085968
7	0	0.63958978653
7	1	1.15950107574
7	1	0.559494972229
8	1	0.652876138687
8	1	0.599767923355
7	1	0.653259038925
7	1	0.426662921906
8	1	0.573318004608
8	1	0.599952936172
7	1	0.639577150345
7	1	0.559494972229
7	1	0.626232862473
8	1	0.799533843994
7	1	1.0127389431
7	1	0.452996015549
8	1	0.55951499939
7	1	0.426361083984
7	1	0.772796869278
7	1	0.572835922241
7	1	0.652845144272
8	0	1.58617711067
7	1	0.679991006851
8	1	1.01282906532
7	1	0.932853937149
7	1	0.74632692337
7	1	0.599514961243
7	1	0.559553146362
8	1	0.599481105804
8	1	0.452908039093
8	0	0.559559106827
8	1	0.572800159454
8	1	1.10577893257
8	1	1.03951907158
7	1	0.600033998489
7	1	0.546638011932
7	1	0.639981985092
7	1	0.546561002731
7	1	0.732862949371
8	1	0.599494218826
7	1	0.892745018005
7	1	0.586655139923
7	1	0.586731910706
7	0	0.719479084015
7	1	0.692800045013
8	1	0.652840137482
8	1	0.519610881805
8	1	0.466284990311
7	1	0.546302080154
8	1	0.573130846024
7	1	0.480026006699
7	1	0.866625070572
7	1	0.679502010345
8	1	0.439454078674
7	1	0.466093063354
7	1	0.426412820816
8	1	0.506424188614
7	1	0.466369867325
8	1	0.373328924179
8	1	0.652965068817
8	1	0.679507017136
8	1	0.492843866348
8	1	0.46617603302
8	1	0.612864017487
7	1	0.639460086823
7	1	0.532953023911
8	1	0.572973012924
7	1	0.506681919098
7	1	0.559984922409
7	1	0.493350028992
7	1	0.666691064835
7	1	0.453272819519
8	1	0.519944906235
7	1	0.600029945374
7	1	0.466619968414
8	1	0.559961080551
8	1	0.626199960709
7	1	0.479609966278
8	1	0.759449958801
8	1	0.572906970978
8	1	0.612720012665
7	0	1.81285309792
8	1	0.479962110519
8	1	0.506661176682
7	1	0.652982950211
7	1	0.919528961182
8	1	0.906263828278
8	1	0.560101032257
8	0	1.45285582542
8	1	0.506659030914
7	1	0.612997055054
8	1	0.532911062241
7	1	0.772837162018
7	1	0.639449119568
8	1	0.666392087936
7	1	0.506703138351
8	1	0.759927988052
7	1	0.573029994965
2	1	0.675033092499
2	1	0.522941827774
2	1	0.603358983994
2	1	0.404099941254
2	1	0.38708615303
2	1	0.578505992889
2	1	0.427873134613
2	1	0.484439134598
2	1	0.434695959091
2	1	0.321889162064
2	0	0.341676950455
2	1	0.479299068451
2	1	0.442879199982
2	1	0.676269054413
2	0	0.571520090103
2	0	0.594410181046
2	1	0.715667963028
2	1	0.451374053955
2	1	0.45229101181
2	1	0.466676950455
2	0	0.402632951736
2	1	0.641159057617
2	1	0.5726749897
2	1	0.474747180939
2	1	0.587459087372
2	1	0.515097856522
2	1	0.531987190247
2	1	0.411342859268
2	1	0.458031177521
2	1	3.19634413719
2	1	0.521278142929
2	1	0.673290967941
2	1	0.468999147415
2	1	0.573101997375
2	1	0.779594898224
2	1	0.849544048309
2	1	0.586206912994
2	1	0.402340888977
2	1	0.924134016037
2	1	0.89714384079
2	1	0.652646064758
2	1	0.460344076157
2	1	0.699949026108
2	1	0.490207195282
2	1	0.298048973083
2	1	0.332497835159
2	1	0.353962898254
2	0	0.322665929794
2	0	0.45320391655
2	1	0.504427194595
2	1	0.580085039139
2	1	0.417769908905
2	1	0.755087852478
2	1	0.57896900177
2	1	0.740277051926
2	1	0.512870073318
2	1	0.516361951828
2	1	0.418555021286
2	1	0.626058101654
2	1	0.809688091278
2	1	0.411318063736
2	1	0.507894992828
2	0	1.01284909248
2	0	0.568493127823
2	1	1.20241689682
2	1	0.507462024689
2	1	0.434062004089
2	0	0.754364967346
2	1	0.652242183685
2	1	0.538949966431
2	1	1.06055498123
2	1	1.15584111214
2	1	0.721424102783
2	1	0.498395204544
2	1	0.597033023834
2	1	0.539927959442
2	0	0.795022010803
2	1	0.537049055099
2	1	0.507066965103
2	1	0.453219890594
2	1	0.579077959061
2	1	0.482517004013
2	1	0.468548059464
2	1	0.672408819199
2	1	0.906394004822
2	1	0.731461048126
2	1	0.508564949036
2	1	0.467385053635
2	0	1.04297614098
2	0	2.61917090416
2	1	0.609976768494
2	1	0.637362003326
2	0	0.394914150238
2	1	1.65803194046
2	1	0.994149923325
2	1	0.642452001572
2	0	0.77120423317
2	1	0.844983100891
2	1	0.53264093399
2	0	0.379791975021
2	1	0.834363937378
2	0	0.411296129227
2	0	0.819494009018
2	1	0.651277780533
2	1	0.637176036835
2	1	0.563098907471
2	1	0.562749862671
2	1	0.667717933655
2	1	0.452163934708
2	1	0.435951948166
2	1	0.427139997482
2	1	0.433307886124
2	0	0.380159854889
2	1	0.555375099182
2	1	0.65984916687
2	0	0.459807872772
2	1	0.53723192215
2	1	0.469648838043
2	1	0.433001041412
2	1	0.709638118744
2	1	0.657955169678
2	1	0.779778003693
2	1	0.586248874664
2	1	0.554543018341
2	1	0.4923620224
2	1	0.490926980972
2	1	0.553328990936
2	1	0.436570882797
2	1	0.721462011337
2	1	0.530302047729
2	0	0.988754034042
2	1	0.900426149368
2	1	0.458243131638
2	1	0.572818994522
2	0	0.898984909058
2	1	0.754760980606
2	1	0.482570171356
2	1	0.524245023727
2	1	0.409358024597
2	0	0.531232118607
2	1	0.454009056091
3	1	0.868129014969
3	1	0.467576980591
3	0	0.396405935287
3	1	0.49067902565
3	1	0.402463912964
3	1	0.371061086655
3	1	0.435072898865
3	1	0.485126972198
3	1	0.57772397995
3	1	0.465413093567
3	1	0.565997838974
3	1	0.433997869492
3	1	0.388185024261
3	1	0.426182985306
3	1	0.467394828796
3	1	0.434789180756
3	1	0.580142021179
3	1	0.427942991257
3	1	0.513424873352
3	1	0.429803848267
3	1	0.538189172745
3	1	0.499160051346
3	1	0.642076015472
3	1	0.477080106735
3	1	0.506738185883
3	1	0.530746221542
3	1	0.482716083527
3	1	0.508073806763
3	1	0.490051984787
3	1	0.684757947922
3	1	0.578081130981
3	1	0.476375818253
3	1	0.523530006409
3	1	0.506008863449
3	1	0.538745880127
3	1	0.500208854675
3	1	0.37904715538
3	1	0.427665948868
3	1	0.51765704155
3	1	0.387461900711
3	1	0.393546104431
3	1	1.19022703171
3	1	0.473937034607
3	1	0.39658498764
3	1	0.330815076828
3	1	0.563369035721
3	0	0.392852783203
3	1	0.516240119934
3	1	0.492031097412
3	1	0.450836896896
3	1	0.461510181427
3	1	0.395609855652
3	1	0.523348093033
3	1	0.507134199142
3	1	0.443119049072
3	1	0.473505973816
3	1	0.529991865158
3	1	0.467870950699
3	0	0.402602910995
3	1	0.548170089722
3	1	0.517259120941
3	1	0.435219049454
3	1	0.384953975677
3	1	0.347105979919
3	1	0.524235010147
3	1	0.594188928604
3	1	0.499989032745
3	1	0.592846870422
3	1	0.365263938904
3	1	0.687886953354
3	1	0.427616119385
3	1	0.333494901657
3	1	0.466247081757
3	1	0.379306077957
3	1	0.380862951279
3	0	0.459937810898
3	1	0.867041110992
3	1	0.490006923676
3	0	0.50697183609
3	1	0.580533027649
3	0	0.656996965408
3	1	1.29107117653
3	1	0.435815095901
3	0	0.498156070709
3	1	0.635987043381
3	1	0.676859855652
3	1	0.611809015274
3	1	0.800673961639
3	1	0.458868026733
3	1	0.819200992584
3	0	0.466747045517
3	1	0.579783916473
3	1	0.532297849655
3	1	0.547688007355
3	1	0.528527975082
3	1	0.604756116867
3	1	0.683990955353
3	1	0.485002994537
3	1	0.529902935028
3	1	0.498474836349
3	1	0.683030843735
3	1	0.553899049759
3	1	0.387661218643
3	1	0.522737026215
3	1	0.571681976318
3	0	0.506330966949
3	1	0.572225809097
3	1	0.442586898804
3	1	0.562852144241
3	1	0.524607181549
3	1	0.64274096489
3	1	0.491034984589
3	1	0.500730037689
3	1	0.539630889893
3	1	0.658519983292
3	0	0.524623155594
3	1	0.443475008011
3	1	0.45844578743
3	1	0.459040880203
3	1	0.726095914841
3	1	0.441627979279
3	0	0.915957927704
3	0	0.587587118149
3	1	0.521332025528
3	1	0.371937990189
3	1	0.538882017136
3	1	0.627655982971
3	1	0.53208899498
3	1	0.434823989868
3	1	0.409940004349
3	1	0.394955158234
3	1	0.436006069183
3	1	0.442767858505
3	0	0.333606004715
3	0	0.547100067139
3	1	0.364484071732
3	1	0.473916053772
3	1	0.356487989426
3	1	0.731374025345
3	1	0.641360998154
3	1	0.515273094177
3	1	0.386620044708
3	1	0.45976805687
3	1	0.60237121582
3	0	0.780201911926
3	1	0.61670589447
3	1	0.403058052063
3	0	1.05879807472
7	1	0.707020998001
8	1	0.355396032333
7	1	0.420613050461
7	1	0.442198991776
7	1	0.489347934723
8	1	0.348995923996
7	1	0.433453083038
7	1	0.389125108719
8	1	0.321362018585
8	1	0.612272977829
8	1	0.412576913834
7	1	0.482051134109
7	1	0.459849119186
7	1	0.346777915955
8	1	0.353574037552
8	1	0.363396883011
8	1	0.379875898361
8	1	0.523828983307
7	0	0.520805835724
7	1	0.506667137146
7	1	0.419829845428
8	1	0.379287958145
8	1	0.323271989822
7	1	0.545632839203
8	1	0.482607126236
8	1	0.485757112503
7	1	0.361854076385
8	1	0.35559296608
8	1	0.345137834549
8	1	0.289614915848
7	1	0.525027036667
8	1	0.328423023224
8	1	0.307631015778
7	0	0.410510063171
7	1	0.379304885864
8	1	0.395383834839
8	0	0.584743976593
8	1	0.461091995239
7	1	0.491647005081
8	1	1.40313792229
8	1	0.546118974686
8	1	0.555288076401
8	0	1.48452401161
8	1	0.482965946198
8	1	0.552971124649
7	1	0.468688011169
7	1	1.25606107712
8	1	0.493006944656
8	1	0.49235200882
7	1	0.976742982864
8	1	0.699162960052
8	1	0.492873907089
8	1	0.379647016525
8	0	0.763386964798
7	0	0.95587182045
8	0	0.864223003387
8	1	0.726488828659
8	1	0.522964000702
8	1	0.497658014297
7	1	0.579092025757
7	1	0.460802793503
8	0	0.74565410614
7	1	0.595894098282
8	1	0.532482147217
7	0	0.577788114548
7	1	0.548115968704
7	1	0.497565984726
8	1	0.435821056366
8	1	0.394592046738
7	1	0.427984952927
8	1	2.0742020607
8	1	0.571938037872
7	0	0.459895133972
8	1	0.449703931808
8	1	0.381793022156
8	1	0.505136966705
8	1	0.546418905258
7	1	0.747647047043
7	1	0.572130918503
8	0	0.395047903061
7	1	0.490660905838
7	1	0.453475952148
8	0	0.459430932999
8	1	0.418899059296
8	1	0.395248889923
8	1	0.561033010483
8	0	0.429912805557
7	1	0.579915046692
7	1	0.43997502327
7	0	0.426311016083
7	1	0.50807595253
7	1	0.483251094818
8	1	0.460379123688
8	1	0.553571939468
8	1	0.493793010712
8	0	0.409657001495
8	1	0.521610975266
7	1	0.508734941483
8	1	0.433235883713
7	1	0.524197101593
7	1	0.512750864029
7	1	0.515154838562
7	1	0.474619150162
7	1	0.493256092072
8	1	0.432557106018
7	0	1.67531299591
8	1	0.58890581131
7	1	0.545640945435
7	1	0.570343017578
8	1	0.396893978119
7	1	0.403204917908
7	0	0.52162694931
8	1	0.476181030273
7	0	0.491804122925
7	1	0.466310977936
8	1	0.522217035294
8	1	0.48321390152
8	1	0.6119389534
7	1	0.570453166962
7	0	0.492206096649
7	1	0.724458932877
8	1	0.449725151062
7	0	0.748956203461
7	1	0.595672130585
8	1	0.585636138916
8	1	0.755270004272
7	1	0.523569822311
8	1	0.411746025085
8	1	0.449929952621
7	0	0.603339910507
8	1	0.482590913773
8	0	0.962943077087
7	1	0.54114985466
8	1	0.530113935471
7	0	0.708039045334
7	1	0.546236991882
7	1	0.568618059158
7	0	0.550160169601
8	1	0.465463876724
7	0	0.56446480751
8	0	0.713850975037
8	1	0.54141497612
8	1	0.609156131744
7	1	0.906507968903
7	0	0.395296096802
8	1	0.554088115692
1	1	0.715852022171
1	1	0.354032039642
1	1	0.337847232819
1	1	0.531701087952
1	1	0.636056900024
1	0	0.61056804657
1	1	0.404181957245
1	1	0.413134813309
1	1	0.545475959778
1	1	0.491787910461
1	0	0.482850074768
1	1	0.825157880783
1	1	0.438019037247
1	1	0.401952028275
1	1	0.386991024017
1	0	0.371846914291
1	1	0.548616886139
1	1	0.547102928162
1	1	0.43261384964
1	1	0.460186958313
1	1	0.437757015228
1	1	0.378712892532
1	1	0.482604980469
1	1	0.497025966644
1	1	0.618744134903
1	1	0.468914031982
1	1	0.386497974396
1	0	0.595308065414
1	1	0.426743030548
1	1	0.444833040237
1	1	0.354908943176
1	1	0.385650873184
1	1	0.459555149078
1	1	0.397023916245
1	1	0.571702957153
1	1	0.376924037933
1	1	0.598109006882
1	1	0.755591869354
1	1	0.5122859478
1	1	0.412084102631
1	1	0.554023981094
1	1	0.541324138641
1	1	0.592856168747
1	1	0.421920061111
1	1	0.473810195923
1	1	0.337722063065
1	1	0.492491960526
1	1	0.538067817688
1	1	0.412029027939
1	1	0.498528003693
1	1	0.434385061264
1	0	0.484945058823
1	1	1.04756307602
1	1	0.454125165939
1	1	0.400381088257
1	1	0.354966878891
1	1	1.0203371048
1	1	0.973136901855
1	1	0.514104127884
1	1	0.491511106491
1	1	0.610841035843
1	1	0.516075134277
1	1	0.491564035416
1	1	0.553055047989
1	0	0.444283008575
1	1	0.404040813446
1	1	0.490704059601
1	1	0.3871281147
1	1	0.523373842239
1	1	0.332154989243
1	1	0.456331014633
1	0	0.409092903137
1	1	0.604866027832
1	1	0.604689836502
1	1	0.668179035187
1	0	0.403137207031
1	1	0.564789056778
1	0	0.393156051636
1	1	0.476589918137
1	1	0.378263950348
1	1	0.474790096283
1	1	0.364848852158
1	1	0.370595932007
1	0	0.371534109116
1	1	0.605572938919
1	1	0.616160869598
1	1	0.734494924545
1	1	0.779097080231
1	1	0.752027988434
1	1	0.875783205032
1	1	0.914978981018
1	0	0.461181163788
1	0	1.13050699234
1	1	0.604249000549
1	1	0.569740056992
1	0	0.349066019058
1	1	0.499224901199
1	0	0.649795055389
1	1	0.68953704834
1	1	1.11682295799
1	1	0.49214720726
1	1	0.585541963577
1	1	0.564113140106
1	1	0.410978078842
1	1	0.428280830383
1	1	0.385272026062
1	1	0.387794017792
1	1	0.388605117798
1	1	0.385030984879
1	1	0.580336809158
1	1	0.477823972702
1	1	0.386613130569
1	1	0.346413135529
1	1	0.611140966415
1	1	0.889314889908
1	1	0.531313180923
1	1	0.558078050613
1	1	0.538555145264
1	1	0.540593862534
1	1	0.402656078339
1	1	0.467387914658
1	1	0.409041881561
1	1	0.412576913834
1	1	0.40460896492
1	1	0.490492105484
1	1	0.498049974442
1	1	0.388895988464
1	0	0.488399028778
1	1	0.477240085602
1	1	0.389102935791
1	1	0.417693138123
1	1	0.38792514801
1	0	0.386964797974
1	1	0.402383089066
1	0	0.484997034073
1	1	0.595669984818
1	1	0.488971948624
1	1	0.531584024429
1	1	0.570028066635
1	1	0.548188924789
1	1	0.385807991028
1	0	0.620398044586
1	0	0.666620016098
1	1	0.531414031982
1	1	0.491765975952
1	1	0.499754905701
1	1	0.433304071426
1	1	0.645678043365
8	1	0.940368890762
8	1	0.473779916763
8	1	0.601311206818
8	1	0.483711004257
7	1	0.587182998657
8	1	0.48326086998
8	0	0.444159030914
8	1	0.588005065918
8	1	0.531716108322
7	1	0.473620891571
7	1	0.483162879944
8	1	0.571248054504
7	1	0.443405866623
8	0	0.442291975021
7	1	0.725789070129
7	1	0.753153085709
7	1	0.469588041306
8	1	0.409716844559
8	1	0.42887711525
7	1	0.411090135574
7	1	0.593861103058
7	1	0.556302070618
8	1	0.802453994751
8	1	0.693499088287
7	1	0.472675085068
8	0	0.60431599617
7	1	0.528206110001
7	1	0.580956935883
7	1	0.539184093475
7	1	0.468363046646
8	1	0.536478996277
8	1	0.41086602211
8	1	0.572233915329
7	0	0.356084108353
8	1	0.442466020584
8	1	0.500148057938
7	1	0.418152093887
7	1	0.411619901657
7	1	0.339664936066
7	1	0.369838953018
8	1	0.652169942856
7	0	0.465281963348
7	1	0.370718002319
7	1	0.435193061829
8	1	0.603374004364
8	1	0.475983142853
8	1	0.371466159821
8	1	0.585926055908
8	0	0.627810001373
7	0	0.435318946838
8	1	0.432644128799
8	1	0.500034093857
7	1	0.475342988968
8	1	0.426971912384
7	1	0.563010931015
8	1	0.476393938065
8	1	0.385820150375
8	1	0.396680116653
7	0	0.402529001236
8	1	0.538973093033
8	1	0.803618907928
8	0	0.817033052444
8	1	0.492280006409
8	1	0.448170185089
8	0	0.757827997208
7	1	0.668252944946
7	0	0.416027069092
8	1	0.619880199432
7	1	0.553925991058
7	1	0.411145925522
7	1	0.56470990181
8	1	0.459590911865
8	0	0.762241125107
7	0	0.605193853378
7	1	0.521286010742
8	0	0.483897924423
8	1	0.473333120346
8	1	0.60445690155
7	1	0.900969028473
7	1	0.563983917236
7	0	0.760673999786
8	1	0.676362991333
7	0	0.819070100784
8	0	0.642906188965
8	1	0.626353025436
8	0	0.523167133331
7	1	0.628994941711
8	1	0.514098882675
8	1	0.460711956024
7	1	0.560913085938
7	1	0.539668798447
8	1	0.675316095352
7	0	0.459521055222
8	1	2.08640313148
7	1	0.985156059265
8	0	0.901571035385
7	1	0.489969015121
7	1	0.468554973602
7	0	0.476253032684
8	0	0.914223909378
8	1	0.516522884369
8	0	0.667145013809
8	1	0.473313808441
8	0	0.811242103577
8	0	1.09997677803
8	1	0.660474061966
7	1	0.474892854691
7	0	0.498293876648
7	0	0.41165804863
8	1	0.467490911484
7	1	0.579356908798
7	1	0.38467001915
8	1	0.486049175262
7	1	0.387624025345
8	1	0.434471845627
8	0	0.410354852676
7	0	0.510262012482
7	1	0.607131004333
7	0	0.533979177475
7	1	0.490284919739
8	1	0.643140077591
7	0	0.401769161224
7	1	0.476032018661
8	1	0.810283899307
7	0	0.547667980194
8	1	0.63436293602
7	1	0.851541996002
8	1	0.613760948181
8	0	3.51231694221
7	1	0.428743839264
8	1	0.386404037476
7	0	0.89004611969
8	1	0.515444040298
7	1	0.570916891098
8	1	0.452125072479
8	1	0.453436851501
8	1	0.546210050583
7	1	0.434640884399
8	1	0.499626874924
8	0	0.458911180496
7	1	0.380469083786
8	0	0.564181089401
8	0	0.657595157623
6	1	0.617978096008
5	0	0.419167995453
6	1	0.556171894073
6	1	0.581471920013
6	1	0.400193929672
5	1	0.348446846008
5	1	0.48984503746
5	1	0.45151591301
6	1	0.411228179932
5	1	0.377816915512
6	1	0.390129804611
6	1	0.313543081284
5	1	0.650407075882
5	1	0.477154970169
6	1	0.441333055496
5	1	0.485195875168
6	1	0.41755604744
5	1	0.418039083481
6	0	0.330998897552
6	1	0.523504018784
5	1	0.512837171555
6	1	0.628072023392
5	1	0.506035089493
6	1	0.459656000137
5	1	0.813452005386
6	1	0.434592008591
6	1	0.476488828659
6	0	0.480721950531
5	1	0.571084022522
5	1	0.395412921906
6	1	0.442625999451
6	1	0.370697021484
5	0	0.635301113129
6	1	0.397169113159
6	1	0.394193172455
6	1	0.533666849136
5	0	0.472405910492
6	1	0.587640047073
6	0	0.6577501297
5	1	0.742279052734
6	1	0.579566001892
5	1	0.515159845352
6	1	0.492343187332
6	0	0.393666982651
5	1	0.524742126465
5	1	0.546037197113
5	1	0.634654045105
5	1	0.418750047684
5	0	0.386432886124
5	0	0.918292045593
5	0	0.65771985054
6	1	0.55609703064
6	1	0.633328914642
6	0	0.332112073898
5	1	0.741685152054
6	1	0.521555185318
5	0	0.348042964935
6	1	0.362468004227
6	1	0.428688049316
6	0	0.36289191246
5	0	0.387320041656
6	0	0.452814102173
6	1	0.363185882568
6	1	0.298588991165
6	0	0.331948041916
6	0	0.496454954147
5	0	0.372893095016
6	1	0.435537815094
5	0	0.467099189758
6	1	0.592178106308
6	1	0.509507894516
5	1	0.697407007217
6	1	0.490082979202
5	0	0.548779964447
6	0	1.16981482506
6	0	0.388778924942
6	1	0.499786138535
5	1	0.489737987518
6	1	0.364134788513
5	1	0.408380031586
6	0	0.451369047165
5	1	0.627333879471
6	0	0.55655503273
5	0	2.76353788376
6	1	0.745347976685
6	1	0.587490081787
6	1	0.516371011734
6	1	0.701521158218
6	0	1.92874288559
6	1	0.69113612175
6	1	0.526546001434
5	0	0.489073038101
5	1	0.48468708992
5	0	0.653269052505
6	1	0.554095029831
5	1	0.6671230793
5	1	0.885267972946
5	0	0.45685005188
5	1	0.564918994904
5	1	0.962704896927
5	1	0.460473060608
6	1	0.425995826721
6	0	0.426347017288
6	1	0.530418157578
6	0	0.53148317337
6	1	1.08361697197
5	0	2.7802541256
6	0	0.584802150726
5	0	0.714993953705
5	1	0.627796888351
6	1	0.90120100975
6	1	0.402065038681
5	1	0.620672941208
5	1	0.514009952545
6	1	0.39652299881
5	0	0.385469913483
5	1	5.03389310837
6	1	0.381322860718
5	1	0.354317903519
6	1	0.306649923325
5	1	1.76920294762
6	0	0.421339035034
5	0	0.417518138885
5	1	0.506510972977
5	1	0.426913022995
6	1	3.09731316566
5	0	0.354988098145
5	0	0.516107082367
5	1	0.859755992889
5	1	0.41973900795
6	0	0.427680969238
6	1	0.602536916733
5	0	0.387734889984
5	1	0.410190105438
5	0	0.529195070267
6	1	0.883851051331
5	1	3.30015611649
5	0	0.441307067871
5	0	0.507725954056
4	1	0.619376182556
4	1	0.572017908096
4	1	0.403861045837
4	1	0.427129983902
4	1	0.411707878113
4	0	0.41698384285
4	1	0.492470026016
4	0	0.426936149597
4	1	0.377789974213
4	1	0.378604888916
4	1	0.363938093185
4	1	0.347304821014
4	1	0.348958969116
4	0	0.42586517334
4	0	0.40359711647
4	1	0.701694011688
4	1	0.54537987709
4	1	0.563235044479
4	1	0.635357141495
4	1	0.456763029099
4	1	0.372617959976
4	1	0.468882083893
4	1	0.578910827637
4	1	0.371232032776
4	0	0.620018005371
4	1	0.403213024139
4	1	0.474380016327
4	0	1.09750413895
4	1	0.589563131332
4	1	0.578113079071
4	1	0.394788980484
4	1	0.358668804169
4	1	0.370489835739
4	0	0.303954124451
4	1	0.524149894714
4	1	0.361861944199
4	0	0.362462043762
4	1	0.459500789642
4	1	0.341964960098
4	0	0.539184808731
4	0	0.457955121994
4	1	0.403446912766
4	1	0.468214035034
4	1	0.458363056183
4	1	0.402651071548
4	0	0.468016862869
4	0	0.514554977417
4	1	0.48489689827
4	1	0.412137031555
4	0	0.395463943481
4	1	0.393754959106
4	1	0.379410028458
4	0	0.309571027756
4	1	0.451501846313
4	1	0.393973827362
4	1	0.496720075607
4	0	0.494000911713
4	1	0.657393217087
4	1	0.595699071884
4	1	0.645250082016
4	0	0.563452005386
4	1	0.545727014542
4	1	0.392297029495
4	0	0.356229066849
4	1	0.396956920624
4	0	0.651145935059
4	0	0.506737947464
4	1	0.907275915146
4	1	0.444220066071
4	1	0.443209886551
4	0	0.418314933777
4	1	0.506109952927
4	1	0.554469108582
4	1	0.380319833755
4	1	0.505883932114
4	1	0.561895847321
4	1	0.386942863464
4	1	0.853600025177
4	0	0.410804986954
4	1	0.529911994934
4	1	0.482116937637
4	1	0.43514418602
4	1	0.403105974197
4	1	0.371046066284
4	1	0.50066614151
4	1	0.395238161087
4	1	0.449440002441
4	1	0.435824871063
4	1	0.459858894348
4	1	0.490433931351
4	1	0.524998903275
4	1	0.532115936279
4	0	0.474674940109
4	0	0.649258136749
4	1	0.589993000031
4	1	0.676555871964
4	1	0.360306978226
4	1	0.322994947433
4	0	0.300827026367
4	1	0.514050006866
4	0	0.33911895752
4	1	0.477443933487
4	1	0.424006938934
4	0	0.446049928665
4	1	0.44896697998
4	1	0.555324077606
4	1	0.634547948837
4	0	0.370580911636
4	1	0.812952041626
4	1	0.491497039795
4	1	0.514796972275
4	1	0.713567972183
4	0	0.562373161316
4	1	0.419404983521
4	1	0.509708166122
4	1	0.571079969406
4	1	0.572177886963
4	0	0.568694114685
4	0	0.412901878357
4	1	0.629614830017
4	1	0.818106174469
4	1	0.451898097992
4	1	0.450705051422
4	0	0.643876075745
4	1	0.843420028687
4	0	0.864000082016
4	1	0.484357118607
4	1	0.609656095505
4	1	0.635215044022
4	1	0.418188095093
4	1	0.380146980286
4	1	0.397228956223
4	1	0.410363912582
4	1	0.467446088791
4	0	0.380082845688
4	1	0.561985015869
4	1	0.39466714859
4	1	0.355085849762
4	1	0.348979949951
4	1	0.409790992737
4	1	0.610409021378
4	0	0.339699983597
4	1	0.475681781769
4	1	0.476340055466
4	0	0.436322927475
4	1	0.490767002106
4	1	0.394093036652
4	1	0.438169956207
4	1	0.426764011383
4	0	0.346204996109
6	1	0.61354804039
6	1	0.528578996658
5	1	0.442115068436
5	0	0.379138946533
6	1	0.444733142853
6	1	0.593511104584
6	1	0.611109972
6	1	0.515730857849
6	1	0.424031019211
5	1	0.372983932495
5	0	0.410749912262
5	1	0.698657989502
6	1	0.465537071228
6	1	0.49390912056
5	1	0.419216871262
6	1	0.361901044846
6	1	0.44450211525
6	1	0.449156999588
5	1	0.363729953766
5	1	0.604495048523
6	1	0.554154872894
5	1	0.691413879395
6	1	0.602584838867
6	1	0.483291864395
5	1	0.620558023453
6	1	0.440837860107
5	0	0.436074972153
6	1	0.547472000122
5	1	0.618937969208
5	1	0.458931922913
5	1	0.458302021027
6	1	0.490146160126
6	1	0.467943906784
5	1	0.523056983948
5	1	0.941014051437
5	1	0.521991968155
5	1	0.56373500824
6	1	0.451826095581
5	1	0.458009004593
5	1	0.499545097351
5	1	0.38560795784
6	1	0.451778888702
5	1	0.595741033554
5	1	0.5398209095
5	1	0.578541040421
6	1	0.363733053207
6	1	0.538130998611
6	1	0.516283035278
6	1	0.426609992981
5	1	0.532250881195
6	1	0.579502820969
5	0	0.762206077576
6	1	0.468453884125
5	1	0.39396905899
6	1	0.668141841888
6	1	0.536790847778
5	1	0.403264045715
6	1	0.620301961899
5	0	0.417644023895
5	1	0.468577861786
6	1	0.552868127823
5	1	0.668186903
5	1	0.505591869354
6	0	0.410837888718
6	1	0.509126901627
5	1	0.43482208252
5	1	0.360316038132
5	0	0.340280056
6	1	0.386454105377
6	0	0.475399971008
6	1	0.475785017014
5	1	0.481182098389
6	1	0.628431081772
5	1	0.556447029114
5	1	0.426022052765
6	1	0.387510061264
5	1	0.595379114151
5	1	0.385934829712
5	1	0.370533943176
5	1	0.372173786163
6	1	0.925748109818
5	1	0.393038034439
6	1	0.435875177383
6	0	0.507386922836
5	1	0.492842912674
5	1	0.641286849976
5	1	0.435453176498
6	1	0.700539827347
5	0	1.00466895103
6	1	0.570050954819
5	0	0.756032943726
6	1	0.731145143509
6	1	0.434944152832
5	1	0.721667051315
6	1	0.538733959198
6	1	0.413813829422
6	1	0.513957977295
5	1	0.41880607605
6	1	0.466101884842
6	1	0.418655872345
6	1	0.398725986481
5	1	0.587000131607
6	1	0.394169092178
5	1	0.514868974686
6	0	0.386255025864
5	1	0.467061042786
6	1	0.418645143509
6	1	0.404512882233
6	1	0.497949123383
5	1	0.651506900787
5	1	0.692934036255
5	1	0.466972112656
6	1	0.429804086685
6	1	0.489226102829
6	1	0.465758085251
6	1	0.348323106766
5	1	0.461182832718
6	1	0.435358047485
5	1	0.435623168945
5	1	0.448240995407
5	1	0.469024896622
5	1	0.516301870346
6	0	0.577665090561
5	0	0.539782047272
6	1	0.484941005707
6	1	0.496262073517
5	1	0.780982017517
5	1	0.442589044571
6	1	0.387407064438
6	1	0.499042034149
5	0	0.869517087936
6	0	0.415486097336
6	1	0.574721097946
6	1	0.427611112595
6	1	0.408632993698
5	1	0.411683082581
6	1	0.346705913544
5	1	0.468261003494
5	1	0.852658033371
5	1	0.427523851395
5	1	0.592643022537
6	1	0.458945035934
5	1	0.516638994217
6	0	0.810799121857
5	1	0.449268817902
6	1	0.52246594429
5	1	0.47639298439
5	1	0.658749818802
5	1	0.409065008163
5	1	0.483160972595
5	1	0.411715984344
5	0	0.658411026001
6	1	0.531797170639
5	1	0.675874948502
5	1	0.588923931122
6	0	0.451391935349
5	1	0.299543142319
6	1	0.384478092194
5	1	0.389121055603
6	0	0.377144098282
6	1	0.538703203201
6	1	0.557193040848
6	1	0.714426994324
6	1	0.517030000687
5	1	0.427172899246
6	0	0.435986042023
5	1	0.385823965073
5	1	0.555097103119
5	1	0.706498146057
6	1	0.363509178162
5	1	0.442625999451
5	1	0.419845819473
5	1	0.579195022583
5	1	0.346920967102
5	1	0.540084123611
6	1	0.498140096664
6	1	0.691013097763
6	1	0.428883075714
6	1	0.553572893143
5	1	0.627802848816
5	1	0.402777910233
6	1	0.528653860092
5	1	0.507081031799
6	1	0.507282018661
5	1	0.314299106598
5	0	0.394338130951
5	1	0.524729967117
6	1	0.611163854599
6	1	0.387292861938
5	1	0.515158176422
6	0	0.460860013962
6	1	0.53959608078
5	1	0.987450122833
6	0	0.609987974167
5	1	0.651374101639
5	1	0.602613925934
5	1	0.363214969635
5	1	0.380509853363
6	1	0.634454011917
6	1	0.307548046112
6	1	0.339471101761
5	1	0.29897403717
5	1	0.548305988312
5	1	0.44294500351
6	0	0.330701112747
5	1	0.907924890518
5	1	0.313715934753
5	1	0.322824001312
6	1	0.34819483757
6	1	0.316529989243
6	1	0.464866876602
5	0	0.570819139481
5	0	0.594101905823
6	1	0.484344005585
6	1	0.476207017899
5	0	0.386042833328
5	1	0.626574039459
5	1	0.538415908813
5	1	0.330926895142
5	0	0.427757978439
5	0	0.340644836426
6	0	0.264496088028
6	0	0.270190000534
5	1	0.554479122162
5	0	0.434641122818
6	1	1.69162607193
6	1	0.611063957214
6	1	0.48370885849
6	1	0.490213155746
6	1	0.587561845779
5	1	0.860378980637
5	1	0.530335903168
5	1	0.594790935516
6	0	0.612340927124
6	1	0.539123058319
6	1	0.490299940109
5	1	0.516038894653
5	0	0.71461892128
5	1	0.537574052811
6	0	0.779004096985
5	1	0.708874940872
5	0	0.993886947632
6	1	0.371784925461
5	1	0.459724903107
5	1	0.80991601944
5	1	0.451698064804
5	0	0.763300180435
5	1	0.683880090714
6	0	0.457437038422
5	0	0.443536996841
5	0	0.363036870956
5	0	0.755390882492
6	1	0.755254030228
5	1	0.722285032272
6	1	0.450934886932
6	0	0.499040126801
5	1	0.505827903748
5	1	0.45329785347
6	0	0.425998926163
5	1	0.770432949066
5	1	0.628644943237
6	1	0.691915035248
5	1	0.571019887924
6	1	0.46785402298
6	1	0.392577171326
5	1	0.733737945557
6	1	0.53188586235
5	1	0.426698923111
6	1	0.394177913666
5	1	0.716209173203
6	1	0.604065179825
5	1	0.561560869217
6	1	0.452857971191
5	1	0.584836959839
6	1	0.452392101288
5	1	0.587054014206
5	0	1.00340795517
6	1	0.579944133759
5	1	0.570795059204
5	1	0.522158145905
6	1	0.467247962952
6	1	0.394597053528
5	1	0.851502895355
6	1	0.501018047333
5	1	0.594799041748
6	1	0.402618169785
6	1	0.708312034607
5	1	0.556124925613
6	1	0.569555997849
5	1	0.523907184601
5	1	0.507114171982
6	1	0.507308006287
6	1	0.410700082779
5	1	0.467683076859
5	1	0.49103808403
6	1	0.474493026733
4	1	0.554386138916
4	1	0.403236150742
4	0	0.523412942886
4	1	0.516269922256
4	1	0.467684984207
4	1	0.418249845505
4	1	0.404605150223
4	1	0.434542894363
4	1	0.396052837372
4	1	0.361794948578
4	1	0.339966058731
4	1	0.563632965088
4	1	0.323360919952
4	1	0.427683830261
4	1	0.458770990372
4	1	0.458437919617
4	0	0.612197875977
4	1	0.555111885071
4	1	0.531492948532
4	1	0.52124786377
4	1	0.653702020645
4	1	0.466585874557
4	1	0.498273849487
4	1	0.611119031906
4	1	0.37097120285
4	1	0.450647830963
4	0	0.501664161682
4	1	0.545453071594
4	1	0.404042959213
4	1	0.554284095764
4	0	0.459442138672
4	1	0.394127130508
4	1	0.570870161057
4	1	0.386703014374
4	0	0.387674093246
4	1	0.482902050018
4	1	0.524129867554
4	1	0.481263875961
4	1	0.530859231949
4	1	0.419877052307
4	1	0.42816400528
4	1	0.642703771591
4	0	0.500007152557
4	1	0.548202991486
4	1	0.578501224518
4	1	0.504526138306
4	1	0.396309137344
4	1	0.532706022263
4	1	0.403626203537
4	1	0.394013881683
4	1	0.834547996521
4	1	0.419656038284
4	1	0.665733098984
4	1	0.490961790085
4	1	0.555732011795
4	0	0.435955047607
4	1	0.499133825302
4	1	0.481477022171
4	1	0.466689109802
4	1	0.811177015305
4	0	0.420203924179
4	1	0.410903930664
4	1	0.466470003128
4	1	0.387785196304
4	1	0.635161876678
4	1	0.762809991837
4	1	0.595791101456
4	1	0.488963127136
4	1	0.596999883652
4	1	0.745329141617
4	1	0.441824913025
4	1	0.483515977859
4	1	0.370287895203
4	1	0.459876060486
4	0	0.338064908981
4	1	0.429044961929
4	1	0.418805122375
4	1	0.434269189835
4	1	0.379785060883
4	1	0.355445861816
4	0	0.578133106232
4	0	0.420253038406
4	1	0.370527982712
4	1	0.578672885895
4	1	0.386620998383
4	1	0.5076649189
4	1	0.378283023834
4	0	0.786772012711
4	1	0.602767944336
4	1	0.707440137863
4	0	0.603271007538
4	1	0.562705039978
4	1	0.532649993896
4	1	0.65966296196
4	1	0.498733997345
4	1	0.523121118546
4	1	0.451644897461
4	0	0.642865180969
4	1	0.578342914581
4	0	0.594334125519
4	1	0.556150197983
4	1	0.731429100037
4	0	0.899600028992
4	0	0.498517036438
4	0	0.506308794022
4	1	0.548024892807
4	1	0.634575843811
4	1	1.29089403152
4	1	1.02872514725
4	1	0.48214507103
4	1	0.66740489006
4	1	0.931027173996
4	1	0.554954051971
4	1	0.512756109238
4	1	0.508945941925
4	1	0.514396905899
4	1	0.572223901749
4	1	0.577702045441
4	1	0.562297105789
4	1	0.811989068985
4	1	0.939522027969
4	1	0.665088176727
4	1	0.636051893234
4	1	0.419341087341
4	1	0.533150911331
4	1	0.602137804031
4	1	0.708955049515
4	0	1.09019899368
4	1	0.611106157303
4	1	0.468678951263
4	1	0.505170106888
4	0	0.722844839096
4	1	0.499566078186
4	1	0.538857936859
4	1	0.573472976685
4	1	0.482643842697
4	1	0.643301963806
4	0	0.673632860184
4	1	1.3177189827
4	1	0.553447008133
4	1	0.62656211853
4	1	0.779936075211
4	1	0.876791954041
4	1	0.386600971222
4	1	0.468689918518
4	1	0.795345067978
1	1	0.516446113586
1	1	0.449800014496
1	1	0.364520072937
1	1	0.3627140522
1	1	0.411643028259
1	1	0.378874778748
1	1	0.482819080353
1	1	0.611654043198
1	1	0.594193935394
1	1	0.49249792099
1	1	0.394016981125
1	1	0.387498140335
1	1	0.51439499855
1	1	0.490813970566
1	1	0.434982061386
1	1	0.397021055222
1	1	0.522890806198
1	1	0.458168983459
1	1	0.363049030304
1	1	0.547580003738
1	1	0.467366933823
1	1	0.442899942398
1	1	0.458755970001
1	1	0.411756038666
1	1	0.396279096603
1	0	0.409789800644
1	1	0.507851839066
1	1	0.588278055191
1	1	0.772491931915
1	1	0.577481031418
1	1	0.371215820312
1	0	0.394726991653
1	1	0.458988904953
1	1	0.450906038284
1	1	0.386734008789
1	1	0.379801988602
1	1	0.458817958832
1	1	0.508055925369
1	1	0.563066005707
1	1	0.6200299263
1	1	0.465085029602
1	1	0.357894897461
1	1	0.442981004715
1	1	0.396218061447
1	1	0.419704914093
1	1	0.442362070084
1	1	0.476588010788
1	1	0.3777821064
1	1	0.348453998566
1	1	0.483597993851
1	1	0.53887796402
1	1	0.395643949509
1	1	0.594774007797
1	1	0.403079986572
1	1	0.466490983963
1	1	0.460412979126
1	1	0.45892906189
1	1	0.506781101227
1	0	0.524761915207
1	1	0.442815065384
1	1	0.44377207756
1	1	0.338293075562
1	1	0.419656038284
1	1	0.459327936172
1	1	0.41154718399
1	1	0.475965976715
1	1	0.532009840012
1	1	0.593839168549
1	1	0.625763177872
1	1	0.796412944794
1	1	0.532447099686
1	1	0.474930047989
1	1	0.531680107117
1	1	0.52308511734
1	1	0.475873947144
1	0	0.392705917358
1	1	0.500638008118
1	1	0.418747901917
1	1	0.748137950897
1	0	0.641098976135
1	1	0.458710193634
1	0	0.508316040039
1	1	0.465818166733
1	1	0.66806101799
1	1	0.532526016235
1	1	0.435549974442
1	1	0.59391617775
1	1	0.650223016739
1	1	0.634368896484
1	1	0.805088996887
1	1	0.450904130936
1	1	0.779736042023
1	1	0.435417890549
1	1	0.499058008194
1	1	0.43358206749
1	1	0.499176979065
1	0	0.73002409935
1	1	0.72517490387
1	1	0.665201187134
1	1	0.883022069931
1	1	0.642554044724
1	1	0.5004529953
1	1	0.402657032013
1	1	0.340215921402
1	0	0.714597940445
1	1	0.50850892067
1	1	0.483236074448
1	1	0.458914995193
1	1	0.554082155228
1	1	0.314785003662
1	1	0.387463092804
1	1	0.653090953827
1	1	0.425348997116
1	1	0.410109043121
1	1	0.63769197464
1	0	0.683179855347
1	1	0.792684078217
1	1	1.21488809586
1	1	0.812853097916
1	0	0.659434080124
1	1	0.578253984451
1	1	0.539369106293
1	1	0.508628129959
1	1	0.561910152435
1	1	0.633903980255
1	1	0.69202208519
1	0	0.443321943283
1	1	1.32415795326
1	1	0.435215950012
1	1	2.02616691589
1	1	0.442254066467
1	1	0.988240003586
1	0	0.459969997406
1	1	0.552850961685
1	1	0.445544958115
1	1	0.424563884735
1	0	0.387815952301
1	1	0.506500959396
1	1	0.562689781189
1	1	0.538473129272
1	0	0.602736949921
1	1	0.539227962494
1	0	0.75550198555
1	1	0.458904981613
1	1	0.468732118607
1	1	0.563575983047
1	1	0.563583135605
2	0	0.747311115265
2	1	0.499543190002
2	1	0.497334957123
2	1	0.651173830032
2	1	0.388170003891
2	0	0.530179977417
2	1	0.772717952728
2	1	0.403045892715
2	1	0.403614997864
2	1	0.39444899559
2	1	0.611754894257
2	1	0.457702875137
2	1	0.451909065247
2	1	0.411932945251
2	1	0.40919303894
2	0	0.484671115875
2	1	0.52995800972
2	1	0.459843158722
2	1	0.395000934601
2	0	0.355829000473
2	1	0.4346139431
2	1	0.571007013321
2	1	0.452418088913
2	1	0.77019405365
2	1	0.556784152985
2	1	0.715887069702
2	1	0.70693898201
2	1	0.61180305481
2	1	0.60283613205
2	1	0.515085935593
2	1	0.586475849152
2	1	0.481897115707
2	1	0.459408998489
2	1	0.613326072693
2	1	0.610798120499
2	1	0.426713943481
2	1	0.595418930054
2	1	0.586930036545
2	1	0.458921909332
2	0	1.23662686348
2	1	0.474025964737
2	1	0.8188829422
2	1	0.810670137405
2	1	0.635384082794
2	1	0.627851963043
2	1	0.485049962997
2	1	0.474133968353
2	1	0.401592969894
2	1	0.435750961304
2	0	0.442420959473
2	1	1.15563297272
2	0	0.690109014511
2	1	0.611941099167
2	1	0.89994597435
2	1	0.394656896591
2	1	0.411214828491
2	1	0.444423913956
2	1	0.378234148026
2	1	0.490768909454
2	1	0.426527023315
2	1	0.33958697319
2	1	0.572583198547
2	1	0.361565828323
2	1	0.628551006317
2	1	0.795865058899
2	1	0.451767206192
2	1	0.60361790657
2	1	0.403300046921
2	1	0.388869047165
2	1	0.403913974762
2	0	0.39450097084
2	0	0.401178121567
2	1	0.515555858612
2	1	0.611118078232
2	1	0.602907896042
2	1	0.529964208603
2	1	0.507860898972
2	1	0.4525141716
2	1	0.393750905991
2	1	0.43617105484
2	1	0.584999084473
2	1	0.468028068542
2	1	1.31559896469
2	1	0.563609838486
2	1	0.747642040253
2	1	0.361595869064
2	1	0.394049882889
2	1	0.459314107895
2	1	0.9001288414
2	1	0.651309013367
2	1	0.770135879517
2	1	0.412151098251
2	1	0.651885032654
2	1	0.442297935486
2	1	0.569535017014
2	1	0.555515050888
2	1	0.643695116043
2	1	0.547743082047
2	1	0.482434988022
2	1	0.412531852722
2	1	0.376687049866
2	0	0.30938410759
2	1	0.851588010788
2	1	0.499872922897
2	1	0.466172933578
2	0	0.524322032928
2	1	0.506051063538
2	1	0.419404029846
2	1	0.44424200058
2	1	0.458786964417
2	1	0.865885972977
2	1	0.460335016251
2	1	0.385916948318
2	1	0.499611854553
2	1	0.393341779709
2	1	0.477094173431
2	1	0.355843067169
2	0	0.409878969193
2	1	0.652899980545
2	0	0.538773059845
2	0	0.419976949692
2	1	0.465123176575
2	1	0.513398170471
2	1	0.492232084274
2	1	0.451462984085
2	1	0.404084920883
2	1	0.362298965454
2	1	0.644693851471
2	0	0.32216501236
2	1	0.435765981674
2	0	0.906393051147
2	1	0.547121047974
2	1	0.625529050827
2	1	0.467628955841
2	0	0.579272985458
2	1	0.451742887497
2	1	0.5304210186
2	1	0.481314182281
2	1	0.410822153091
2	1	0.532754182816
2	1	0.55411195755
2	0	0.593930959702
2	1	0.53177189827
2	1	0.468311071396
2	1	0.435042142868
2	1	0.394892930984
2	0	0.473495960236
6	0	0.651046991348
5	1	0.45929479599
5	1	0.419183015823
6	1	0.434552907944
6	1	0.50174498558
5	1	0.593670845032
6	1	0.626342773438
5	1	0.411883115768
6	1	0.369730949402
5	0	0.333374977112
6	1	0.387495994568
6	0	0.546261072159
5	1	0.46003985405
6	1	0.610022068024
5	1	0.876097917557
5	1	0.419428825378
5	1	0.545977115631
6	1	0.530538082123
5	1	0.412148952484
6	0	0.443166971207
5	1	0.532358169556
5	1	0.435726881027
6	1	0.530001163483
6	1	0.626264095306
6	0	0.507515907288
5	1	0.56408405304
6	1	0.778359174728
5	1	0.65098118782
5	1	0.484452962875
5	1	0.379101991653
6	1	0.547390937805
5	1	0.417578935623
6	1	0.717140197754
6	1	0.426090955734
5	1	0.427042007446
5	1	0.540062189102
5	1	0.419713020325
5	1	0.394891023636
6	1	0.465436935425
5	1	0.39603304863
5	1	0.459151029587
5	1	0.521641016006
6	1	0.884027957916
5	0	0.548200845718
6	1	0.587097167969
5	1	0.500386953354
6	1	0.577933073044
6	0	0.586819887161
5	1	0.419960975647
5	1	0.403785943985
6	0	0.600724935532
6	1	0.676362991333
6	1	0.60170507431
5	1	0.580998897552
6	1	0.467125892639
5	0	0.64934015274
6	1	0.517024993896
6	1	0.63628411293
5	1	1.18707108498
5	1	0.466814041138
5	1	0.43409204483
6	1	0.398006916046
5	1	0.401469945908
6	1	0.594746828079
6	1	0.380425930023
6	1	0.506766080856
5	1	0.56214094162
6	1	0.585690021515
5	1	0.476253986359
6	1	0.467422962189
6	1	0.667489051819
6	0	0.524780035019
5	1	0.722397089005
5	0	0.385303974152
6	1	0.459160089493
6	1	0.491671085358
6	1	0.548142910004
6	1	0.492136001587
5	1	0.378392934799
6	0	0.357111930847
6	1	0.538375139236
5	1	0.634886980057
5	1	0.490978002548
5	0	0.452744007111
5	1	0.593472003937
6	0	0.523119926453
6	1	0.58685708046
5	1	0.69907784462
6	1	0.556684970856
5	0	0.41832113266
5	1	0.435532093048
6	0	0.458022117615
5	0	0.700562953949
5	1	0.794065952301
6	1	0.523772001266
6	1	0.418634176254
5	1	0.436609983444
5	1	0.547527074814
5	1	1.21968102455
6	1	0.451347827911
5	1	0.442004919052
5	1	0.47554898262
5	0	0.475892066956
5	0	0.538162946701
6	1	0.579888105392
5	1	0.433397054672
6	0	0.371630191803
6	1	0.779495954514
6	1	0.444533109665
6	1	0.402101993561
6	1	0.627013921738
6	1	0.467934846878
5	0	0.88195514679
6	1	0.508796930313
5	1	0.819035053253
6	1	0.529793024063
6	1	0.499793052673
5	0	0.708652019501
6	1	0.392949819565
6	0	0.651132822037
5	0	0.564644098282
5	1	0.91340303421
5	1	0.444422006607
5	0	0.427376031876
6	1	0.555874109268
6	1	0.4835460186
6	1	0.444478988647
5	1	2.7153840065
5	1	0.602015018463
5	1	0.402983903885
6	1	0.459029197693
5	1	0.730293989182
5	0	0.554848909378
6	1	0.819771051407
5	1	0.554662942886
6	1	0.478144884109
5	1	0.537879943848
5	1	0.466362953186
5	1	0.468058109283
5	1	0.475337028503
5	1	0.49911403656
5	1	0.427921056747
6	1	0.537178993225
5	1	0.685311079025
6	0	0.450418949127
7	0	1.29304504395
8	1	0.626451015472
8	1	0.460261106491
8	1	0.609913825989
7	1	0.48977804184
8	1	0.580745220184
7	0	0.467686891556
8	1	0.570643901825
7	1	0.443793058395
7	1	0.803873062134
8	1	0.579019784927
8	1	0.571552991867
8	1	0.451174020767
8	1	0.715294837952
7	1	0.673902988434
7	1	0.747434854507
8	1	0.388511896133
7	1	0.577492952347
7	1	0.554368019104
7	1	0.48326086998
7	1	0.436778068542
7	0	0.466775178909
7	1	0.539484977722
7	1	0.426959991455
7	1	0.52316403389
7	1	0.555391073227
8	1	0.40302491188
8	1	0.563505172729
7	1	0.539527893066
7	1	0.553112983704
8	1	0.63455915451
7	1	0.46034693718
7	1	0.453084945679
8	1	0.37792801857
8	0	0.563784122467
8	1	0.483809947968
8	1	0.377148151398
7	1	0.395161867142
8	1	0.5013859272
8	1	0.442955970764
8	1	0.53787112236
8	1	0.538793087006
7	1	0.421018838882
8	1	0.491397857666
7	1	0.930903911591
7	1	0.53221988678
7	1	0.417858839035
7	1	0.426706075668
8	1	0.514964103699
7	1	0.422514200211
7	1	0.47474694252
8	1	0.682597875595
8	1	0.450923204422
8	1	0.428989887238
7	1	0.385226964951
7	1	0.393981218338
7	1	0.404017925262
7	0	0.305899143219
7	1	0.587177991867
8	0	0.770243883133
7	1	0.851459026337
8	1	0.532164096832
7	0	0.892667770386
7	0	0.651020050049
7	1	0.665061950684
7	1	0.674584150314
7	0	0.797508001328
8	1	0.570371866226
7	1	0.515035152435
8	1	0.483069896698
8	1	0.379180908203
7	1	0.403895139694
8	1	0.532271146774
7	1	0.568807840347
7	1	0.450978040695
7	1	0.444621086121
7	1	0.355057954788
8	1	0.434679985046
7	1	0.410943984985
8	1	0.482977867126
8	1	0.611737966537
7	1	0.588990926743
8	1	0.57893204689
8	1	0.54061794281
7	1	0.49688911438
7	1	0.70551609993
7	1	0.532809019089
8	0	0.394423961639
8	1	0.522500991821
8	0	0.601940155029
7	1	0.66743183136
8	1	0.588025093079
7	1	0.434901952744
8	1	0.804900169373
8	1	0.434309005737
7	1	0.715199947357
8	1	0.661385059357
8	1	0.505567073822
8	1	0.451159954071
7	1	0.731029033661
7	1	1.19446492195
7	0	0.451313972473
7	1	0.709697008133
7	1	0.529922008514
8	1	0.651039838791
7	1	0.530635118484
8	0	0.818554878235
7	1	1.10045814514
7	0	0.793906927109
8	1	0.404071092606
8	1	0.451298952103
7	1	0.416113138199
7	1	0.413521051407
8	1	0.674278020859
8	1	0.546658992767
7	0	0.425081014633
8	1	0.628659009933
7	1	0.795126914978
7	1	0.469060182571
7	1	0.594197034836
7	1	0.522176027298
7	1	0.634740829468
7	0	0.436897993088
7	1	0.47406411171
7	1	0.538485050201
7	1	0.515647888184
8	1	0.4902780056
7	1	0.499612092972
8	1	0.745229959488
8	1	0.587456941605
8	1	0.500008106232
7	1	0.611405134201
8	0	0.507394075394
8	1	0.538148880005
8	1	0.443310022354
8	1	0.563510894775
7	1	0.618160963058
7	0	0.403846025467
8	1	0.555639028549
8	1	0.436339139938
8	1	0.553642034531
8	1	0.443806171417
8	1	0.571216106415
7	1	0.45036315918
7	0	0.474464893341
7	1	0.539938211441
7	1	0.403301954269
7	1	0.387423038483
8	1	0.443446874619
7	1	0.419733047485
8	1	0.449687004089
7	1	0.394647121429
7	1	0.444139003754
8	1	0.419219970703
8	1	0.379488945007
8	1	0.523886919022
8	1	0.52237200737
8	1	0.468245029449
8	1	0.481873989105
8	1	0.443928956985
7	1	0.626406908035
7	1	0.668207168579
8	1	0.449601888657
8	1	0.509667873383
7	1	0.4263920784
7	1	0.403390884399
8	1	0.514358043671
7	1	0.412031888962
7	1	0.787282943726
7	1	0.451677083969
7	1	0.643258810043
8	1	0.564367055893
7	1	0.664916038513
7	1	0.435115814209
7	0	0.445692062378
7	1	0.522713899612
7	1	0.428478956223
7	1	0.450904130936
7	1	0.634657144547
7	1	0.547420024872
8	1	0.555578947067
8	1	0.771961927414
7	1	0.618106126785
8	1	0.643890142441
7	1	0.523301124573
7	1	0.47752404213
8	1	0.402714014053
8	0	0.5769572258
8	1	0.699194908142
7	1	0.748259067535
7	1	0.498580932617
8	1	0.377685070038
8	1	0.628325939178
7	1	0.403720855713
8	1	0.489749908447
7	0	0.643861055374
8	1	0.483991146088
8	1	0.569102048874
7	1	0.484822034836
7	1	0.556084871292
7	1	0.479959964752
7	1	0.596823215485
7	1	0.595808029175
8	1	0.427510023117
8	1	0.697391986847
8	1	0.468189954758
7	1	0.420598983765
8	1	0.492136955261
7	1	0.537662029266
8	0	0.362677097321
8	1	0.442623138428
7	1	0.477272987366
8	1	0.418045043945
8	1	0.41135597229
7	1	0.83535194397
7	1	0.401195049286
8	1	0.58070898056
7	1	0.515371799469
8	1	0.970711946487
8	1	0.40475320816
8	1	0.402543067932
8	1	0.579696178436
7	1	0.460392951965
8	1	0.609164953232
7	0	0.485562086105
7	1	0.633444070816
7	1	0.531867027283
7	1	0.395911931992
8	1	0.611629962921
7	1	0.561033964157
8	1	0.444090127945
7	0	0.507620096207
7	1	0.45746588707
7	1	0.546399116516
7	1	1.27596402168
7	1	0.603924036026
8	1	0.634387969971
7	1	0.884533882141
7	1	1.95504283905
8	1	0.428097963333
8	1	0.602678060532
8	1	1.25231695175
8	1	0.459367036819
8	1	0.777895212173
8	1	0.579981088638
8	1	0.676285028458
8	1	0.563547849655
7	1	0.77899813652
8	1	0.37872505188
8	1	0.363231182098
7	1	0.420158863068
8	1	0.554717063904
7	1	0.466903924942
7	0	0.36468911171
7	1	0.545408964157
7	1	0.466500997543
8	1	0.3950278759
8	1	0.562919855118
8	1	0.410351037979
8	1	0.507647037506
7	1	0.307749986649
7	1	0.444356918335
8	1	0.499044179916
7	1	0.450960159302
8	0	0.395356893539
7	1	0.63731098175
7	1	0.651355028152
7	1	0.465690851212
7	1	0.411796808243
8	0	0.410974025726
7	1	0.491150856018
8	1	0.443470001221
7	0	0.762840986252
7	1	0.617403030396
8	0	0.492117881775
8	0	1.66943120956
8	1	0.514515161514
8	1	0.442988872528
7	0	0.459383010864
8	1	0.39613699913
7	0	0.63445520401
7	0	0.428328037262
7	1	0.483043909073
7	1	0.635502099991
8	1	0.394970178604
7	1	0.429075956345
8	0	0.64904499054
8	1	0.549665927887
7	0	0.947605848312
8	1	0.786642789841
8	1	0.578475952148
3	1	0.555362939835
3	1	0.427919864655
3	0	0.39422917366
3	1	0.426082134247
3	1	0.508785009384
3	1	0.426343917847
3	1	0.491178035736
3	1	0.403668880463
3	1	0.426311969757
3	1	0.387547016144
3	1	0.388859987259
3	0	0.843575000763
3	0	0.746147155762
3	1	0.789698123932
3	1	0.611480951309
3	1	0.425721168518
3	1	0.387448072433
3	1	0.467461109161
3	1	0.419445037842
3	1	0.435528993607
3	1	0.4026658535
3	1	0.4505879879
3	1	0.477233886719
3	1	0.416887044907
3	1	0.4358689785
3	1	0.540168046951
3	1	0.547219991684
3	1	0.34516787529
3	1	0.589301109314
3	1	0.331484079361
3	1	0.434130907059
3	0	0.363827943802
3	1	0.435655117035
3	1	0.554294109344
3	0	0.380907058716
3	1	0.562165975571
3	1	0.804836034775
3	0	0.491830825806
3	1	0.705283164978
3	0	0.589363098145
3	1	0.585644960403
3	1	0.748131990433
3	1	0.745323181152
3	0	0.613126039505
3	0	0.522314786911
3	1	0.65887594223
3	1	0.715870141983
3	1	0.636782884598
3	1	0.8353099823
3	1	0.506348133087
3	1	0.532221078873
3	1	0.593502998352
3	1	0.697962999344
3	1	0.378571033478
3	1	0.661674976349
3	1	0.587773084641
3	1	0.595220088959
3	1	0.564270019531
3	1	0.81906414032
3	0	0.522795200348
3	1	0.436792850494
3	0	0.809544086456
3	1	0.754034996033
3	0	0.596518039703
3	1	0.515985012054
3	1	0.498275995255
3	1	0.629703998566
3	1	0.578607082367
3	0	0.602411031723
3	1	0.810548067093
3	1	0.594534158707
3	1	0.805027961731
3	0	0.577194929123
3	1	0.676249027252
3	1	0.531183004379
3	0	0.627079963684
3	1	0.546945095062
3	1	0.516758918762
3	1	0.369792938232
3	0	0.829059839249
3	0	0.889957904816
3	1	0.507783174515
3	1	0.498378992081
3	1	0.689846992493
3	0	0.689786195755
3	0	0.459931135178
3	1	0.507388830185
3	1	0.42948102951
3	0	0.498956203461
3	1	0.491373062134
3	1	0.465287923813
3	0	0.531632900238
3	1	0.61205291748
3	1	0.594290971756
3	1	0.579292058945
3	1	0.499976873398
3	1	0.571136951447
3	1	0.473124027252
3	1	0.380967855453
3	1	0.506075143814
3	1	0.627803087234
3	1	0.489544153214
3	1	0.484753847122
3	1	0.578448057175
3	1	0.595189094543
3	1	0.474021196365
3	1	0.403010129929
3	1	0.466100931168
3	1	0.419875860214
3	1	0.401342153549
3	1	0.371222019196
3	1	0.266147136688
3	1	0.558876991272
3	1	0.583473920822
3	1	0.39568400383
3	1	0.604268789291
3	1	0.484461069107
3	1	0.506398200989
3	1	0.579710960388
3	1	0.434672117233
3	1	0.564059019089
3	1	0.380354881287
3	1	0.707353115082
3	1	0.385668992996
3	1	0.644890785217
3	1	0.554769039154
3	1	0.620233058929
3	1	0.804548025131
3	1	1.05759191513
3	1	0.50788807869
3	0	0.907673835754
3	1	0.737352132797
3	1	0.452796936035
3	1	0.561536073685
3	0	0.517009973526
3	1	0.618574857712
3	1	0.452397108078
3	1	0.681004047394
3	1	0.748136043549
3	1	0.529461145401
3	1	0.395382881165
3	1	0.494584083557
3	1	0.607702970505
3	1	0.442274093628
3	1	0.41277384758
3	1	0.258073091507
