6	1	2.41231012344
6	1	4.45135998726
5	0	4.85123515129
5	0	8.40930700302
5	1	3.18526506424
5	1	3.14490389824
5	1	3.53136992455
6	1	2.75850486755
5	1	1.51904511452
5	1	1.66577720642
5	1	2.97175216675
5	1	3.62501096725
5	1	4.01125407219
5	1	1.4795601368
6	0	5.25081110001
5	1	1.4661231041
5	1	2.19894599915
5	1	2.66515088081
6	1	3.13139915466
6	1	3.85130596161
5	1	1.91917991638
5	0	2.09239506721
6	1	1.39919996262
5	1	1.78565979004
5	1	1.53274512291
6	1	2.29223895073
6	1	1.092648983
5	1	1.35920500755
5	0	1.75901198387
5	0	1.15958499908
5	1	1.42610406876
5	1	3.51844906807
6	0	1.0128929615
5	1	3.54467892647
6	1	4.37087607384
5	1	3.35807180405
6	1	6.27690792084
6	1	3.0916659832
6	1	3.89134597778
5	1	6.01041316986
5	0	6.72985601425
5	1	7.72927999496
5	1	5.77087306976
5	1	4.23798513412
6	1	2.94510006905
5	1	4.89074492455
5	1	7.39639091492
6	1	3.97137308121
5	1	3.2651591301
8	1	1.67899084091
8	1	2.09197616577
7	1	3.71802687645
7	1	7.48935389519
7	1	8.59554004669
8	1	4.57093596458
8	1	4.71757793427
8	1	5.39753079414
8	1	1.42621421814
7	1	2.3054587841
7	0	5.37027692795
7	1	6.59650206566
8	0	9.03552412987
7	1	0.879504919052
8	1	1.45234799385
8	1	7.56931614876
8	1	1.27900099754
7	1	8.10268592834
7	1	1.53287601471
8	1	3.331854105
7	0	7.6365840435
7	0	7.87606096268
7	1	1.35940504074
8	1	2.10578799248
7	1	3.14508700371
8	1	6.86316585541
8	1	2.47892189026
8	1	4.27800989151
8	1	4.45088410378
7	1	6.26324295998
7	0	6.47652101517
8	1	2.58523511887
8	1	0.959455966949
8	1	0.986247062683
7	1	0.852813959122
8	1	2.46550607681
8	1	1.13253498077
8	1	0.839553833008
7	1	4.09094500542
8	1	1.37270092964
8	1	0.826154947281
8	1	1.41233992577
7	1	2.57188105583
8	1	1.42575407028
8	1	1.57240104675
7	1	3.9979569912
7	1	1.89236021042
7	0	0.919422864914
8	1	4.59799003601
7	1	3.37188887596
7	1	6.71701383591
7	1	1.62601590157
7	1	1.87906002998
7	1	1.8923830986
7	1	0.959498882294
7	0	5.65027999878
7	1	1.30563282967
7	1	1.75902986526
8	1	2.02542901039
7	1	1.50599312782
7	1	1.55900001526
5	1	8.31602406502
5	1	0.999566078186
6	1	2.05221700668
5	0	4.17129898071
5	0	0.839823007584
5	1	2.62523913383
5	1	1.43892598152
6	1	1.26622414589
5	1	3.5851559639
5	1	2.43901586533
5	1	0.972810983658
6	1	1.4255759716
6	1	3.05182218552
6	1	6.55707097054
5	1	0.959575891495
6	1	2.86509299278
5	1	6.1569070816
6	1	1.25246882439
6	1	1.34579396248
5	1	1.02605986595
5	1	0.879880905151
5	1	1.25276589394
6	1	1.93226289749
5	1	1.19952011108
5	1	2.49232697487
5	1	2.46569800377
5	0	1.71905779839
5	1	1.69245910645
6	1	1.02620697021
5	1	1.19953107834
5	1	7.95618009567
6	1	1.59903907776
5	1	2.15900588036
5	1	3.41179895401
5	0	4.06469106674
5	1	1.25253605843
6	1	3.8512969017
6	0	1.15909099579
5	1	2.02561807632
6	1	3.39859414101
5	1	1.34583187103
6	1	1.67906594276
5	0	1.55937004089
6	1	2.15889716148
6	1	2.35843205452
5	0	4.17140293121
5	1	2.46565389633
5	1	1.94570994377
5	1	1.10624599457
5	1	5.5708770752
6	1	1.15943002701
5	1	4.2246940136
5	1	3.33185696602
5	1	3.98483395576
5	1	1.35944986343
5	1	2.62546396255
5	1	5.35743904114
6	1	5.34417295456
5	0	4.25125980377
5	0	2.46532201767
5	1	2.0256049633
6	1	2.75844407082
6	1	2.2256538868
6	1	2.4523999691
6	1	1.22608804703
5	1	3.99802303314
5	1	1.61234092712
6	1	4.61091113091
2	1	1.42626905441
2	1	9.18227314949
2	1	4.71754097939
2	1	6.53042697906
2	1	5.25091600418
2	1	0.919705152512
2	1	4.6242749691
2	1	8.91553282738
2	0	2.77207612991
2	1	5.3708319664
2	1	2.73237299919
2	0	2.51851987839
2	0	7.38270115852
2	1	1.46611905098
2	1	5.58417201042
2	1	1.23951888084
2	1	1.46616506577
2	1	6.21030402184
2	1	2.19887495041
2	0	7.56936502457
2	1	2.73177313805
2	0	1.35894083977
2	0	1.57230806351
2	1	3.93129396439
2	1	3.17195391655
2	1	5.05079507828
2	0	1.53278398514
2	1	8.74225592613
2	1	3.95805811882
2	1	4.53144311905
2	1	5.22427582741
2	1	9.92834496498
2	0	6.44991207123
2	0	1.62569189072
2	1	2.47858500481
2	1	0.906085014343
2	1	2.53222703934
2	1	0.892762899399
2	1	2.13220691681
2	1	2.1989839077
2	1	4.02464389801
2	1	3.95802903175
2	1	1.839220047
2	1	2.7985959053
2	1	5.49033784866
2	1	1.18611288071
7	1	5.0641078949
7	1	2.07867407799
8	1	0.972827911377
8	1	1.66597485542
7	1	0.773245096207
8	1	6.21039700508
8	1	1.35959005356
7	1	6.46362495422
8	1	0.759912967682
8	1	2.23903894424
7	1	1.2661049366
8	1	0.986183166504
7	1	1.69248104095
7	1	1.14618897438
8	1	1.22615790367
8	1	5.33030104637
7	1	0.826184034348
8	0	0.78617477417
7	1	1.02628779411
8	1	0.772811889648
7	0	3.6912522316
8	1	4.54467916489
7	1	8.14260792732
8	1	2.71858692169
7	1	0.866564035416
7	1	4.53117704391
7	1	1.49265694618
7	1	7.26322889328
7	1	1.07953190804
8	1	0.999464988708
7	0	6.05025100708
7	1	2.46561193466
8	0	1.06616401672
7	1	0.93284702301
8	1	6.66365909576
7	1	6.67658996582
7	0	1.03952598572
7	1	1.26623988152
8	1	7.30266094208
7	0	0.786114931107
8	1	6.94315290451
8	1	5.82370781898
7	1	1.14619088173
8	1	6.58366203308
7	1	0.972949028015
7	1	0.759402036667
7	1	0.706729888916
8	1	1.14612793922
8	1	1.26598906517
8	1	1.15938901901
7	1	1.50601100922
8	1	7.51623988152
7	1	0.692848920822
8	1	3.17181897163
8	1	2.86511492729
8	1	7.2097761631
7	0	0.812849998474
7	1	0.772770881653
7	1	1.5462179184
7	1	1.46618294716
4	1	3.0383310318
4	1	0.652791976929
4	1	1.58566212654
4	1	3.03850317001
4	1	4.09132885933
4	1	7.00973892212
4	1	1.30616211891
4	1	4.5979578495
4	0	1.19958209991
4	1	8.36940002441
4	1	1.9724111557
4	0	3.45187187195
4	1	2.2124068737
4	1	5.10411906242
4	1	1.45285916328
4	1	9.31546807289
4	1	1.15941286087
4	1	1.3323931694
4	1	2.89193296432
4	1	1.61252093315
4	1	0.826620101929
4	1	4.07792711258
4	1	0.946403026581
4	1	1.39957284927
4	1	0.626402854919
4	1	3.95809292793
4	1	0.733108997345
4	1	1.25281500816
4	0	0.613087892532
4	1	0.720020055771
4	1	0.986185073853
4	1	1.01288604736
4	1	1.06616902351
4	1	2.02561116219
4	1	1.0394089222
4	1	1.25253105164
4	1	2.09229707718
4	1	0.892771959305
4	1	0.959464073181
4	0	0.6266310215
4	1	2.51904582977
4	1	3.21187281609
4	0	0.666670084
4	1	1.03949594498
4	1	1.01288223267
4	1	1.46624612808
4	1	1.01280117035
4	1	3.518034935
4	1	1.86566591263
4	1	0.799612998962
4	0	0.692836046219
4	1	0.719466924667
4	1	0.799601078033
4	1	0.812862157822
4	1	3.35842990875
4	1	4.29146003723
4	1	2.77202415466
4	1	1.86571884155
4	1	0.906163930893
4	1	1.78568696976
4	0	3.42475199699
4	1	0.692796945572
4	1	0.879464149475
4	0	0.986134052277
4	1	1.65230083466
4	0	1.22584295273
4	1	1.11946988106
4	1	1.55944299698
4	1	1.77259993553
4	1	1.01282811165
4	1	2.99853610992
4	1	0.692790031433
4	1	1.51905989647
3	1	0.986192941666
3	1	0.759511947632
3	1	2.8651509285
3	1	1.23901987076
3	1	1.07946205139
3	1	2.62566995621
3	1	1.22606182098
3	1	0.879595994949
3	1	0.82611489296
3	1	0.879524946213
3	1	4.1446249485
3	1	1.11908602715
3	0	5.25087809563
3	1	1.06614089012
3	1	0.799448013306
3	0	1.14614105225
3	1	0.919507026672
3	1	1.23944783211
3	1	1.3326921463
3	1	2.7985470295
3	1	1.17287302017
3	1	1.45240521431
3	1	1.01287508011
3	1	0.852853059769
3	1	0.959568977356
3	0	1.13279080391
3	1	0.866077899933
3	1	0.853043079376
3	1	1.41280388832
3	1	0.852822065353
3	1	0.906133890152
3	1	1.37285614014
3	1	1.21292114258
3	1	1.75899600983
3	1	0.733295917511
3	1	0.99945306778
3	1	1.62566590309
3	1	3.89143180847
3	1	1.83900308609
3	1	0.9194688797
3	1	1.46611404419
3	0	0.90634894371
3	1	0.892865896225
3	1	0.812791109085
3	1	0.773056030273
3	1	0.946231842041
3	1	1.02608108521
3	1	0.799530029297
3	1	0.692898035049
3	1	0.706365823746
3	1	0.573308944702
3	1	0.879539012909
3	1	0.719511985779
3	1	0.759539842606
3	1	0.786614894867
3	1	0.626233100891
3	0	0.666110992432
3	1	1.85225486755
3	1	0.879636049271
3	1	1.21288394928
3	1	2.70566606522
3	1	1.14616799355
3	1	1.43944811821
3	1	4.45138192177
3	1	0.71990609169
3	1	2.21233510971
3	1	1.23910999298
3	1	0.839557886124
3	1	1.89265394211
3	1	1.38614416122
3	1	0.759526968002
3	1	1.66563510895
3	1	3.19828510284
3	1	2.07899284363
3	1	1.05282688141
3	1	1.23941111565
3	1	1.53276801109
3	1	1.25293111801
3	1	0.9195728302
3	1	1.26618289948
3	1	6.35702705383
3	1	1.18615198135
3	1	0.79957485199
3	1	1.02606987953
3	1	0.959547996521
3	1	2.57234716415
3	1	0.759485006332
3	0	0.959465026855
3	1	0.813290834427
3	1	0.812794208527
3	1	0.852835178375
3	1	1.41286993027
3	1	0.626410961151
3	1	1.29279708862
3	1	0.612794160843
3	1	1.812748909
3	1	0.719452142715
3	0	0.679477930069
3	1	0.746119976044
3	0	4.6113049984
3	0	0.799873113632
3	1	0.932875871658
3	1	1.06600499153
1	1	4.42419910431
1	0	1.30618691444
1	1	1.45280003548
1	1	1.30618000031
1	1	0.613296985626
1	1	2.09233999252
1	1	1.13227581978
1	0	0.732708930969
1	1	0.57275891304
1	1	1.70565199852
1	1	3.53180599213
1	1	0.666639089584
1	1	1.17281317711
1	1	0.559705972672
1	0	8.78265595436
1	1	0.839502096176
1	1	0.746172189713
1	1	0.626271009445
1	1	0.573360919952
1	1	0.546579122543
1	1	1.02621102333
1	1	0.50612783432
1	1	0.532765865326
1	1	1.07950305939
1	1	0.386726856232
1	1	1.35947418213
1	1	0.746747970581
1	1	0.53319811821
1	1	0.759536027908
1	1	1.09286999702
1	1	0.732995033264
1	1	0.679570913315
1	1	0.879550933838
1	0	1.79946088791
1	1	0.586359977722
1	0	0.639454126358
1	1	0.839594125748
1	1	0.506438016891
1	1	0.893290042877
1	0	0.692860841751
1	1	0.759526968002
1	1	1.02618193626
1	1	0.972826957703
1	1	0.719541072845
1	1	0.906329870224
1	1	0.772948980331
1	1	0.706244945526
1	1	0.719918012619
1	0	0.86607503891
1	1	0.719435930252
1	1	0.626187086105
1	1	0.706407785416
1	1	0.640077114105
1	1	1.17282485962
1	1	0.786465883255
1	1	0.560028076172
1	1	0.852724075317
1	1	1.46559095383
1	1	2.62526106834
1	0	0.506112098694
1	1	1.1192150116
1	1	0.826170921326
1	1	1.15932297707
1	1	0.972884893417
1	1	0.999465942383
1	1	0.666229009628
1	1	2.09233283997
1	1	0.839472055435
1	1	0.746108055115
1	1	0.652892827988
1	1	0.773196935654
1	1	0.786112070084
1	1	0.866109132767
1	1	0.759660959244
1	0	0.986109972
1	1	0.772815942764
1	1	1.25258994102
1	1	0.95952796936
1	1	0.573286056519
1	1	2.17227387428
1	1	2.38539099693
1	1	0.786168813705
1	1	0.666651964188
1	0	0.573268890381
1	0	0.639501810074
1	1	0.866189002991
1	1	0.919560194016
1	1	0.719452142715
1	1	0.87949514389
1	1	1.19917702675
1	0	4.13144302368
1	1	0.679669141769
1	1	0.626231908798
1	1	0.706241846085
1	1	0.71949505806
1	1	0.706732034683
1	1	0.719679832458
1	1	0.932885885239
1	1	0.866343975067
1	1	0.586558103561
1	0	2.02575397491
1	1	0.812975168228
1	1	1.99898099899
1	1	0.786141872406
1	1	0.70666885376
1	1	1.51953887939
1	1	0.693028926849
1	1	1.17290186882
1	1	2.15898513794
1	1	0.772862911224
1	1	0.87957906723
1	1	3.29178404808
1	1	0.732854127884
1	1	1.23958802223
2	1	4.82417321205
2	1	1.35898804665
2	1	0.812825918198
2	1	0.613227844238
2	1	1.1461520195
2	1	1.0128068924
2	1	0.999529838562
2	0	1.94557094574
2	1	0.959433078766
2	1	1.4257581234
2	1	1.17286610603
2	1	0.799518108368
2	1	2.18560791016
2	1	0.999579906464
2	1	1.01285600662
2	1	1.37280297279
2	1	1.69280695915
2	1	1.41287517548
2	1	0.90624499321
2	1	2.02564001083
2	1	1.37283492088
2	1	2.06571507454
2	1	0.932767868042
2	1	1.18610620499
2	1	1.83900213242
2	1	1.6262140274
2	1	1.02607107162
2	1	1.10575199127
2	1	0.652900934219
2	1	1.97236704826
2	1	0.946072816849
2	1	0.906168222427
2	0	2.33231115341
2	1	0.826246976852
2	1	5.70411610603
2	1	1.01275801659
2	1	1.11908984184
2	1	3.34519219398
2	1	1.58580112457
2	1	1.34615802765
2	1	1.62579798698
2	0	2.19901204109
2	0	2.17238903046
2	1	2.42515492439
2	1	1.47896003723
2	1	1.49235892296
2	1	2.41193699837
2	1	0.93283200264
2	0	3.70511603355
2	1	0.986086130142
2	1	0.839552879333
2	1	1.35956907272
2	1	1.86606788635
2	0	1.71897220612
2	1	1.0528960228
2	1	0.82611489296
2	1	7.95603394508
2	1	1.0929210186
2	1	2.33222389221
2	1	1.03953099251
2	1	1.43946814537
2	1	1.35921216011
2	1	0.839504957199
2	1	0.879456043243
2	1	9.30220603943
2	1	1.59923100471
2	1	1.93230700493
2	1	1.83906912804
2	1	2.86510300636
2	1	1.23950004578
2	0	2.11908793449
2	1	1.54626178741
2	1	1.37280511856
2	1	0.839713096619
2	1	0.7195789814
2	1	0.812729120255
2	1	1.13252401352
2	1	2.79857301712
2	1	2.55846095085
2	1	2.51852416992
2	1	1.29211497307
2	1	1.09281516075
2	1	1.02619600296
2	0	0.63957285881
2	1	1.43927502632
2	0	3.71806406975
2	1	1.74620509148
2	0	9.63504099846
2	1	0.95957493782
2	0	0.839900016785
8	1	1.43903493881
8	1	1.09286618233
7	1	1.43953084946
7	1	0.946248054504
7	1	0.61287689209
8	1	2.33182001114
7	1	4.02475905418
8	0	0.719605922699
8	1	0.746209859848
8	0	0.63945889473
8	1	0.892938137054
7	1	1.74565386772
8	1	0.679571866989
7	1	0.786251068115
7	0	0.853254079819
7	1	1.85233783722
8	1	2.15901398659
7	1	4.33144378662
7	1	0.719603061676
7	1	3.34520077705
8	1	0.86620593071
8	1	1.50558400154
7	1	1.27899003029
7	1	1.22612214088
8	1	0.879415035248
8	1	2.05235791206
7	1	0.639975070953
8	1	0.772849082947
7	1	0.652951002121
8	1	1.41235518456
7	1	1.26589012146
7	0	1.67900300026
7	1	0.652796983719
8	1	0.626196861267
7	1	1.51919603348
8	1	1.41277194023
7	1	0.852870941162
8	1	1.07956695557
7	1	0.799497127533
7	0	2.2122759819
7	1	0.906114816666
7	1	1.54626703262
8	1	1.22617006302
8	1	3.27851510048
7	0	0.692917823792
8	1	1.10619115829
8	0	0.879459142685
8	1	3.42522501945
7	1	4.27791213989
8	0	0.866184949875
7	1	1.02614998817
7	1	0.852837085724
7	0	3.26522016525
7	1	1.17256498337
7	1	0.892918109894
8	1	0.786218166351
7	1	0.693260908127
7	1	0.626144170761
7	1	0.599545001984
7	1	0.652765035629
8	1	1.47895789146
7	1	1.25240421295
7	1	3.47803997993
8	0	1.59899878502
8	1	3.07840394974
7	0	1.89247703552
7	0	0.666125059128
8	1	1.0128030777
7	1	0.559991121292
8	1	0.786221981049
7	1	1.43898916245
7	0	0.812926054001
8	1	1.27918791771
7	1	1.05281710625
7	1	1.6261639595
8	1	1.17290496826
7	1	0.906226873398
8	1	1.14614510536
8	1	0.706731796265
7	1	1.58595395088
7	1	0.906056165695
7	1	1.34571409225
8	0	1.02618408203
7	1	2.03904914856
7	1	1.21240997314
8	1	0.57296705246
8	0	1.94573998451
8	1	0.8265209198
8	1	1.82580208778
8	0	0.786092996597
7	1	1.43960499763
8	1	0.946341991425
7	1	1.09279298782
8	1	0.999534845352
8	0	2.42534899712
7	1	1.25288009644
7	0	0.812841176987
7	1	0.879490852356
8	1	0.879752874374
8	1	0.919548988342
8	0	1.55900907516
8	0	1.02622818947
7	1	0.919471025467
7	0	3.58470010757
6	1	2.18577694893
6	0	0.826197147369
5	0	0.946171998978
5	1	0.853111028671
6	1	0.746211051941
5	1	1.3324508667
5	1	0.772881031036
5	1	1.03946805
6	0	1.2662820816
5	1	0.640038967133
6	1	0.706202030182
6	1	0.932881116867
6	1	0.999433040619
6	1	1.25282287598
5	1	1.612855196
5	1	0.786209821701
5	1	2.37191390991
5	1	1.13292217255
6	1	2.34574484825
5	1	1.30612611771
6	0	1.38572502136
5	0	1.06620407104
6	1	0.812810897827
5	1	2.79848909378
5	1	0.999516963959
6	1	0.906233787537
6	1	2.25185990334
5	1	0.73290014267
6	1	1.51908302307
5	1	1.25233912468
6	0	1.45238900185
6	1	0.946147918701
5	1	3.39850211143
6	1	0.91975402832
6	1	0.70617890358
6	1	0.906130075455
6	1	1.39927697182
6	1	0.74617099762
6	0	0.959585905075
5	1	0.986166954041
6	1	0.94607591629
6	1	1.4790019989
5	1	1.01281309128
5	1	0.733364105225
5	0	2.77180504799
6	1	1.06613302231
6	1	0.9594810009
6	1	0.546049118042
6	1	1.94577813148
5	1	0.839730024338
5	1	0.972854852676
5	1	1.18588209152
5	1	0.866202831268
6	1	0.640029191971
6	1	0.69336605072
6	1	2.11901712418
5	1	1.17274093628
6	1	1.3457660675
6	1	1.75897502899
6	1	1.49236702919
6	1	0.866192102432
5	1	1.53286314011
6	1	1.31943202019
6	0	0.919794082642
6	1	1.02607989311
5	1	1.90604281425
5	1	1.09278702736
5	1	6.58361196518
5	1	0.693395853043
6	1	0.999511003494
5	1	1.01288890839
6	0	1.21290683746
5	1	1.03950881958
5	1	0.759517192841
6	1	2.17179298401
6	1	0.706174135208
5	1	0.812846899033
6	1	0.813321113586
6	1	1.93240809441
5	1	2.07898402214
5	1	0.879518985748
5	1	1.39895892143
5	1	0.97287106514
5	1	0.786332845688
5	1	2.45214390755
6	1	0.9194688797
6	1	2.14527392387
5	1	1.17291903496
6	1	0.999460935593
5	0	2.13233780861
5	1	1.34625506401
5	1	1.35948896408
5	1	2.2657148838
6	1	0.946231126785
6	1	1.54616093636
5	1	0.666253089905
5	1	1.01279306412
6	0	1.77288389206
5	1	0.772934913635
5	1	1.11952090263
6	1	1.45280194283
5	1	1.55954289436
5	1	1.01275801659
6	1	1.01289892197
5	1	1.27952599525
5	1	1.7861521244
6	0	1.39960002899
6	1	0.626654863358
6	0	0.772803068161
6	1	0.759470939636
6	1	0.772850036621
5	1	0.759819984436
6	1	0.932773113251
6	0	0.87944984436
6	1	0.772826910019
6	1	1.69232487679
6	0	0.812772989273
5	0	0.919653177261
5	1	0.706149101257
5	1	0.772719860077
6	1	0.826436042786
6	1	2.89187908173
5	1	1.09278607368
6	1	0.839440822601
5	1	2.7051949501
6	1	0.892879962921
6	1	1.19950485229
5	1	0.866565942764
5	1	0.86616897583
5	0	0.772905111313
5	1	1.02614212036
6	0	1.19944095612
5	1	0.906196117401
6	1	1.23949408531
5	1	1.59902596474
6	1	3.03846907616
6	1	2.07903718948
6	1	1.25291800499
6	1	1.71902298927
6	0	0.892801046371
5	0	3.38521504402
6	0	0.892980098724
5	1	0.719527959824
6	1	0.65275812149
5	0	1.2524960041
5	1	0.946141004562
6	1	0.73303604126
5	1	0.746567964554
6	0	0.919564008713
6	1	1.57229590416
5	1	0.786373853683
6	1	1.586165905
5	1	1.10614299774
6	1	0.81310915947
6	1	0.653346061707
6	1	2.54541802406
5	1	0.626209020615
5	0	2.25232982635
5	0	1.51956510544
5	1	1.57263302803
6	1	0.559517145157
6	1	0.559499025345
6	1	0.826274871826
5	1	1.34584379196
6	1	1.22570014
6	1	2.55847501755
6	1	1.22619390488
5	1	0.892822027206
5	1	1.39904904366
5	0	3.46461296082
6	0	1.31949400902
6	1	0.59957909584
5	1	0.67942905426
5	1	1.02620005608
6	0	0.946202039719
5	1	0.826160907745
6	1	0.879904031754
6	1	1.77223491669
5	1	2.11892008781
5	1	1.19955897331
6	1	1.25280499458
5	0	3.71802282333
5	1	1.23956203461
6	1	1.14614295959
5	1	1.27946209908
6	1	2.15902495384
5	1	1.57229685783
5	1	0.639693021774
5	0	1.10613179207
5	0	1.74577903748
5	0	1.02615785599
5	0	0.679510116577
5	0	0.866257190704
5	1	0.879806995392
5	1	0.599530935287
6	1	0.972836971283
6	0	0.879953861237
6	0	0.772835969925
6	1	1.7189848423
6	1	0.719645023346
6	1	0.892822980881
6	1	0.86611700058
6	1	0.999512910843
5	1	0.719441890717
6	1	0.786051034927
6	1	0.826461791992
5	1	1.94568300247
5	0	0.759469985962
5	1	0.599978923798
6	1	0.932883024216
6	1	1.03955316544
8	1	1.34564185143
7	1	0.692883014679
8	1	0.693104982376
7	1	0.613392829895
7	0	0.440087080002
8	1	0.826310157776
8	1	1.77243685722
8	1	0.53290104866
8	1	1.09252882004
7	0	0.639461040497
7	1	0.772828817368
8	0	1.06585812569
8	1	0.69294500351
8	1	0.759469985962
7	1	0.493046998978
7	1	1.26585388184
8	1	0.732886075974
7	1	1.0127248764
7	1	1.31952500343
8	1	0.69297504425
7	1	0.826179027557
8	1	1.99902009964
7	1	0.772870063782
7	1	1.17285394669
8	1	1.13284993172
7	0	0.693009853363
7	0	1.10623311996
8	1	0.492873907089
7	1	0.506163835526
8	1	0.799433946609
8	1	0.946141004562
7	1	0.639504909515
8	1	1.23939990997
7	1	1.6923930645
7	1	1.01285099983
7	1	0.986145019531
8	1	0.666249990463
8	1	0.799511909485
8	0	2.42568302155
8	1	0.626606941223
7	0	0.892885923386
8	1	0.706304073334
8	0	0.519417047501
8	1	0.666207075119
7	1	1.07944989204
8	1	0.786285877228
7	1	1.225730896
8	1	0.879528045654
7	1	0.693347930908
7	1	1.19948601723
7	1	1.82575511932
7	1	1.27952218056
8	1	0.733345985413
7	1	2.0656671524
8	1	1.11918711662
7	0	1.37284183502
8	1	0.892825126648
8	1	0.639523029327
7	1	1.79897093773
7	0	0.959482908249
7	1	0.559612035751
8	0	0.599473953247
7	1	1.35905408859
8	1	0.879519939423
8	1	1.27948498726
7	1	1.70560908318
8	1	2.49235296249
7	1	2.079007864
7	1	1.18621587753
8	1	0.719534873962
8	1	0.559524059296
8	1	0.679487943649
7	1	0.959602117538
7	1	0.626490116119
7	1	1.49254608154
8	1	0.692701101303
7	1	1.23952007294
8	1	1.66564416885
7	1	2.31899690628
8	1	1.61243605614
7	0	2.17232108116
7	0	0.906235933304
7	1	0.972826004028
8	1	0.71998000145
7	1	0.599942922592
8	1	1.53262996674
7	0	0.892830133438
8	1	1.21232199669
7	1	2.78512001038
7	1	0.612899065018
8	1	1.06615400314
8	1	2.58519101143
8	1	1.18613195419
8	1	0.666125059128
7	1	1.74564695358
8	1	1.75900793076
7	0	1.37282991409
7	1	1.09254217148
7	1	0.826126098633
8	1	0.626228809357
8	1	0.719881057739
7	1	1.77245688438
7	1	1.27952694893
7	0	0.866143941879
8	1	0.892862081528
8	0	0.893172025681
7	1	0.786133050919
7	1	0.666221857071
7	1	0.999534845352
8	1	0.866153001785
8	1	1.06609010696
7	1	0.69287610054
8	1	0.746160030365
8	0	2.11872315407
7	1	0.772832155228
8	0	0.679507017136
1	1	2.91842699051
1	1	0.693036079407
1	1	0.906111001968
1	1	0.959424972534
1	1	0.772801876068
1	1	0.892899036407
1	1	0.679996013641
1	1	0.746312856674
1	0	0.77284693718
1	0	1.31898498535
1	1	1.01278591156
1	1	0.760014057159
1	1	1.17282295227
1	1	0.666700839996
1	1	1.33275389671
1	1	0.826612949371
1	1	1.14628481865
1	1	1.22606897354
1	1	0.826123952866
1	1	1.33284187317
1	1	0.773066043854
1	1	1.25279998779
1	1	1.3461689949
1	1	1.69237780571
1	1	0.600080966949
1	1	0.719903945923
1	1	1.29271006584
1	1	0.666603088379
1	1	0.972842931747
1	1	1.1591091156
1	1	0.186635971069
1	1	1.23950910568
1	1	1.3059129715
1	1	0.906235933304
1	1	1.10626006126
1	1	0.892761945724
1	1	0.626544952393
1	1	1.29283595085
1	0	0.679993152618
1	1	0.653046131134
1	1	1.10612893105
1	1	0.733347892761
1	1	1.0394320488
1	1	1.45230293274
1	1	0.452796936035
1	1	0.986210107803
1	1	0.786162853241
1	1	1.51897001266
1	0	0.559494972229
1	1	0.839610099792
1	1	0.893398046494
1	1	0.759502887726
1	1	0.959421873093
1	1	0.719982862473
1	1	1.90567612648
1	1	2.57180500031
1	0	2.13190484047
1	1	1.21283483505
1	1	0.586683034897
1	1	6.31708812714
1	1	0.759939908981
1	1	0.746122121811
1	1	0.866110086441
1	1	0.813337802887
1	0	1.22625303268
1	1	0.932927131653
1	1	0.63952589035
1	1	0.759485006332
1	1	0.906287908554
1	1	2.93181014061
1	0	1.23900508881
1	1	1.51900982857
1	1	0.706129074097
1	1	1.69225502014
1	1	0.799888134003
1	1	1.78562402725
1	1	0.946141958237
1	1	0.67996096611
1	1	1.10608196259
1	1	1.13250684738
1	1	1.55899596214
1	1	1.50558614731
1	1	0.852872848511
1	1	2.7585709095
1	0	1.9456679821
1	0	0.69291305542
1	1	0.572870969772
1	1	0.87961602211
1	1	0.719413995743
1	1	0.519580841064
1	1	1.05285811424
1	1	1.17286992073
1	1	0.599474191666
1	1	0.746187210083
1	1	1.51944303513
1	1	1.17282295227
1	1	1.4922709465
1	1	1.22558689117
1	1	0.919501066208
1	1	0.62660908699
1	1	2.23900794983
1	1	1.26564908028
1	1	0.8662109375
1	1	0.706671953201
1	1	0.999551057816
1	1	0.706125974655
1	1	0.706451892853
1	0	0.999533891678
1	1	0.639476060867
1	1	0.919554948807
1	1	2.57238483429
1	1	1.29276704788
1	1	1.66614818573
4	1	2.34558391571
4	1	1.57282590866
4	1	1.47954177856
4	1	0.866214990616
4	1	1.18620800972
4	1	0.773048877716
4	1	0.586220979691
4	1	0.58614897728
4	1	1.21285390854
4	1	1.99900698662
4	1	0.852755069733
4	0	0.639948129654
4	1	1.15948414803
4	1	0.559937953949
4	1	0.813059091568
4	1	1.79905891418
4	1	3.5980219841
4	1	0.786234855652
4	1	0.932903051376
4	1	2.07898712158
4	1	1.06622099876
4	1	0.666152000427
4	1	0.639636993408
4	1	1.23946404457
4	1	2.98524999619
4	1	0.906086921692
4	1	3.71799588203
4	1	2.30549097061
4	1	2.35853481293
4	1	0.799443006516
4	1	0.693053007126
4	1	0.972833871841
4	1	0.706287145615
4	1	0.599497079849
4	1	0.839781045914
4	1	0.866213083267
4	0	0.75958108902
4	0	0.639703989029
4	1	1.31948113441
4	1	0.732897996902
4	1	0.626722097397
4	1	0.586689949036
4	1	1.81238698959
4	1	1.25251698494
4	1	0.652741909027
4	1	0.986149072647
4	1	0.626711130142
4	1	0.986177921295
4	1	1.46562600136
4	1	1.45233392715
4	1	2.91851210594
4	1	1.19949817657
4	1	0.999407052994
4	0	0.826182126999
4	1	1.39903402328
4	0	0.892865896225
4	1	1.19931507111
4	1	0.852796077728
4	1	0.932998895645
4	1	1.01284098625
4	1	0.946305990219
4	0	1.03951001167
4	1	1.18595409393
4	1	1.09283804893
4	1	1.01284790039
4	1	1.15925598145
4	1	0.812792062759
4	1	1.38554406166
4	1	0.932884931564
4	1	3.90479278564
4	1	1.07943296432
4	0	1.03945994377
4	1	2.38521385193
4	1	1.09272909164
4	1	0.680092096329
4	0	1.78556108475
4	0	1.01287508011
4	1	0.759949922562
4	1	0.732853889465
4	1	0.746166944504
4	1	0.612914085388
4	1	0.533396959305
4	1	1.21285891533
4	0	2.05228900909
4	1	0.906154870987
4	1	1.03954100609
4	1	0.906214952469
4	0	0.866166114807
4	1	2.78559303284
4	1	0.786175012589
4	1	2.17238402367
4	1	0.759518861771
4	0	1.31928706169
4	1	1.01282596588
4	0	0.89324092865
4	1	1.89232683182
4	1	0.572816133499
4	1	0.746048927307
4	1	0.879592895508
4	1	0.959558963776
4	1	0.733195066452
4	1	0.892888069153
4	0	1.439027071
4	1	1.01280903816
4	1	0.759999990463
4	1	0.83948302269
4	0	1.37238907814
4	1	1.69237017632
4	1	1.26566100121
4	1	0.626130104065
4	1	0.959501981735
3	1	1.9590780735
3	1	0.719980955124
3	1	0.719543933868
3	1	0.852921962738
3	1	0.71951508522
3	1	0.559952020645
3	1	0.786360025406
3	1	1.58569097519
3	1	0.906103849411
3	1	0.773139953613
3	1	0.866139173508
3	1	0.772788047791
3	1	1.21247506142
3	1	0.786206007004
3	1	1.15916991234
3	1	1.31947302818
3	1	1.02604293823
3	1	1.1325969696
3	1	0.599575042725
3	0	0.959558010101
3	1	0.799720048904
3	1	1.29274296761
3	1	0.839478969574
3	1	0.86612701416
3	1	0.853296995163
3	1	0.892921924591
3	1	1.05287909508
3	1	0.892764091492
3	1	0.892786026001
3	1	0.77330493927
3	1	0.892838001251
3	1	1.01277804375
3	0	0.652993917465
3	1	1.49247598648
3	1	1.27949714661
3	0	0.919497966766
3	1	1.27912783623
3	1	0.732841014862
3	1	1.3723359108
3	1	0.86616396904
3	1	1.87936401367
3	1	0.986204862595
3	1	1.19908094406
3	1	0.932816028595
3	1	1.19933795929
3	1	1.02612018585
3	1	2.4923388958
3	0	0.759612083435
3	0	0.400048017502
3	1	0.586297988892
3	1	0.599509000778
3	1	1.51893782616
3	1	0.772881984711
3	1	1.07922291756
3	1	1.1327881813
3	1	1.53274202347
3	1	1.092867136
3	0	1.02612996101
3	1	0.626616954803
3	1	0.559564113617
3	1	1.15945792198
3	0	0.73319196701
3	1	0.786154985428
3	1	0.532826185226
3	1	0.879492044449
3	1	3.1851041317
3	1	1.2789068222
3	0	0.786114931107
3	1	1.07912302017
3	1	2.10555696487
3	1	1.1195371151
3	1	1.02617692947
3	1	0.812834978104
3	1	0.679445028305
3	1	1.78567004204
3	0	2.03896903992
3	1	0.599534034729
3	0	0.679451942444
3	0	1.15912389755
3	1	1.11954307556
3	1	1.7990128994
3	1	0.559499979019
3	1	0.599463939667
3	1	0.652843952179
3	1	0.586228847504
3	1	0.97293305397
3	1	1.66573905945
3	1	0.879498004913
3	1	0.906512022018
3	1	0.839477062225
3	0	2.17220211029
3	1	0.94616484642
3	1	0.719585895538
3	1	0.706702947617
3	1	0.93278503418
3	1	0.91942691803
3	0	0.906181812286
3	0	0.919493913651
3	1	1.02609705925
3	1	0.599425077438
3	1	1.29268908501
3	1	1.99903106689
3	1	1.41269397736
3	1	0.653002977371
3	0	1.31949090958
3	1	0.772802114487
3	1	1.3194770813
3	1	0.586475849152
3	1	0.733342170715
3	1	0.812754154205
3	1	2.09231114388
3	1	0.679984807968
3	1	0.732799053192
3	1	1.55897593498
3	1	0.732882976532
3	0	5.03737306595
7	1	0.946350097656
7	1	0.67970085144
7	1	0.506438970566
8	1	0.601531028748
7	1	0.866418838501
8	1	0.559761047363
8	1	0.399898052216
7	1	0.719768047333
8	1	0.41312789917
7	1	0.519832134247
8	1	0.788461923599
7	1	0.535051107407
8	1	0.895276069641
8	1	0.481566905975
7	1	0.63986992836
7	1	0.79979300499
7	1	1.49280810356
7	1	1.1996319294
8	1	0.573086977005
7	1	0.55978178978
7	1	0.561519861221
7	1	1.9592769146
7	1	4.18520903587
7	0	1.82788610458
7	1	0.999603033066
7	1	0.799747943878
7	0	1.41282010078
8	1	0.51989197731
8	1	0.946278095245
8	0	0.599893808365
7	1	0.95961689949
8	0	1.47946095467
7	1	0.839811086655
8	1	2.06582903862
7	0	1.54612588882
8	1	0.799797058105
7	1	0.813021183014
7	1	1.33287000656
7	1	0.574909925461
8	1	0.479871034622
8	1	1.97271895409
8	1	1.10624313354
8	1	4.2669479847
7	1	0.639871835709
8	1	0.586503982544
8	1	0.521633148193
8	1	0.493165969849
7	1	0.546598911285
7	1	0.388202905655
7	0	0.479764938354
8	1	0.49315905571
8	0	0.519920110703
7	0	0.586577892303
8	1	1.06630706787
7	1	1.41291117668
7	1	0.533156871796
7	1	1.91938781738
7	1	0.519795894623
8	1	2.77235412598
8	1	0.559788942337
7	1	0.719789981842
7	1	0.50664806366
8	1	1.50785803795
7	1	0.533120155334
7	1	1.46615600586
7	1	1.10796380043
8	1	0.559762001038
7	1	1.79941105843
7	1	0.508187055588
7	1	1.1729118824
7	1	0.559823036194
7	1	0.439852952957
8	1	0.493109941483
7	1	0.54647898674
7	1	1.53283596039
8	1	0.561623096466
8	1	1.64116191864
7	1	1.51948404312
7	1	1.75938081741
8	0	0.799685955048
8	1	1.33291101456
7	1	0.986354827881
7	1	1.1062412262
7	1	0.519891023636
8	1	0.533053159714
8	1	0.586482048035
8	1	0.748301029205
7	1	0.839816808701
7	1	0.61320400238
8	1	1.97271299362
7	1	0.559809207916
8	1	0.586452007294
8	0	0.426532030106
8	1	0.533253908157
8	1	0.615134954453
8	0	0.734791040421
8	1	0.946347951889
7	1	1.53278398514
8	1	0.733070135117
7	1	0.519823074341
8	1	0.948138952255
7	1	0.813042879105
8	1	1.09296703339
8	1	0.826380968094
7	1	1.93264889717
8	1	0.73307800293
8	1	0.479841947556
7	1	0.799711227417
7	1	0.866337060928
8	1	0.493149995804
7	1	1.22628593445
7	1	0.586541175842
7	1	0.414877891541
7	0	0.519729852676
7	1	0.55989408493
7	1	3.77200698853
8	1	0.639834165573
7	1	0.506501913071
7	1	0.506511926651
8	1	0.813045024872
8	0	0.839776992798
6	1	0.773123025894
5	1	0.479850053787
5	1	0.466432094574
6	1	0.799683094025
5	1	0.533050060272
6	1	0.679677009583
6	1	0.626415967941
5	1	0.479860067368
5	1	0.666435003281
6	1	0.839694976807
5	1	1.57466888428
5	1	0.919651985168
5	1	0.786463975906
6	1	0.91967010498
5	1	0.813130140305
6	1	0.853152036667
6	1	0.98632311821
6	1	0.679744958878
5	1	0.933048009872
5	1	0.679701089859
5	1	0.972951173782
6	1	2.41258120537
6	0	1.13292598724
6	1	0.813097000122
6	1	0.759732961655
5	1	2.35921406746
5	1	1.53282213211
6	1	1.07954597473
6	1	2.95899581909
6	1	1.2528591156
5	1	2.0126888752
6	1	2.03928089142
5	1	3.26557683945
5	1	0.746458053589
5	1	2.38577985764
6	1	0.75977396965
5	1	0.693121910095
5	1	0.894621133804
5	1	0.786397218704
6	1	0.506483078003
6	1	0.413326025009
5	1	0.39989900589
6	1	1.03957986832
5	1	0.506525039673
6	0	0.694856882095
5	1	0.879750967026
6	0	0.559808015823
6	1	0.439900875092
6	1	0.506566047668
5	1	1.01296186447
5	1	0.439778089523
5	1	0.479804992676
6	1	0.453106880188
5	1	1.26628994942
6	1	0.506494998932
5	1	1.77269887924
6	1	0.973074913025
5	1	0.747992038727
6	1	0.599766969681
6	0	0.479807138443
5	1	0.428272008896
6	1	0.506479024887
6	0	0.826457977295
6	1	0.55982708931
6	1	0.453189849854
6	1	0.919605016708
5	1	0.599827051163
6	1	0.5598051548
6	1	0.799757957458
5	1	0.974908828735
6	1	0.775060892105
5	0	0.906284093857
6	1	1.02628993988
6	1	0.559844970703
5	0	2.27923512459
6	1	0.508253097534
6	1	0.359968900681
6	1	0.426547050476
5	1	0.439918041229
5	0	0.455143928528
5	1	1.30615496635
5	1	0.413182020187
5	1	0.428232908249
5	1	0.399880886078
6	0	3.09387397766
6	0	0.479776144028
5	1	0.999694108963
6	1	0.468735933304
6	1	0.506428003311
5	1	1.03967690468
6	1	0.706465005875
5	0	1.41279911995
6	1	0.573119878769
6	1	0.799742937088
5	1	1.17293214798
6	1	0.746447086334
6	1	0.519839048386
6	1	0.839663982391
5	1	0.772975921631
6	1	0.546540975571
5	1	1.55952811241
6	0	1.63944721222
6	1	0.934698104858
6	0	0.666502952576
5	1	1.67943692207
5	1	0.706406831741
5	1	1.10628008842
6	1	1.39953303337
6	1	0.85303902626
6	1	1.01299381256
5	1	0.759840965271
6	0	0.894690036774
6	1	0.746436834335
6	1	0.788135051727
6	1	0.866296052933
5	1	0.533136129379
5	1	0.479806900024
6	1	0.506435155869
6	1	0.533211946487
5	0	0.519827127457
6	1	0.77303814888
6	1	0.668354034424
6	1	0.839658975601
5	1	0.734905004501
7	1	0.693114995956
7	1	1.15956902504
7	0	0.759798049927
7	1	0.693120002747
7	1	0.85301399231
7	1	0.719783067703
8	1	0.772983074188
7	1	2.05267500877
8	1	1.47945690155
8	1	0.599786996841
8	1	1.58782696724
7	1	0.639715909958
8	1	1.39953899384
8	1	0.799731016159
7	1	1.39948987961
8	1	1.62608981133
8	1	1.09299778938
7	0	1.2396030426
7	1	0.666431903839
8	1	0.493158102036
8	1	0.679826021194
7	1	0.734815835953
7	1	0.493067026138
7	1	1.39952301979
7	1	0.546429157257
7	1	0.826313018799
7	1	0.573225975037
8	1	0.866381883621
7	1	2.01262903214
7	0	0.746371984482
8	1	0.734847068787
7	1	0.613229990005
7	1	0.83972120285
7	1	1.05291390419
7	1	0.919662952423
7	1	0.693191051483
7	1	1.15968799591
8	1	0.933115959167
7	1	1.15966916084
8	1	0.533143997192
8	1	0.468164205551
7	1	0.733005046844
8	0	1.32112812996
7	1	0.71969294548
7	1	0.493165016174
7	1	0.933021068573
8	1	1.50612187386
8	1	0.533128023148
8	1	1.35961914062
8	1	1.21290802956
8	0	0.586514949799
7	1	0.599770069122
7	1	0.439877986908
8	1	0.653142929077
7	1	0.47984290123
8	1	0.559885025024
8	1	0.46644282341
7	1	0.588199853897
7	1	0.453124046326
8	1	0.626488924026
7	1	0.746344089508
8	1	0.639814138412
7	1	0.559823036194
7	1	0.599815130234
8	1	1.71947288513
8	1	0.759696006775
7	1	0.799703121185
7	1	0.479921102524
8	1	0.506505966187
8	1	1.49448609352
7	0	1.83940505981
7	0	0.89301609993
8	1	1.63944816589
7	1	0.493088006973
8	1	0.733094930649
7	1	0.534894943237
8	1	0.679735898972
7	1	0.49322104454
8	1	1.5994758606
8	1	0.546511888504
7	1	1.039675951
7	1	0.959628105164
8	1	1.43944501877
8	1	0.959620952606
7	1	1.1213388443
8	1	0.626412153244
7	0	0.946347951889
7	1	0.839691877365
7	1	0.466542005539
7	1	0.546399116516
7	1	0.907989025116
8	1	0.439841032028
7	1	0.413259029388
8	1	0.399924039841
8	1	0.733077049255
8	1	0.493108987808
7	1	0.439828157425
7	1	0.679785013199
8	0	0.506452083588
7	1	0.746439933777
7	0	0.506515026093
7	1	0.533241033554
7	0	0.759773015976
8	1	0.653162956238
8	0	0.573189973831
7	1	1.15962195396
8	0	0.733052968979
7	1	0.708256959915
8	1	0.534878015518
8	0	0.759734869003
8	1	0.893048048019
8	1	2.07927799225
7	1	0.614825963974
8	1	0.854794025421
7	1	1.39942908287
7	1	0.894881010056
7	1	0.839689016342
7	1	0.759696960449
7	1	2.05259990692
8	1	0.868364095688
8	0	0.881477832794
8	1	0.586548089981
7	1	0.773092031479
7	1	0.493157863617
7	1	0.533085107803
7	0	0.519891023636
8	1	0.986346960068
6	1	1.43949818611
6	1	0.733073949814
5	1	0.826455116272
5	1	0.799767971039
6	1	0.6797311306
6	1	0.546522855759
6	0	0.761377096176
6	0	0.506579875946
5	1	0.58650803566
6	1	0.546426773071
6	1	0.493092060089
5	1	0.546479225159
5	1	0.773041963577
5	1	0.972983121872
6	1	0.55989408493
6	1	0.786457061768
5	1	1.16128015518
6	1	0.599810123444
5	0	0.814833879471
5	1	1.05470705032
6	1	0.746468067169
6	1	0.546470165253
5	1	0.613059997559
6	1	0.946384191513
5	1	0.853096961975
6	1	0.813028812408
5	1	1.65271806717
5	1	0.892981052399
6	1	0.613151073456
5	1	0.733055114746
5	1	0.641633987427
5	0	0.719753980637
6	1	1.14623093605
5	0	0.799726009369
6	1	0.733069896698
6	1	0.58648109436
6	1	1.47959709167
5	1	0.826322078705
6	1	0.773072004318
5	1	0.719766139984
5	1	0.706399917603
6	1	0.986242055893
5	1	0.548166036606
6	1	0.533227920532
5	1	0.559767961502
5	1	1.03966999054
5	1	0.933022975922
6	0	0.919620037079
6	1	0.613085985184
6	1	0.746433019638
5	1	0.799689054489
6	1	0.893107891083
5	1	0.599765062332
6	1	0.772976160049
6	1	0.679697990417
6	1	0.613218069077
5	0	0.826395988464
5	1	1.20126891136
6	1	0.494882106781
6	1	1.35952496529
5	1	0.813076972961
5	1	0.559689998627
5	1	0.493147850037
5	1	0.533174991608
6	1	1.53470110893
6	1	0.534921884537
6	1	0.679766893387
5	1	0.986279964447
5	1	3.02567100525
5	1	1.21293902397
6	1	0.546509027481
6	1	0.533149957657
5	1	0.493184804916
5	1	0.853049039841
6	1	1.17291688919
5	1	0.999565124512
5	1	0.786381006241
6	1	0.706372022629
5	1	0.548201799393
5	1	0.533190965652
5	1	0.573037862778
6	1	0.75979590416
5	1	0.559731960297
5	1	0.719823122025
6	1	0.679764986038
5	1	0.533149003983
6	1	0.681499004364
6	1	0.746397972107
6	1	0.706468105316
5	1	0.519904136658
6	1	0.906407117844
5	1	0.919684886932
5	1	0.866420984268
6	1	2.58580780029
6	1	0.773104906082
6	1	0.719691991806
5	1	1.0263800621
6	0	0.799754858017
6	1	0.466500043869
6	1	0.439826011658
6	0	0.82639503479
6	1	1.3462061882
5	1	1.13284993172
5	1	1.07958579063
5	1	1.11966991425
6	1	0.494869947433
6	1	0.533143997192
5	1	0.866325855255
6	1	1.10630083084
5	1	1.02628493309
6	1	1.06631088257
6	1	1.35955500603
6	1	0.94637799263
6	1	1.14629292488
6	1	0.773056030273
6	1	0.628233909607
5	1	0.666414022446
6	1	0.428241968155
5	1	0.66637301445
6	1	0.719669103622
5	1	0.706359863281
6	0	0.773110866547
6	1	1.59951615334
6	1	0.827975034714
5	1	0.919751167297
6	1	0.653102874756
5	1	0.533107995987
6	1	0.653095960617
3	1	0.666540145874
3	1	0.519824981689
3	1	1.22624206543
3	1	0.693103075027
3	1	0.533219099045
3	1	1.3062069416
3	1	0.519839048386
3	1	1.13301587105
3	1	0.746412038803
3	1	0.519789934158
3	1	1.22617292404
3	1	0.653146982193
3	1	0.493205070496
3	1	1.21289515495
3	1	0.506453037262
3	1	1.72110891342
3	1	0.866427183151
3	0	0.573157072067
3	1	1.05301499367
3	1	0.613103866577
3	1	0.494952917099
3	1	1.4395198822
3	1	1.29289793968
3	1	0.479869127274
3	1	0.773083925247
3	1	0.719745874405
3	1	0.413274049759
3	1	0.546468019485
3	1	0.679814100266
3	1	0.786453962326
3	1	0.402122974396
3	1	0.559813976288
3	1	0.453163146973
3	1	0.653078079224
3	1	0.559862136841
3	1	0.799820184708
3	1	0.573175907135
3	1	0.508344888687
3	1	0.479919910431
3	1	0.586437940598
3	1	0.506459236145
3	1	1.58609580994
3	1	1.42611980438
3	1	0.506447076797
3	1	0.826385974884
3	1	0.519826173782
3	1	0.466500043869
3	1	1.10799884796
3	1	0.506474018097
3	1	0.508161067963
3	1	0.906401157379
3	1	1.9459810257
3	1	1.6144490242
3	1	1.14637207985
3	1	0.599853038788
3	1	0.481547832489
3	0	0.773076057434
3	1	0.519747972488
3	1	0.894733905792
3	1	0.546442985535
3	0	0.559783935547
3	0	0.546494007111
3	1	1.03965783119
3	1	0.933027982712
3	1	0.453172922134
3	1	0.853011846542
3	1	0.693114042282
3	0	0.586353063583
3	1	0.693029880524
3	1	1.73273992538
3	1	1.39952588081
3	1	0.546462059021
3	1	0.78640294075
3	1	0.866361141205
3	1	0.653056144714
3	1	0.599780082703
3	1	0.428605794907
3	1	0.906312942505
3	1	0.5598320961
3	1	1.03966593742
3	1	0.573098897934
3	1	1.11958909035
3	1	0.933018922806
3	1	0.613108873367
3	1	0.519846916199
3	1	0.533169984818
3	1	0.666524171829
3	1	0.626529932022
3	1	0.813052892685
3	1	0.506529092789
3	1	0.5464220047
3	1	0.479885101318
3	1	0.453200817108
3	1	0.439877033234
3	0	0.466492176056
3	1	0.49312710762
3	1	0.399806022644
3	1	0.733146905899
3	1	0.493113040924
3	1	0.653156042099
3	1	0.666435003281
3	1	0.613029003143
3	1	0.773087024689
3	1	0.426530122757
3	1	0.599701166153
3	1	1.35959601402
3	1	0.653127908707
3	1	0.428202867508
3	0	0.799644947052
3	0	0.719784021378
3	1	0.519824028015
3	0	0.746417045593
3	1	0.519730091095
3	1	0.588294029236
3	1	0.813072919846
3	1	2.50572514534
3	1	0.668391942978
3	1	0.399873971939
3	0	0.574836015701
3	0	0.479825019836
3	1	0.719805002213
3	1	0.946259975433
3	1	0.599754095078
3	1	0.533233880997
3	1	0.559775829315
3	1	0.639742851257
3	1	0.733072042465
3	1	1.3728787899
3	1	1.11955404282
3	1	0.599771976471
3	1	0.56152009964
3	1	0.479961872101
3	1	0.599818944931
4	1	0.706430912018
4	1	1.87927699089
4	1	0.719774961472
4	0	0.626518011093
4	1	0.813104867935
4	1	0.65305018425
4	1	0.466532945633
4	1	0.559824943542
4	1	0.70645904541
4	1	0.653100013733
4	1	0.54655790329
4	1	0.733098983765
4	1	1.07964801788
4	1	0.852962970734
4	1	0.759799003601
4	1	0.626456022263
4	1	1.23951506615
4	1	0.453285217285
4	1	0.77307510376
4	1	0.454843044281
4	1	0.933010816574
4	0	0.73305606842
4	1	0.746387004852
4	1	1.10823106766
4	1	1.41282701492
4	1	0.559887886047
4	0	0.959635019302
4	1	0.639757156372
4	0	0.506453990936
4	1	0.719732999802
4	1	0.453153133392
4	1	0.773113012314
4	1	1.06628489494
4	1	0.519775152206
4	1	0.519767045975
4	1	2.19914793968
4	1	0.799644947052
4	1	0.46648311615
4	1	0.893038988113
4	1	0.666379928589
4	1	0.586529016495
4	1	0.559875965118
4	1	0.893047094345
4	1	0.826435089111
4	1	0.573192119598
4	1	1.67939305305
4	1	1.15958786011
4	1	0.694747924805
4	1	0.479893922806
4	1	0.559871196747
4	1	0.453210830688
4	1	0.987986087799
4	1	0.479754924774
4	1	0.506501913071
4	0	0.481472969055
4	0	0.839700937271
4	1	0.639803886414
4	1	0.948044061661
4	1	0.799747943878
4	1	1.7060739994
4	1	1.40120601654
4	1	0.706433057785
4	1	0.799772977829
4	1	1.62614893913
4	1	0.959640026093
4	0	0.748198032379
4	0	0.719808101654
4	1	0.759700059891
4	1	0.508152961731
4	1	0.679786920547
4	1	0.493082046509
4	1	0.519817113876
4	1	0.626488924026
4	1	0.666345834732
4	1	0.813006162643
4	1	0.559813022614
4	1	2.55911517143
4	0	0.586450815201
4	1	0.533213853836
4	1	0.73307800293
4	1	2.19928908348
4	1	0.733039855957
4	1	0.614927053452
4	1	1.25290608406
4	1	0.906396865845
4	1	0.82814002037
4	1	0.799685955048
4	1	0.586508989334
4	1	0.693047046661
4	1	0.479819059372
4	1	0.759733200073
4	1	0.773046016693
4	1	0.946396112442
4	1	0.506456851959
4	1	0.519701957703
4	1	0.50848197937
4	1	0.666420936584
4	1	1.35945796967
4	1	1.34616088867
4	1	0.666359186172
4	1	0.759743928909
4	1	0.559770107269
4	1	0.786361932755
4	1	0.932941913605
4	1	1.44124102592
4	0	0.893122911453
4	1	0.559828996658
4	1	0.733131885529
4	1	0.719776153564
4	1	0.533098220825
4	1	0.694935083389
4	0	0.934631109238
4	1	1.1197040081
4	1	0.799787044525
4	1	1.09291982651
4	0	3.27875494957
4	1	0.893042802811
4	0	1.25287604332
4	1	1.13461685181
4	1	0.506503105164
4	1	1.18833899498
4	1	1.03971910477
4	1	0.773130893707
4	1	0.654842853546
4	1	2.71906995773
4	1	0.706432104111
2	1	0.706409931183
2	0	0.932958841324
2	0	1.33283996582
2	1	1.25456881523
2	1	0.574822187424
2	1	0.866377830505
2	0	0.773064136505
2	1	0.719642162323
2	1	0.786355018616
2	1	0.759814023972
2	1	0.799684047699
2	1	6.54617118835
2	1	0.879718780518
2	1	3.62530493736
2	1	1.18631410599
2	1	0.639761924744
2	1	1.46610617638
2	0	2.18579483032
2	0	0.679816961288
2	1	0.479806900024
2	1	0.586390018463
2	1	0.839684009552
2	1	1.87935996056
2	1	1.00143480301
2	1	0.839667081833
2	1	1.55945682526
2	1	0.799748182297
2	1	1.06628799438
2	1	5.15815091133
2	1	0.773077964783
2	1	0.814640045166
2	1	2.9589869976
2	1	0.559903144836
2	1	1.59948897362
2	1	1.1996691227
2	1	0.681622028351
2	1	1.06632995605
2	1	0.666362047195
2	1	0.693103075027
2	1	0.919706106186
2	1	0.506508827209
2	1	0.759743928909
2	1	1.01295900345
2	1	0.559762954712
2	1	0.626537084579
2	1	0.799732923508
2	1	0.613125085831
2	1	0.893105983734
2	1	1.20142388344
2	1	0.746376991272
2	0	1.65284180641
2	1	3.66533899307
2	0	0.706353187561
2	1	0.932983875275
2	1	0.746333122253
2	0	1.08134198189
2	1	0.506563186646
2	1	0.799776077271
2	0	0.666465997696
2	0	0.54856300354
2	0	0.759654045105
2	1	1.02637195587
2	0	0.706403970718
2	1	0.59988117218
2	1	1.70793199539
2	1	0.639873981476
2	1	0.679748058319
2	1	0.706485033035
2	1	0.559796094894
2	1	1.01297712326
2	1	0.746402978897
2	1	0.546422958374
2	1	0.559776067734
2	1	0.599874973297
2	1	1.8260011673
2	1	1.59945011139
2	1	0.906315088272
2	1	0.615180969238
2	1	0.746458768845
2	1	0.906309127808
2	1	0.653172969818
2	1	0.879659891129
2	1	0.519788980484
2	1	0.826372861862
2	1	0.799710988998
2	1	0.959682941437
2	1	1.23949408531
2	0	0.90802693367
2	1	0.599737882614
2	1	1.45288491249
2	1	0.574824094772
2	1	0.934651851654
2	1	0.613109827042
2	0	0.866323947906
2	1	0.453191995621
2	1	0.53319811821
2	1	1.1729528904
2	0	0.679691076279
2	1	1.0262389183
2	0	0.839854955673
2	0	0.85306596756
2	1	0.906325101852
2	1	0.533095121384
2	1	0.599797964096
2	1	0.866380214691
2	1	0.559825897217
2	1	0.733016967773
2	1	1.01293492317
2	1	0.58642411232
2	0	1.60113406181
2	1	0.719753026962
2	0	0.519824981689
2	1	1.15962600708
2	0	0.559880971909
2	1	0.959754943848
2	1	2.31921696663
2	1	0.719810962677
2	1	0.62827205658
1	1	0.626425981522
1	1	1.119587183
1	0	0.69308590889
1	1	0.706413984299
1	1	1.98596692085
1	0	4.13190507889
1	0	0.866420030594
1	1	0.506573915482
1	0	0.773125886917
1	1	0.506445884705
1	1	0.946349859238
1	1	0.679728984833
1	1	1.54620194435
1	1	0.546449899673
1	1	3.22549104691
1	1	0.799736976624
1	1	0.839686155319
1	1	0.719799995422
1	1	0.679774999619
1	1	0.759742021561
1	1	0.614765882492
1	1	1.33295917511
1	1	0.746405124664
1	0	1.19957089424
1	1	0.479771137238
1	1	0.761490106583
1	1	1.7059879303
1	0	1.01298499107
1	1	0.919679164886
1	1	0.641571998596
1	1	0.426494121552
1	1	0.453167200089
1	1	0.813103914261
1	1	0.51984500885
1	1	0.45322394371
1	1	0.559751033783
1	1	0.826362133026
1	1	0.693149089813
1	1	0.759749889374
1	1	1.11968588829
1	1	0.613075971603
1	1	0.559749126434
1	1	0.841481208801
1	1	0.719799995422
1	1	1.10629200935
1	1	0.721898794174
1	1	0.679780006409
1	1	0.812988996506
1	1	1.06628513336
1	1	0.986268043518
1	1	0.479776144028
1	1	0.573083877563
1	1	0.879691839218
1	1	1.30624890327
1	1	0.679782152176
1	1	0.679799079895
1	1	1.306235075
1	1	0.454931974411
1	1	0.906481981277
1	1	1.09296584129
1	1	1.62613892555
1	1	0.613183021545
1	1	0.70635008812
1	1	0.546514034271
1	0	0.826355934143
1	1	0.91966509819
1	1	0.761424064636
1	1	0.839770078659
1	1	0.934583902359
1	1	0.626330137253
1	1	1.39952898026
1	0	2.14594101906
1	1	4.45178818703
1	1	0.839725971222
1	0	0.813092947006
1	1	1.21291017532
1	1	0.613088130951
1	1	1.97263813019
1	1	0.78642821312
1	1	0.879617929459
1	1	0.479835987091
1	1	1.06623697281
1	1	0.946310997009
1	1	0.466556072235
1	1	0.788204908371
1	1	0.746313810349
1	1	0.919752120972
1	1	0.986316204071
1	1	0.746515035629
1	1	0.746323108673
1	1	0.548143148422
1	1	0.466507911682
1	1	0.773044109344
1	1	0.839696884155
1	1	0.466509819031
1	0	0.653023958206
1	1	0.639796972275
1	1	1.31944012642
1	1	0.493148803711
1	1	0.468183994293
1	0	1.82610702515
1	1	0.546455144882
1	1	0.894687891006
1	1	1.43955898285
1	1	1.63942098618
1	1	1.10631299019
1	0	0.759786128998
1	1	1.1347489357
1	1	0.466578960419
1	1	0.879637002945
1	0	0.813069105148
1	1	0.586374044418
1	1	0.746443986893
1	1	2.90558004379
1	1	0.46853017807
1	1	0.559828996658
1	1	0.694735050201
1	1	0.679750919342
1	0	0.733100891113
1	0	1.05292797089
1	1	0.932980060577
