6	1	1.63934588432
5	1	0.892996072769
5	1	1.55952501297
6	1	0.85310792923
6	1	4.37352395058
5	1	1.11966204643
5	1	3.51874709129
5	1	3.67865610123
6	1	4.25349521637
5	1	2.95903086662
5	1	4.29185199738
5	1	1.87936997414
6	1	1.70614695549
5	1	0.826339006424
5	1	2.3058681488
5	1	1.66608405113
6	1	3.73205399513
6	1	4.19862103462
6	0	3.95865297318
5	1	2.1858689785
5	1	3.71869206429
6	0	2.10592293739
5	0	2.1193189621
5	1	1.01295113564
6	1	0.759706020355
5	0	0.933098077774
6	1	0.879697084427
6	0	1.50790214539
6	1	1.87927913666
5	0	2.51907396317
6	1	1.74611997604
6	0	2.04094481468
6	1	3.25219607353
6	0	0.879668951035
6	0	1.98599505424
5	1	0.613185882568
5	1	1.43946504593
5	1	2.9456808567
5	1	0.852988958359
5	1	0.919703006744
5	0	0.706338882446
5	1	0.732990980148
5	1	1.41290307045
6	1	1.22792696953
5	1	1.49278306961
6	1	0.852942943573
6	1	0.841418027878
6	1	0.934700965881
6	0	0.90634894371
6	1	1.10639595985
5	1	1.11962795258
6	1	1.46621584892
5	1	0.719661951065
6	1	0.826428890228
5	1	0.666464090347
5	1	0.559867143631
5	0	0.45322394371
6	0	0.733089923859
5	1	0.8930580616
5	1	0.654866933823
6	1	1.22626900673
6	1	0.98627114296
6	1	1.45281386375
6	1	1.02629613876
6	1	0.799715995789
6	1	0.586469888687
5	1	0.639878034592
5	1	0.948045969009
5	0	0.959669113159
6	0	1.61450695992
6	1	1.15957212448
5	0	0.773077011108
6	1	1.87939405441
6	1	0.719825983047
6	1	0.826414108276
6	1	0.626394987106
5	1	0.853014945984
6	1	0.706485033035
5	1	1.89264297485
6	1	0.626459121704
5	1	1.05295085907
5	1	0.599785089493
6	1	0.973062038422
5	1	0.628216028214
6	1	1.2946138382
6	1	1.26624393463
6	1	0.706432104111
5	1	0.772972106934
5	1	3.06560707092
5	1	0.879652023315
5	1	0.666520118713
5	1	1.22625494003
6	1	0.841454029083
5	1	0.653069972992
6	0	0.946354150772
6	0	1.02798318863
5	1	1.3595468998
5	1	0.999672889709
6	1	1.18621301651
6	1	0.786401033401
6	1	1.33290314674
6	1	0.879742145538
5	1	0.641456842422
5	1	1.78601789474
6	1	0.706396102905
6	1	0.666465044022
5	1	1.29281401634
6	1	0.639818906784
6	1	0.521414041519
5	1	0.546480178833
6	1	0.573159217834
5	1	0.653110980988
6	1	0.559820175171
6	1	0.453248977661
5	1	0.519848108292
6	1	0.559808015823
5	1	0.999599933624
5	1	0.506486177444
6	1	0.693078994751
5	0	0.586494922638
6	1	0.479830026627
6	1	0.506551980972
6	1	0.519805908203
6	1	0.533097982407
6	1	0.613132953644
6	1	0.494981050491
6	1	0.654854059219
6	0	0.599770069122
5	1	0.559799909592
5	1	0.519768953323
6	1	0.599814891815
5	1	0.601493835449
6	1	0.679856061935
5	1	0.813108921051
6	1	0.959619998932
6	1	0.599792003632
5	1	0.706386089325
6	1	0.493108987808
5	1	0.759757041931
6	1	0.66818189621
5	1	0.719721078873
5	1	0.533196926117
5	1	0.706396818161
5	1	0.586492061615
5	1	0.586421012878
6	1	0.386453866959
5	1	0.43986082077
5	1	0.306510925293
6	1	0.45315694809
5	1	0.279941797256
6	1	0.533175945282
5	1	0.506471157074
5	1	0.599792003632
6	1	0.466434001923
5	1	0.54644203186
6	1	0.319923877716
6	1	0.508180141449
5	1	0.519818067551
5	1	0.719676017761
5	1	0.413097858429
6	1	0.426529884338
6	1	1.31953597069
5	1	0.426436901093
6	1	0.533147096634
6	1	0.573134183884
6	1	0.546452045441
5	1	0.534729957581
6	1	0.879679918289
5	1	0.519832849503
5	1	0.653188943863
6	1	0.479825973511
5	1	0.93302321434
6	1	0.533092975616
5	1	0.466480970383
5	1	0.493133068085
6	1	0.58641910553
6	1	0.588047981262
5	1	0.826334953308
6	1	0.773097991943
6	1	0.533087968826
6	1	0.546463012695
6	1	0.866488218307
5	1	0.573136091232
5	1	0.533197879791
5	1	0.586473226547
6	1	0.55980181694
5	1	0.613085985184
6	1	0.519901037216
6	1	0.494895935059
5	1	0.466623067856
5	1	0.479903936386
6	1	0.49320101738
6	1	0.653121948242
5	0	0.426536083221
6	1	0.599771976471
6	1	0.586488008499
5	1	0.653034925461
6	1	0.519811868668
5	1	0.786382913589
6	1	0.521476984024
5	1	0.654881000519
6	1	1.0528948307
5	1	0.586480855942
6	1	0.773058891296
5	1	0.773042917252
6	1	0.55975985527
6	1	0.468145132065
6	1	0.506506919861
6	1	1.13289380074
6	0	1.01304984093
6	1	0.839719057083
6	1	0.668160200119
5	1	1.86601185799
5	1	0.906365156174
5	1	0.814767122269
6	1	0.706382036209
6	1	1.3594520092
6	1	1.4395198822
5	1	0.879684925079
6	1	0.773123979568
5	1	0.679836034775
5	1	0.639732837677
5	1	0.666378974915
6	1	0.77477312088
5	1	0.639778852463
5	1	0.719671964645
5	1	0.879758119583
6	1	0.866358041763
6	1	0.786327123642
5	1	0.679800033569
5	1	0.654847145081
6	1	0.599883079529
6	1	0.506426095963
6	1	0.839702129364
5	1	0.746490001678
6	1	0.628279924393
5	1	0.559710025787
6	1	0.546425104141
6	1	0.599696874619
2	1	1.62610220909
2	1	0.773031949997
2	1	0.533120155334
2	1	0.561528921127
2	1	0.533205032349
2	1	0.786376953125
2	1	0.559895038605
2	1	0.639813899994
2	0	0.706419944763
2	0	1.01293683052
2	1	1.15960407257
2	1	1.30622291565
2	1	0.892997026443
2	0	1.45286202431
2	1	1.7993581295
2	1	2.17262411118
2	1	1.47950291634
2	0	2.07921385765
2	1	1.9459939003
2	1	0.76155591011
2	1	0.932960033417
2	1	0.906287908554
2	1	0.668177127838
2	1	0.626425981522
2	1	1.05300807953
2	1	0.613126039505
2	1	1.43944597244
2	1	0.588185787201
2	1	0.959624052048
2	1	0.826354980469
2	0	0.786360025406
2	1	1.14814305305
2	1	1.21297693253
2	0	1.06627511978
2	1	1.29292392731
2	1	1.07962703705
2	0	2.18587613106
2	1	0.852993965149
2	1	0.986334085464
2	1	2.65234613419
2	1	1.45471787453
2	1	1.30617904663
2	0	0.826429128647
2	1	0.919778823853
2	1	0.586446046829
2	0	0.626466989517
2	1	1.59937596321
2	1	0.921444892883
2	1	1.1329870224
2	1	0.666507005692
2	1	0.799678087234
2	1	1.38620710373
2	1	1.5595240593
2	1	0.613050937653
2	1	0.679832935333
2	1	0.639873981476
2	1	0.906290054321
2	1	0.57491517067
2	1	0.975294828415
2	1	0.626545906067
2	1	0.468182086945
2	1	0.559875011444
2	0	0.573163986206
2	1	0.51989197731
2	1	0.653105974197
2	1	0.679749011993
2	1	0.95960187912
2	1	0.613200902939
2	1	0.601539850235
2	1	0.546473026276
2	1	0.626545906067
2	1	0.573210000992
2	1	0.626345872879
2	1	0.506510019302
2	1	0.613101959229
2	1	0.573104143143
2	1	0.653051137924
2	1	0.573075056076
2	1	0.721524953842
2	1	0.57320189476
2	1	0.506557941437
2	1	0.986399888992
2	1	1.17298603058
2	1	0.761535167694
2	1	0.639838933945
2	1	0.946277856827
2	1	0.506410121918
2	1	0.613183021545
2	1	0.666427135468
2	1	1.06631803513
2	1	0.613067865372
2	1	0.599725961685
2	1	0.559810161591
2	1	0.453147888184
2	1	0.506447076797
2	1	0.559778928757
2	0	0.546522140503
2	0	4.75835299492
2	1	1.62623786926
2	1	0.733104228973
2	0	3.70715308189
2	0	2.46578907967
2	0	4.19853878021
2	0	1.29290699959
2	1	0.853004932404
2	1	1.67938303947
2	1	0.748126029968
2	0	1.11962199211
2	1	0.693073034286
2	1	0.61314201355
2	1	0.773063898087
2	1	1.14628410339
2	1	0.70650100708
2	1	0.679743051529
2	1	1.05299782753
2	1	0.959704875946
2	1	0.788138866425
2	1	1.06625795364
2	1	0.853012084961
7	1	0.639800071716
7	1	0.813009977341
8	1	1.1730029583
7	1	0.626445055008
8	1	0.599769830704
8	1	0.613076925278
7	1	0.706497907639
8	1	0.613118886948
7	1	0.59977889061
7	1	0.533185005188
7	1	0.53320813179
7	1	0.759692907333
8	1	0.573091983795
7	1	0.493151903152
7	1	0.493163824081
8	1	0.466560125351
8	1	0.493165016174
7	1	0.786442041397
8	1	0.533136129379
7	1	0.639824867249
7	1	0.533205986023
7	1	0.613064050674
8	1	0.546484947205
8	1	0.546472072601
8	1	0.51981306076
8	1	0.733122110367
7	1	0.666442155838
8	1	0.494867801666
8	1	0.759706020355
8	1	0.533164024353
7	1	0.639667034149
8	1	0.519814968109
8	1	0.773104190826
8	1	0.493130922318
8	1	0.559816837311
8	1	0.519951105118
8	1	0.493133068085
7	1	0.546573877335
8	1	1.37293696404
7	1	0.679687023163
8	1	0.773082971573
7	1	0.773085832596
7	1	1.27952098846
7	1	0.866378068924
7	1	0.639794111252
7	1	1.05294394493
8	1	0.999672889709
8	1	0.613124847412
7	0	1.26630115509
7	1	1.04143500328
8	0	1.11963319778
8	1	1.59943509102
7	1	0.839668989182
7	1	0.546492099762
8	1	0.959676980972
7	0	1.11968588829
8	1	0.746493816376
7	1	1.03964495659
8	1	0.639804840088
8	1	0.573144197464
7	1	0.548266887665
7	1	1.67944788933
8	1	1.21295404434
8	1	1.05473184586
7	1	1.4794678688
8	1	1.21291303635
7	1	0.839657068253
7	1	1.03965497017
8	1	1.01296615601
7	1	0.6930809021
7	1	0.813025951385
7	1	1.35953998566
7	1	0.799735069275
8	0	1.09297204018
7	0	1.14795613289
8	1	0.893124818802
8	1	0.586512088776
8	1	0.879745960236
8	1	0.613094091415
8	1	0.772974014282
8	0	1.26789903641
7	0	4.82498598099
7	1	2.9989938736
8	1	0.639813184738
8	1	0.893014907837
8	1	0.693148851395
8	1	0.668128013611
8	1	0.733026981354
8	1	0.666487932205
7	1	0.613111019135
8	1	0.533227920532
7	1	0.519776821136
8	1	0.546524047852
7	1	0.574820995331
7	1	0.506530046463
7	1	0.879669904709
8	1	0.906365871429
7	1	0.799734830856
8	1	0.693042993546
8	1	0.906251907349
7	1	0.839711904526
7	1	0.679775953293
7	1	0.853091001511
7	1	0.733092784882
8	1	0.519861221313
7	1	0.548255205154
7	1	0.574867010117
7	1	0.559775114059
7	1	1.17294216156
7	1	0.654873132706
8	1	0.479845046997
8	1	0.879670858383
8	0	2.11934900284
8	1	1.02637982368
7	1	0.719691038132
8	1	0.57318687439
8	1	0.786435127258
7	0	1.61279296875
7	1	1.49284696579
8	1	0.599749088287
7	1	0.586524963379
8	1	0.839641809464
8	1	2.79896306992
7	1	0.601582050323
8	1	0.826334953308
7	1	0.813009023666
4	1	1.82601499557
4	1	0.706432104111
4	0	0.773145198822
4	1	0.586492061615
4	1	0.653115034103
4	1	0.719740152359
4	1	0.986410140991
4	1	0.973059892654
4	1	0.57481098175
4	1	0.493200063705
4	1	0.54642701149
4	1	0.586446046829
4	1	0.57487988472
4	0	0.534946918488
4	0	1.34627008438
4	1	1.13296985626
4	1	0.893033027649
4	1	1.09304094315
4	1	0.906391143799
4	1	0.921449899673
4	1	1.0663189888
4	1	1.34791517258
4	0	2.30580711365
4	1	1.98598909378
4	1	1.39961504936
4	1	1.55948901176
4	0	2.9722661972
4	1	1.65271520615
4	1	1.03957009315
4	1	0.919578075409
4	1	0.813006162643
4	1	1.33287596703
4	1	0.893081903458
4	1	0.799834012985
4	1	0.959668159485
4	1	1.02625989914
4	1	1.57269501686
4	1	1.9327340126
4	0	1.52120089531
4	1	2.60088992119
4	1	1.13461017609
4	0	2.82570505142
4	0	1.02630901337
4	0	1.23964500427
4	1	2.01263618469
4	1	0.892967224121
4	1	1.50614404678
4	1	0.653170108795
4	0	1.31950092316
4	1	0.73308300972
4	1	0.868063926697
4	0	0.879764795303
4	1	1.03965806961
4	1	0.732981920242
4	0	0.91970705986
4	1	0.706403970718
4	1	1.7744910717
4	1	0.986294984818
4	0	1.34788680077
4	1	0.786435842514
4	1	1.2528719902
4	1	0.733150005341
4	1	0.853007078171
4	1	0.893067121506
4	1	0.74637389183
4	1	0.799726009369
4	1	0.639806985855
4	1	1.5327398777
4	1	1.55948996544
4	1	0.639712810516
4	1	0.73304104805
4	1	0.706413984299
4	1	0.626472949982
4	1	0.639842987061
4	1	0.599815130234
4	1	0.613155841827
4	1	0.681519985199
4	1	0.519908189774
4	1	0.69309091568
4	1	1.35950803757
4	1	1.15961909294
4	0	0.933032989502
4	1	1.26791095734
4	1	0.679756164551
4	1	0.719733953476
4	1	1.07960295677
4	1	0.666450977325
4	1	0.574826002121
4	1	1.15965509415
4	1	0.693026065826
4	1	0.946350097656
4	1	0.786375999451
4	1	0.746353149414
4	1	0.666377067566
4	0	0.932918071747
4	1	1.33294606209
4	1	2.19925904274
4	1	0.733060836792
4	1	0.89301609993
4	1	2.19927597046
4	1	0.653084039688
4	1	1.06637692451
4	1	0.799747943878
4	1	1.18624687195
4	1	0.69310092926
4	1	1.45280098915
4	1	1.31953001022
4	1	1.83939409256
4	1	0.826379060745
4	1	1.33461093903
4	1	1.83936905861
4	1	0.639698028564
4	1	0.759726047516
4	1	0.719767093658
4	1	0.759799957275
4	1	1.81258201599
1	1	0.853018045425
1	1	0.5864341259
1	1	0.932965040207
1	1	0.599757909775
1	1	0.506457090378
1	1	0.533201932907
1	1	0.839730978012
1	1	0.519843101501
1	1	0.866283893585
1	1	0.626502037048
1	1	0.559747934341
1	1	0.58645606041
1	1	0.573181867599
1	1	0.973044157028
1	1	0.693112134933
1	1	0.773173809052
1	1	0.933042049408
1	1	0.6531021595
1	1	0.586504936218
1	1	1.0680770874
1	1	1.02633500099
1	1	1.79935908318
1	1	1.23962593079
1	1	0.919634103775
1	1	1.02630186081
1	1	1.27950000763
1	1	1.13298606873
1	1	1.74612689018
1	1	0.653175115585
1	1	0.679774999619
1	1	0.693051815033
1	1	0.893117904663
1	1	1.1329908371
1	1	0.933101892471
1	1	1.39940786362
1	1	0.866378068924
1	1	0.573104858398
1	1	0.533108949661
1	1	0.708071947098
1	1	0.506476163864
1	1	0.906419038773
1	1	1.81442809105
1	1	1.51950907707
1	1	0.733125925064
1	1	0.879668951035
1	1	0.839683055878
1	1	0.706490039825
1	1	1.63943386078
1	1	0.999646902084
1	0	1.07964801788
1	1	0.921403884888
1	1	0.826344013214
1	1	0.54829287529
1	1	0.466489076614
1	1	0.53316617012
1	1	0.428280830383
1	1	0.559866905212
1	1	0.87967300415
1	1	0.613106012344
1	1	0.853020906448
1	1	0.748119115829
1	1	0.799726963043
1	1	0.73476600647
1	1	1.38615703583
1	1	1.29281497002
1	1	0.613116979599
1	1	0.653105020523
1	1	0.799814939499
1	1	1.33287000656
1	1	0.599879026413
1	1	0.773120164871
1	1	0.653182983398
1	1	1.23957896233
1	1	2.25259900093
1	1	1.51949286461
1	1	6.41103696823
1	1	0.973006010056
1	1	1.57448291779
1	1	4.22517609596
1	1	3.79872012138
1	1	0.706380844116
1	1	0.959732055664
1	1	0.613195896149
1	0	0.893088102341
1	1	2.25260710716
1	1	1.02641391754
1	1	0.853050947189
1	0	1.0262670517
1	1	0.561543941498
1	1	0.626425981522
1	1	0.50644993782
1	1	0.666448116302
1	1	0.52148604393
1	1	0.546481847763
1	1	0.626478910446
1	1	0.55969285965
1	1	0.613121986389
1	1	0.479815006256
1	1	0.706456184387
1	1	0.639863967896
1	1	0.719847917557
1	1	0.733069896698
1	1	1.22791814804
1	1	1.48120594025
1	1	0.586467027664
1	1	1.14629101753
1	1	0.654788017273
1	1	0.799802064896
1	1	0.599761009216
1	1	0.893030881882
1	1	0.708158969879
1	1	0.735018968582
1	1	0.679812908173
1	1	1.03960895538
1	1	0.986316919327
1	1	0.63977599144
1	1	0.74644112587
1	1	0.519777059555
1	1	1.35958695412
1	1	0.893121004105
1	1	1.01298904419
3	1	1.23954582214
3	1	0.49312710762
3	1	0.519763946533
3	1	0.733053922653
3	0	0.626514911652
3	1	0.826328039169
3	1	0.746383905411
3	1	0.679714918137
3	1	0.653012990952
3	1	0.799681186676
3	1	0.693130970001
3	1	0.759684085846
3	1	0.773022890091
3	1	0.626447916031
3	1	0.759759187698
3	1	1.02632212639
3	1	0.599822044373
3	1	0.479927062988
3	1	0.959640979767
3	1	0.959604024887
3	1	0.773151874542
3	1	0.679754018784
3	1	0.94637799263
3	1	0.799730062485
3	1	1.09295606613
3	1	1.2529399395
3	1	2.57241606712
3	1	0.799741029739
3	1	0.852973937988
3	0	1.05466508865
3	1	0.466438055038
3	1	0.786391019821
3	1	0.614897966385
3	1	1.25461602211
3	1	0.879642963409
3	1	1.55954003334
3	1	2.01261591911
3	1	0.559742212296
3	1	0.548271894455
3	1	0.6130900383
3	1	1.46614909172
3	1	0.748214006424
3	1	0.706470966339
3	1	0.6798350811
3	1	0.66641497612
3	1	0.599738121033
3	1	0.628055095673
3	1	0.51981306076
3	1	0.573143959045
3	1	0.599812984467
3	1	0.559813022614
3	1	0.586467981339
3	1	1.10627889633
3	1	0.653073072433
3	1	0.839709043503
3	1	0.826408863068
3	1	1.10629487038
3	1	0.693098068237
3	1	0.65308713913
3	1	0.546574115753
3	1	0.62645983696
3	1	0.83971118927
3	1	0.694844961166
3	1	0.679763793945
3	1	0.69301700592
3	1	0.75977396965
3	1	0.826413154602
3	1	0.639825105667
3	1	0.719820976257
3	1	1.37287402153
3	1	0.733099937439
3	1	0.613066911697
3	1	0.574904918671
3	1	0.853037834167
3	1	1.82603192329
3	1	0.626490831375
3	1	1.26627802849
3	1	1.17295002937
3	1	1.30624103546
3	1	0.613102912903
3	1	1.066395998
3	1	0.628161907196
3	1	0.559805870056
3	1	0.733103990555
3	1	0.719702005386
3	1	0.573114871979
3	1	0.879690885544
3	1	1.73267817497
3	1	1.31951403618
3	1	0.653143167496
3	1	0.868037939072
3	0	1.71942901611
3	0	1.87939214706
3	0	0.959624052048
3	1	0.613134145737
3	1	0.453191041946
3	1	0.559787988663
3	1	0.546498060226
3	1	0.614919900894
3	1	0.599817037582
3	1	0.493241071701
3	1	0.85477399826
3	1	0.706455230713
3	1	0.626446008682
3	1	0.599817037582
3	1	0.588167905807
3	1	0.639700889587
3	1	1.55946493149
3	1	0.628118991852
3	1	0.666449069977
3	1	0.548084974289
3	1	0.759793043137
3	1	0.786410093307
3	1	0.813071966171
3	1	0.706379890442
3	1	0.626517057419
3	1	1.25293898582
3	1	0.74645614624
3	1	0.506440877914
3	1	0.519913911819
3	1	0.734758853912
3	1	1.26627707481
3	1	3.59876585007
3	1	0.586423873901
3	1	0.654851198196
3	1	0.546416044235
3	1	0.613065004349
8	1	0.559818029404
8	1	0.519819974899
8	0	0.773040056229
7	1	0.719785928726
8	1	0.972982883453
8	1	0.693057060242
8	1	0.839759111404
8	1	0.533132076263
7	1	0.479823112488
8	1	0.561398983002
7	1	0.494958162308
7	1	0.453206062317
7	1	0.786375045776
8	0	0.533215045929
8	0	1.03958177567
8	1	0.626431941986
8	1	0.519864082336
8	1	0.493147850037
7	1	0.613108158112
7	1	0.494840145111
7	1	0.679797172546
8	1	0.493186950684
8	1	0.986229896545
7	1	0.57312297821
7	1	0.853091001511
8	1	0.599776983261
8	1	0.573153972626
7	1	0.853044986725
7	1	0.719664812088
7	1	0.906350135803
7	1	1.09296584129
8	1	0.734745025635
8	1	1.01477313042
8	1	1.03963899612
8	1	0.66644692421
8	1	0.773026943207
7	1	1.29290103912
8	1	0.559787034988
8	1	0.466507911682
7	1	1.55952382088
8	1	0.853087902069
8	1	0.533139944077
8	1	0.879626989365
7	1	0.546508789062
8	1	0.494928121567
8	1	0.479824066162
7	1	0.786353111267
8	1	0.546499967575
8	0	0.853051185608
7	1	0.586416006088
8	1	2.67911601067
7	1	0.959728002548
8	1	1.02637410164
7	1	0.78631401062
8	0	1.03958916664
8	1	1.29293584824
7	1	1.19960594177
7	1	1.25290894508
8	1	1.23958301544
8	1	0.759809017181
7	1	1.89263701439
8	1	1.53277802467
7	1	1.4679338932
8	1	0.734808921814
8	1	0.786373853683
8	1	0.828163146973
7	1	1.10631513596
7	1	0.546517848969
8	1	0.839658975601
7	1	0.853061914444
8	1	0.639799833298
7	1	0.812981128693
8	1	0.946277141571
7	1	0.906321048737
8	1	0.719764947891
7	1	0.881458044052
8	1	0.559857130051
8	1	0.59981918335
8	1	0.626492023468
8	1	1.11968898773
8	1	0.666455984116
8	0	0.801414966583
8	1	0.573172092438
8	1	0.639854192734
7	1	0.973006010056
7	1	1.25289988518
7	1	1.02639293671
8	1	0.666445970535
8	1	0.63973903656
7	1	1.63942980766
8	1	1.13291096687
8	1	0.599792003632
8	1	0.493139982224
7	1	0.706434965134
8	1	0.773025989532
7	1	0.759748935699
7	1	0.613191127777
8	1	0.519935846329
7	1	0.853013038635
7	1	0.639742851257
8	1	0.573184967041
7	1	1.23956489563
7	1	0.628170013428
8	1	0.719700098038
7	1	0.51987195015
7	1	1.0929248333
8	1	0.748316049576
8	1	0.679790973663
7	1	0.839679956436
7	1	0.533221006393
8	1	0.932921171188
7	1	0.813047885895
7	1	0.67976808548
8	1	0.959703922272
8	1	0.62650680542
8	1	0.519833087921
7	1	1.15959382057
7	1	1.09300589561
8	1	0.653118133545
8	1	0.599807024002
7	1	0.493227005005
8	1	0.599843025208
7	1	0.706505060196
7	1	0.746495962143
8	1	0.639801979065
8	1	0.574805021286
8	1	0.439837932587
8	1	0.399948120117
8	1	0.759668111801
7	1	0.50647187233
5	1	0.866309165955
5	0	1.079611063
5	1	0.546497106552
6	1	0.773132801056
6	1	0.559839010239
6	1	1.13294005394
5	1	2.35920500755
5	1	0.788139104843
5	1	1.15964412689
5	1	0.599833011627
6	1	0.546442985535
6	1	0.479882955551
6	1	0.972972154617
5	1	0.853068828583
5	1	0.534913063049
6	1	0.493191957474
5	1	0.521575927734
6	1	0.533161878586
6	1	1.03968095779
6	1	0.8263630867
6	1	1.20128178596
6	1	0.733095169067
5	1	0.679782867432
6	1	0.734829902649
5	1	0.586479187012
6	1	1.2395939827
5	1	0.801375865936
6	1	0.546483039856
5	1	0.613095998764
6	0	0.813108921051
5	1	2.41246199608
5	1	0.919626951218
5	1	0.588160991669
6	1	0.586511850357
6	1	0.613051176071
5	1	0.508128881454
6	1	0.493224143982
5	1	0.413185119629
5	1	0.493137121201
6	1	0.466523170471
6	1	0.479826211929
5	1	0.893002033234
6	0	0.3865711689
6	1	0.759767055511
5	1	0.479871034622
6	1	0.428204059601
6	1	0.69483590126
5	1	0.479747056961
5	1	1.14616417885
5	1	0.773159980774
5	1	0.466454029083
6	1	0.506589889526
5	1	1.02624487877
6	1	0.666406154633
5	1	1.20123410225
5	1	1.05462193489
6	1	0.626429080963
6	1	0.519888877869
6	1	0.521531820297
5	1	0.866443872452
5	1	0.668111085892
5	1	0.826477050781
5	1	0.666393995285
5	1	0.974735975266
6	1	0.746440172195
5	1	0.733057022095
5	1	0.546561956406
5	1	0.773183107376
5	1	0.573157072067
5	1	0.919742107391
5	1	0.574833154678
6	1	0.786305904388
6	1	0.506445169449
6	1	0.534806013107
5	1	0.559786081314
5	1	0.626502037048
6	1	0.546360969543
5	1	0.54817199707
5	1	0.466539144516
6	1	0.586354970932
5	1	0.919733047485
5	1	0.573158979416
6	1	0.493247032166
5	1	0.534883975983
6	1	0.693096876144
5	1	0.78635597229
5	1	0.706423044205
6	1	1.15961003304
6	1	0.533216953278
5	1	0.586407899857
5	1	0.586457014084
6	1	0.693094015121
5	1	0.87968993187
5	0	1.14632892609
5	1	1.21295809746
5	1	0.546457052231
6	1	0.61319899559
5	1	0.519775152206
5	1	0.693059921265
6	1	0.453253030777
6	1	0.573125123978
6	1	0.599748134613
5	1	0.479871034622
6	1	0.626408815384
5	1	0.466418027878
6	1	0.533077955246
5	0	0.921411037445
6	1	0.866295814514
5	0	1.14633512497
6	1	0.559732913971
6	1	0.799653053284
6	1	1.10627985001
6	1	0.55973482132
6	1	1.23957490921
6	1	1.14622783661
6	1	2.11928606033
5	1	0.919636011124
5	1	0.63982796669
6	1	0.959671020508
5	1	0.946268796921
6	1	2.38753008842
5	1	0.546446084976
5	1	0.986318826675
6	1	1.71940612793
5	1	0.959718942642
5	1	1.94605708122
6	1	1.74604701996
6	1	4.37185287476
7	1	0.773086071014
7	1	0.506457090378
8	1	0.453207015991
7	1	0.386584043503
8	1	0.986294984818
8	1	0.546415090561
8	1	0.493221998215
7	0	0.746381998062
7	1	1.90593791008
8	1	0.573182106018
7	1	0.786339998245
7	1	0.559838056564
7	1	0.59977889061
7	1	0.573202848434
8	1	0.586506128311
7	0	0.74646115303
7	1	0.759742975235
8	1	0.533154010773
8	1	0.508267879486
8	1	0.695017814636
8	1	0.626430988312
8	1	1.89267706871
8	1	0.693121910095
7	1	5.5047750473
7	1	3.74530410767
8	1	0.919692993164
8	1	0.759723186493
8	1	2.21250700951
7	1	2.34584379196
7	1	0.786484003067
7	1	0.639784097672
7	1	0.63970708847
7	1	0.493097066879
8	1	0.586369037628
8	0	0.719746112823
7	1	0.54811000824
7	1	0.733086109161
8	0	0.586421966553
8	1	0.866364002228
8	0	0.679802894592
7	0	0.773018121719
7	1	0.839760065079
8	1	0.733034849167
8	1	1.07963204384
7	1	0.573126077652
8	0	3.41203713417
8	1	0.679754972458
7	1	1.70597910881
8	0	1.34627509117
8	1	0.77309513092
8	1	0.573168992996
7	1	0.559821844101
8	1	0.959642887115
8	1	0.521436929703
8	1	1.37282896042
8	1	1.44116592407
8	1	1.62600803375
7	1	1.34624910355
8	1	1.0396900177
7	1	1.21294879913
7	1	0.839720010757
8	1	0.573204040527
7	1	0.719782829285
8	1	1.34614706039
8	1	0.693166017532
7	1	0.679708003998
8	1	0.559781074524
7	1	0.626491069794
7	1	1.71939396858
8	1	0.559735059738
8	1	0.5064868927
8	1	0.466580152512
8	1	0.813060998917
7	1	0.53310084343
7	0	0.879688978195
7	1	0.533211946487
7	1	0.508196115494
8	1	0.599776983261
7	1	1.05300498009
7	1	1.39953303337
8	1	0.559768915176
7	1	0.893033027649
8	1	0.573204994202
7	1	0.813052892685
7	1	1.63942599297
7	1	0.85303902626
8	1	0.626441955566
8	1	0.573251962662
7	1	0.559824943542
8	1	0.559899091721
7	1	0.679761171341
8	1	0.546452999115
8	1	0.786341905594
8	1	0.506450891495
7	1	0.534810066223
7	1	0.786375999451
7	1	0.893028974533
8	0	0.97300696373
7	1	0.946310043335
8	1	0.746417999268
7	1	1.87939691544
7	1	1.12138080597
8	1	1.30622410774
7	1	2.05270004272
7	1	0.639720201492
8	1	0.639717817307
8	1	0.746352910995
8	1	0.573135137558
8	1	0.613162994385
7	1	1.37285804749
8	1	0.666358947754
7	1	0.693166971207
8	1	0.613168954849
7	1	0.546545028687
8	1	0.639808893204
8	1	0.494884967804
8	1	0.599750995636
8	1	0.493155956268
7	1	0.679758071899
8	1	0.468168973923
8	1	0.506497144699
7	1	0.548148155212
8	1	0.479854106903
8	1	0.868163108826
4	1	0.693109989166
4	1	0.453183889389
4	1	0.559802055359
4	1	0.426640033722
4	1	0.466536998749
4	1	0.453186988831
4	1	0.401650905609
4	0	0.386587142944
4	1	0.466468095779
4	1	0.415004968643
4	0	0.426499128342
4	1	0.826387882233
4	1	0.534918069839
4	1	0.74641084671
4	1	0.506428956985
4	1	0.759656906128
4	1	0.546482801437
4	0	0.746413946152
4	1	0.906322956085
4	1	0.559794902802
4	1	0.559771060944
4	1	0.57312297821
4	1	0.773091077805
4	1	0.508246183395
4	1	0.906337976456
4	1	0.519910097122
4	1	0.52148103714
4	1	0.559848070145
4	1	0.45314002037
4	1	0.919691801071
4	1	0.399811983109
4	1	0.493180036545
4	1	0.879786968231
4	1	0.706483125687
4	1	0.813018083572
4	1	0.439807891846
4	1	0.573189020157
4	1	0.679834127426
4	1	1.17292404175
4	1	0.853012800217
4	1	0.573219060898
4	1	0.9597260952
4	1	0.493102073669
4	1	0.559730052948
4	1	0.613028049469
4	1	0.71972489357
4	1	0.573103904724
4	1	0.773067951202
4	1	1.1197040081
4	1	0.521612882614
4	1	0.866410970688
4	1	0.559807062149
4	1	0.453279972076
4	1	1.22633719444
4	1	0.759731054306
4	1	0.46660399437
4	1	0.972968101501
4	1	0.506503105164
4	1	0.62846493721
4	1	0.546434879303
4	1	0.89298915863
4	1	0.46831202507
4	1	0.519804000854
4	1	0.493153095245
4	1	0.786408901215
4	0	1.02633786201
4	1	0.826461076736
4	1	0.466510057449
4	1	0.508229017258
4	1	0.999588012695
4	1	0.693109035492
4	1	0.493180990219
4	1	0.666444063187
4	1	0.493209123611
4	0	0.679689884186
4	1	0.773069858551
4	1	0.466531038284
4	1	0.666434049606
4	1	0.906365871429
4	1	1.6793680191
4	1	0.613159894943
4	1	0.533139944077
4	1	0.439835786819
4	1	0.453155994415
4	1	0.468200206757
4	1	0.799791097641
4	1	1.29471206665
4	1	0.519841909409
4	1	0.559776067734
4	1	0.559890031815
4	1	1.07969307899
4	1	0.7997610569
4	1	0.494838953018
4	1	1.29452896118
4	1	1.01308512688
4	1	0.786435127258
4	1	0.548048019409
4	1	0.493216991425
4	1	0.933015108109
4	1	0.65317606926
4	1	0.626492977142
4	1	0.719779014587
4	1	0.666475057602
4	1	0.81302189827
4	1	0.573184013367
4	1	0.533197879791
4	1	0.50647687912
4	1	0.852988004684
4	1	1.27954387665
4	1	0.546458959579
4	1	0.999675035477
4	1	0.946271896362
4	1	0.786476135254
4	1	0.519767045975
4	1	0.786280870438
4	1	0.854671001434
4	1	1.39951682091
4	1	0.534730195999
4	1	0.694699048996
4	1	0.839705944061
4	1	1.43949818611
4	1	0.813061952591
4	1	0.573199987411
4	1	0.546495914459
4	1	0.74640917778
4	1	0.493208885193
4	1	1.35948705673
4	1	1.41286087036
4	1	0.559796094894
4	1	0.639813899994
4	1	0.693101882935
4	1	0.493171930313
4	1	0.51978302002
4	1	1.20145201683
4	1	0.519912004471
1	1	0.519857883453
1	1	0.519883871078
1	1	0.494868993759
1	1	0.45320892334
1	1	0.453174114227
1	1	0.58647108078
1	1	0.453165054321
1	1	0.453188896179
1	1	0.49489402771
1	1	0.774732112885
1	1	0.519814014435
1	1	0.746435880661
1	1	0.466464042664
1	1	0.519752979279
1	1	0.439834833145
1	1	0.481511116028
1	1	0.479899168015
1	1	0.86641907692
1	1	0.613096952438
1	1	0.601544141769
1	1	0.559823036194
1	1	0.679697990417
1	1	0.50813794136
1	1	0.573210000992
1	1	0.533190011978
1	1	0.466574907303
1	1	0.506556987762
1	1	0.41326713562
1	1	0.813075065613
1	1	0.479887008667
1	1	0.479815006256
1	1	0.439805984497
1	1	0.53321313858
1	1	0.413182973862
1	1	0.719771146774
1	1	0.453215122223
1	1	0.58641409874
1	1	0.599841117859
1	1	0.506402015686
1	1	0.799667835236
1	1	0.893017053604
1	1	0.479835987091
1	1	0.479922056198
1	1	0.57307600975
1	1	0.613099813461
1	1	0.493052959442
1	1	0.479890108109
1	1	0.533132076263
1	1	0.466440916061
1	1	0.546432971954
1	1	0.708127975464
1	1	0.479829072952
1	1	0.694859027863
1	1	0.559828042984
1	1	0.546558141708
1	1	0.719818115234
1	1	1.41287112236
1	1	0.599849939346
1	1	0.639698028564
1	1	0.866343975067
1	1	0.546432971954
1	1	0.628166913986
1	1	0.759731054306
1	1	0.519737958908
1	1	0.706457853317
1	1	0.559710979462
1	1	0.599861860275
1	1	0.586399078369
1	1	0.493198156357
1	1	0.533161878586
1	1	0.453191995621
1	1	0.813037157059
1	1	0.693114995956
1	1	0.693131923676
1	1	0.693079948425
1	1	0.827999830246
1	1	0.839704990387
1	1	0.493153095245
1	1	1.10626292229
1	1	0.481451034546
1	1	0.546475887299
1	1	0.613151073456
1	1	0.693119049072
1	1	0.692998170853
1	1	0.49475312233
1	1	0.493081092834
1	1	0.546474218369
1	1	0.533135890961
1	1	0.573118925095
1	1	0.493273019791
1	1	0.479876995087
1	1	0.533077001572
1	1	0.586542129517
1	1	0.533115148544
1	1	0.466510057449
1	1	0.479834079742
1	1	1.22614789009
1	1	0.479804992676
1	1	0.453095197678
1	1	0.586399078369
1	1	0.479839086533
1	1	0.5348508358
1	1	0.575176000595
1	1	0.479870080948
1	1	0.772995948792
1	1	0.494824171066
1	1	0.546454906464
1	1	0.586522102356
1	1	0.613148927689
1	1	0.493115901947
1	1	0.466434001923
1	1	0.493105888367
1	1	0.788115978241
1	1	0.506490945816
1	1	0.799815893173
1	1	1.15967702866
1	1	0.479851007462
1	1	0.573133945465
1	1	0.79975605011
1	1	1.03963899612
1	1	0.599732875824
1	1	0.466482877731
1	1	0.868145942688
1	1	0.506464004517
1	1	0.533158063889
1	1	1.06625699997
1	1	0.933090925217
1	1	0.879707098007
1	1	0.613119125366
1	1	1.91926693916
1	1	0.573146820068
1	1	0.533168077469
1	1	0.533131122589
1	1	0.506556034088
1	1	0.453161001205
1	1	1.31960606575
1	1	1.35957598686
1	1	0.479806900024
1	1	0.586457014084
1	1	0.933034896851
3	1	0.519809007645
3	1	0.573163986206
3	1	0.479798078537
3	1	1.05296492577
3	1	0.519865036011
3	1	0.548228979111
3	1	0.599753141403
3	1	0.706385850906
3	1	0.50653886795
3	1	0.559754133224
3	1	0.506482124329
3	1	0.58642411232
3	1	0.586565971375
3	0	0.706431150436
3	1	0.479785919189
3	1	0.479912042618
3	1	0.508324861526
3	1	0.546508073807
3	1	0.493121862411
3	1	0.506500005722
3	1	0.719794988632
3	1	0.453150033951
3	1	0.694674015045
3	1	0.414854049683
3	1	0.533091068268
3	1	0.559736013412
3	1	0.479840040207
3	1	0.479846954346
3	1	0.426541090012
3	1	0.534805059433
3	1	0.573096990585
3	1	0.506445884705
3	1	0.546512842178
3	1	0.533131837845
3	1	0.573163986206
3	1	0.533192873001
3	1	0.573091983795
3	1	0.601619005203
3	1	0.559823989868
3	0	0.799716949463
3	1	2.11924695969
3	1	0.879665136337
3	1	0.706416130066
3	1	0.666412830353
3	1	1.10629606247
3	1	0.533174037933
3	1	0.493139028549
3	1	0.573134899139
3	1	0.533093929291
3	1	0.866320133209
3	1	0.759708166122
3	1	0.479937076569
3	1	0.519865036011
3	1	0.493161916733
3	1	0.586442947388
3	1	0.706483125687
3	1	0.852939128876
3	1	0.533143997192
3	1	0.613076925278
3	1	1.23953604698
3	1	1.2662858963
3	1	0.521620035172
3	1	1.239579916
3	1	0.853070020676
3	1	0.65474486351
3	1	0.719720125198
3	1	0.479919910431
3	1	0.573152065277
3	1	2.43908309937
3	1	1.07965803146
3	1	0.826376914978
3	1	0.493149995804
3	1	0.733132123947
3	1	0.679750919342
3	1	0.586432933807
3	1	0.586440086365
3	1	0.719727039337
3	1	0.521701097488
3	1	0.786410093307
3	1	0.508254051208
3	1	0.773074150085
3	1	0.773051977158
3	1	0.799721002579
3	1	1.54614186287
3	1	0.613177061081
3	1	0.639821052551
3	1	0.46640086174
3	1	0.733138084412
3	1	1.71930217743
3	1	0.948048114777
3	1	0.959682941437
3	1	0.506426095963
3	1	0.959734916687
3	1	0.573122024536
3	1	0.573101997375
3	1	1.56114411354
3	1	0.586470842361
3	1	0.973082065582
3	1	1.41282510757
3	1	0.586427927017
3	1	1.0663049221
3	1	0.788089990616
3	1	0.906334877014
3	1	0.668193101883
3	1	0.67977309227
3	1	0.693121910095
3	1	0.972967147827
3	1	1.71939897537
3	1	0.493190050125
3	1	0.479766130447
3	1	0.519727945328
3	1	1.69268202782
3	1	0.679733991623
3	1	1.09286499023
3	1	0.559727907181
3	1	0.921381950378
3	1	0.853003978729
3	1	0.533206939697
3	1	0.666447877884
3	1	0.908044099808
3	1	0.826326847076
3	1	0.439841985703
3	1	0.721390008926
3	1	0.479818820953
3	1	0.479893922806
3	1	0.519768953323
3	0	1.70598983765
3	1	0.494763851166
3	1	0.759806156158
3	1	0.85302901268
3	1	4.87825489044
5	1	0.626487016678
6	1	0.946404933929
6	1	0.786381006241
5	1	0.466583013535
5	1	0.654974937439
6	0	1.65454101562
6	1	0.51989197731
5	1	0.586571931839
6	0	1.26623988152
5	1	1.8260140419
5	0	0.879763126373
5	1	0.906453132629
6	1	1.11955714226
5	1	0.866391897202
6	1	0.586450099945
6	1	0.986227035522
5	0	0.959733009338
5	1	0.86635184288
6	1	1.26622581482
5	1	0.853033781052
6	1	0.666400909424
6	1	0.786473035812
5	0	0.773104906082
5	1	0.786322116852
6	1	0.693156957626
5	1	0.986377000809
6	1	0.613208055496
5	1	0.893106937408
5	1	1.31952309608
5	1	0.746385097504
5	1	0.932999849319
6	0	0.775266885757
5	0	1.03965187073
5	1	0.813097000122
6	1	0.759788036346
5	1	0.653115034103
6	1	0.574820041656
5	1	0.494826078415
6	1	0.479862928391
5	1	0.813055038452
6	1	0.546469926834
5	1	0.693027973175
6	1	0.75972700119
5	1	0.506590843201
6	1	0.50643992424
6	1	0.466526985168
6	1	0.49315404892
6	1	0.453129053116
6	1	0.493119955063
5	1	0.519837856293
6	1	0.508266925812
5	1	0.506550073624
6	1	0.466555118561
6	1	1.02631282806
5	1	0.506513118744
6	1	1.14633011818
6	1	0.706490039825
5	1	0.708083152771
5	1	1.47943806648
6	1	0.653124809265
6	1	0.586534976959
6	1	0.706501960754
6	1	0.533193826675
6	1	0.599757909775
6	1	0.493115901947
6	1	0.559772014618
6	1	0.866318941116
5	1	0.519795894623
5	1	0.693089008331
6	1	0.559761047363
6	1	0.506450891495
5	1	0.719768047333
6	1	0.479838132858
5	1	0.493224143982
6	1	0.759813785553
6	1	0.946309089661
5	1	0.533118009567
5	1	1.13457798958
5	1	1.27963709831
5	1	0.6664249897
5	1	0.586441993713
5	1	0.759724140167
5	1	0.628166913986
6	1	0.49310708046
5	1	0.786406040192
5	1	0.588088989258
6	1	0.974630832672
5	1	0.86642408371
5	1	0.97297501564
5	1	0.548190832138
6	1	0.626523971558
6	1	1.14631700516
6	1	0.57310295105
5	1	0.586406946182
6	1	0.706357955933
6	1	0.559778928757
6	1	0.508104801178
5	1	0.519757986069
6	1	0.679733991623
5	1	0.599787950516
6	1	0.573124885559
6	1	0.586428880692
5	1	0.519819021225
6	1	0.87967300415
5	1	0.852989912033
6	1	1.21287989616
6	1	0.519917964935
5	1	0.773051023483
6	1	0.708256006241
5	1	0.613046884537
6	1	1.1196269989
6	1	0.506581068039
5	1	0.972999095917
5	1	0.773101091385
5	1	0.49307513237
6	1	0.508265972137
5	1	0.626393079758
5	1	0.826354980469
6	1	0.439762830734
6	1	0.493244886398
5	1	0.453229904175
5	1	0.454888820648
6	1	0.466475009918
6	1	0.466595888138
5	1	0.439936876297
5	1	0.493202924728
5	1	0.693065166473
5	1	0.653064966202
6	1	0.534740924835
5	1	0.453142166138
6	1	0.466466903687
6	1	0.479775905609
5	1	0.599838018417
5	1	0.466490030289
6	1	0.666543960571
2	1	0.826382160187
2	1	0.626441001892
2	1	0.546540975571
2	1	0.533145904541
2	1	0.506479024887
2	1	0.693203926086
2	1	0.493118047714
2	1	0.506531953812
2	1	0.573096990585
2	1	1.1063079834
2	0	0.83972287178
2	1	1.21290206909
2	1	1.05468797684
2	1	0.53484916687
2	1	0.599728107452
2	1	0.479834079742
2	1	0.519805908203
2	1	0.546428918839
2	1	0.9996509552
2	1	0.693113803864
2	1	0.493197917938
2	1	0.493142127991
2	1	0.66641497612
2	1	0.866442918777
2	1	1.5195338726
2	1	0.586472988129
2	1	0.519896030426
2	1	0.466421842575
2	1	0.546461105347
2	1	0.546601057053
2	1	1.15956687927
2	1	1.49283194542
2	1	0.679748058319
2	1	0.959713935852
2	1	0.759739160538
2	1	0.706382036209
2	1	1.47942686081
2	1	0.533107042313
2	1	1.15953993797
2	1	0.666392087936
2	1	1.65281510353
2	1	1.01469898224
2	0	1.2529258728
2	0	0.919738054276
2	1	1.74609184265
2	1	0.63986492157
2	1	0.961508989334
2	1	0.972973108292
2	1	0.906275033951
2	1	2.01264286041
2	1	0.533219099045
2	1	0.879659891129
2	1	0.813015937805
2	1	0.986253023148
2	1	0.666443109512
2	1	0.468311071396
2	1	0.399883985519
2	0	0.519785165787
2	0	0.533195972443
2	1	0.666451931
2	1	0.919727087021
2	1	0.879744052887
2	1	0.748182058334
2	1	0.706494092941
2	1	1.03962206841
2	1	0.533262014389
2	1	0.58648109436
2	0	0.639750003815
2	1	0.66815495491
2	1	0.666402101517
2	1	1.2279291153
2	1	0.759765863419
2	1	0.506510019302
2	1	1.82607197762
2	1	0.946351051331
2	0	0.906330108643
2	1	0.719810009003
2	1	0.773133039474
2	1	0.959716081619
2	1	0.759675979614
2	1	0.746430873871
2	1	0.73312997818
2	1	0.748113155365
2	1	0.814675807953
2	1	0.599824905396
2	1	1.05470705032
2	1	0.559823036194
2	1	0.533215045929
2	1	0.573129892349
2	1	0.559818029404
2	1	0.653043031693
2	1	0.493208169937
2	1	0.693084001541
2	1	0.559750080109
2	1	0.746352910995
2	1	0.706485033035
2	1	0.839744091034
2	1	0.533071041107
2	1	0.493112802505
2	1	0.573130846024
2	1	0.479882955551
2	1	0.546461820602
2	1	0.546427965164
2	1	0.546536922455
2	1	0.559755086899
2	1	0.508342027664
2	1	0.746376991272
2	1	0.613149881363
2	1	0.773099899292
2	1	0.999765872955
2	1	0.813053131104
2	1	1.812707901
2	1	0.879738807678
2	1	0.586534976959
2	1	0.666366815567
2	1	0.533152103424
2	1	0.493228912354
2	1	0.90639090538
2	1	0.654713153839
2	1	0.719732999802
2	1	1.5345351696
2	1	0.559751987457
2	1	0.599828958511
2	1	0.839776039124
2	1	0.481463909149
2	1	0.639807939529
2	1	0.69319486618
2	1	0.534782171249
2	1	0.599729776382
2	1	0.519847154617
2	1	0.613186120987
7	1	0.826445817947
7	1	0.94638800621
7	1	1.59948301315
8	1	0.73313999176
8	1	0.666433811188
8	1	0.679754972458
7	1	0.534914970398
8	1	0.599836826324
7	0	0.573114156723
8	1	0.533123970032
7	1	0.519837141037
7	1	0.586488008499
7	1	1.24134016037
7	1	0.574916124344
8	1	0.626486063004
8	1	0.453243970871
7	1	0.519787073135
7	1	0.493196964264
8	1	0.599812984467
8	1	0.466557025909
8	1	0.493160963058
8	1	0.62637591362
7	1	0.493238925934
7	1	0.839657068253
8	1	0.574850082397
8	1	0.479825973511
7	1	0.479898929596
8	1	0.453193902969
8	1	0.493137836456
7	1	0.49481010437
8	1	0.599713087082
8	1	0.573094844818
7	1	0.786305904388
8	1	1.36125612259
7	1	1.75938296318
8	1	0.493151903152
7	1	0.932961940765
8	1	0.986303091049
8	1	1.02634596825
7	1	0.694703817368
7	1	1.22621488571
8	1	0.759752035141
8	1	0.973023891449
7	1	1.46618008614
8	1	0.519817829132
7	1	0.693136930466
8	1	0.54651594162
7	1	1.61273384094
7	1	0.97293305397
7	1	0.626470088959
8	1	0.519814968109
7	1	0.626491069794
8	1	1.27955794334
7	1	0.906332969666
7	1	0.946369886398
7	1	1.23955798149
7	1	1.17299890518
8	1	0.759716033936
8	1	0.706463098526
7	1	0.519887924194
8	1	0.53307390213
7	0	0.866407871246
7	1	0.573115110397
8	1	0.521501064301
7	1	0.719763040543
8	1	0.546548843384
8	1	0.521527051926
8	1	0.506473064423
7	1	0.653089046478
7	1	0.533216953278
7	1	0.586501121521
7	1	0.46658205986
7	1	0.613134145737
8	1	0.493275880814
7	1	0.533145189285
7	1	0.479876995087
8	1	0.679748058319
7	1	0.853085041046
7	1	1.38625097275
8	1	0.974732875824
7	1	0.83966088295
8	1	0.493162155151
8	1	0.559808015823
7	1	0.493119001389
7	1	0.626487016678
8	1	0.559754133224
8	1	0.533231973648
8	1	0.466632127762
7	1	0.786391973495
7	1	0.7330930233
7	1	1.18635582924
8	1	0.51985001564
8	1	0.693092107773
8	1	0.533079862595
7	1	0.54647397995
8	1	0.519807100296
7	1	0.653090000153
8	1	0.533189058304
8	1	0.839704990387
8	1	0.653095006943
7	1	0.906322002411
7	1	0.559830904007
7	1	0.78636097908
8	1	0.599753141403
7	1	0.481518983841
7	1	0.613065004349
8	1	0.599807024002
7	1	0.759745121002
7	1	0.5597448349
7	1	1.16119408607
7	1	0.706500053406
8	1	0.533143997192
8	1	0.788077116013
7	1	0.599747896194
8	1	0.839706897736
7	1	1.34617495537
7	1	1.10625004768
8	1	0.573047876358
7	1	1.38626503944
7	1	0.733049869537
7	1	0.506483793259
8	1	0.653140068054
7	1	0.533213853836
7	1	0.719814062119
7	1	0.57318520546
8	1	0.506520032883
7	1	0.599829912186
8	1	0.679650068283
8	1	0.599826097488
7	1	0.613153219223
8	1	0.58651304245
8	1	0.586566925049
7	1	0.586458921432
8	1	2.09270596504
7	1	1.37176895142
7	1	1.00244688988
8	1	0.507436037064
7	1	0.499971151352
7	1	0.530692815781
8	1	0.507658004761
8	1	0.45903301239
7	1	0.395769119263
7	1	0.626042127609
8	1	0.397037982941
8	1	0.490493059158
8	1	0.515308856964
8	1	0.427263975143
7	1	0.707441091537
8	1	0.434558868408
7	1	0.546424150467
8	1	0.531126976013
8	1	0.423959970474
7	1	0.555505037308
7	1	0.540178060532
8	1	0.435429096222
7	1	0.450985908508
8	1	0.39413690567
7	1	0.450876951218
7	1	0.484690904617
8	1	0.498460054398
7	1	0.61878490448
7	1	0.874456167221
8	1	0.452902078629
8	1	0.572257041931
7	1	0.522760868073
7	1	0.603903055191
7	1	0.714098930359
7	1	0.770131826401
8	1	0.460730075836
7	1	0.531631946564
7	1	0.481943845749
8	1	0.72262597084
8	1	0.453042984009
7	1	0.451180934906
8	1	0.508283853531
8	1	0.410464048386
7	1	0.490730047226
8	1	0.441861152649
7	1	0.643929958344
8	1	0.602688074112
7	1	0.58740901947
8	1	0.426322937012
7	1	0.691825151443
8	1	0.530076980591
8	1	0.580289125443
8	1	0.913746833801
8	1	0.547840118408
8	1	0.538487195969
8	1	0.477557897568
8	1	0.586144924164
8	1	0.51719379425
7	0	1.10690999031
8	0	1.27526593208
7	1	1.49086713791
8	1	1.01861405373
8	1	0.660864114761
7	1	0.907132863998
8	1	0.667520999908
8	1	0.642342090607
8	1	0.578383922577
8	1	0.492203950882
8	1	0.475826025009
7	1	0.570761919022
7	1	0.521572828293
8	1	0.756312131882
8	1	0.731724023819
7	1	1.20257306099
7	1	0.458541870117
7	1	0.492722988129
8	1	0.531186819077
8	1	0.482161998749
8	1	0.434880971909
8	1	0.433892011642
8	1	0.387915849686
7	1	0.505921125412
7	1	0.484035968781
8	1	1.53319406509
8	1	0.792832136154
7	1	1.33899307251
8	1	0.5167927742
8	1	0.467629909515
8	1	0.577613830566
7	1	0.506868124008
8	1	0.579678058624
8	1	0.426733016968
7	1	0.524418830872
7	1	0.451388120651
8	1	0.601995944977
7	0	0.946861982346
8	1	0.892951965332
7	1	1.9699511528
7	1	0.892553091049
8	1	0.489777803421
8	1	0.557548046112
8	1	1.27387619019
7	1	0.467185974121
8	1	0.507146120071
7	1	0.515059947968
8	1	0.441299915314
7	1	0.491618871689
7	1	0.52339887619
8	1	0.468488931656
8	1	0.609595060349
7	1	2.27437996864
8	1	1.21348404884
8	1	0.728813886642
7	1	0.724361896515
7	1	0.705997943878
8	1	0.459361076355
8	0	0.563264846802
8	1	0.882354974747
7	1	0.68316411972
8	1	1.14090585709
7	1	0.64292216301
7	1	0.787613153458
7	1	0.626586914062
7	1	0.705183029175
7	1	0.603067159653
8	1	0.630548000336
8	1	0.602121829987
7	1	0.530023813248
7	1	0.547009944916
8	1	0.563924789429
8	1	0.506408929825
7	1	0.475682020187
8	1	0.492130994797
8	1	0.604481935501
7	1	0.738451004028
7	1	0.465834140778
7	1	0.491999149323
8	1	0.53041601181
7	1	0.498528003693
8	1	0.525463819504
5	1	0.923918962479
6	1	0.475105047226
6	1	0.41317486763
6	1	0.505038976669
6	1	0.476629972458
5	1	0.793376922607
5	1	0.619952917099
6	1	0.649735212326
6	1	1.31043505669
6	1	0.673424005508
6	1	0.474426984787
5	1	0.634137868881
5	1	0.618829965591
5	1	0.99610710144
5	1	0.715562105179
6	1	0.475670099258
5	1	0.516178131104
5	1	0.537842988968
5	1	0.588228940964
6	1	0.48208117485
5	1	0.57091999054
6	1	0.420321941376
5	1	0.562429904938
6	1	0.395952939987
6	1	0.513761043549
6	1	0.475147008896
5	1	0.533158063889
5	1	0.466289997101
6	1	1.27663421631
5	1	0.474586009979
5	1	0.834607124329
6	1	0.763711929321
5	1	0.778922796249
5	1	1.30058717728
6	1	0.665879964828
6	1	0.778887987137
6	1	0.612210035324
6	1	0.706752061844
5	1	0.474471092224
5	1	0.515790939331
6	1	0.475708961487
5	1	0.499311923981
5	1	0.586240053177
5	1	0.410586833954
5	1	0.563304185867
6	0	0.473562002182
6	1	0.820194959641
5	1	0.835613012314
5	1	0.841299057007
6	1	0.485323905945
5	1	0.490546941757
5	1	0.508345842361
5	1	0.723322153091
5	1	0.843149900436
5	0	0.467535018921
5	1	0.579689979553
5	1	0.523425102234
6	0	1.13847208023
6	1	0.7166659832
5	1	0.785687923431
5	1	0.627608060837
6	1	0.612291812897
5	1	0.490048885345
6	1	0.490177869797
5	1	0.507158041
5	1	0.515415906906
5	1	0.474942922592
5	1	0.571278095245
5	1	0.476850986481
5	1	0.476355791092
5	1	0.418277025223
5	1	0.433841943741
6	1	0.699868917465
6	0	0.435914993286
5	1	0.433429956436
5	1	0.531298160553
5	1	0.555025100708
6	1	0.435286045074
6	1	0.450459003448
5	0	0.443642139435
6	1	0.609690189362
5	1	0.453687906265
5	1	1.24387216568
5	1	0.770040988922
6	1	0.474999904633
5	1	0.482213973999
6	1	0.6686398983
6	1	0.403691053391
6	1	0.442564964294
6	1	0.571396112442
6	1	0.850439786911
5	1	0.496850967407
5	1	0.460437059402
6	1	0.853101968765
5	1	0.417933940887
5	1	0.77285194397
6	1	1.17092204094
5	1	1.52404904366
5	1	0.682929992676
5	1	1.31337118149
6	0	1.22039699554
6	1	1.27257585526
6	1	1.53142404556
5	1	1.41920185089
5	1	0.628605127335
6	1	0.69073009491
5	1	0.811753034592
5	1	0.556408882141
5	1	0.68554520607
6	1	0.600053071976
6	1	0.582044124603
5	1	1.06620001793
6	1	0.474223852158
6	1	0.491005897522
6	1	0.675801992416
5	1	1.14560890198
5	1	0.444319009781
5	1	1.14678001404
5	0	3.26677799225
5	1	1.25034594536
5	1	0.580163955688
6	1	0.530443191528
6	1	0.531351089478
5	1	0.760632991791
6	1	0.405099868774
6	1	0.435977935791
6	1	0.386384010315
5	1	1.48321008682
6	1	0.731552124023
6	1	0.442990064621
5	1	0.628478050232
6	1	0.537791967392
6	1	0.421684026718
6	1	0.522232055664
6	1	0.450855970383
5	1	0.418914079666
6	1	0.506547927856
1	1	1.38144493103
1	1	0.569622993469
1	1	0.563271045685
1	1	0.772804021835
1	1	0.673699855804
1	1	0.546456813812
1	1	0.515684843063
1	1	0.53866815567
1	1	0.64263010025
1	1	0.515426158905
1	1	0.411736965179
1	1	0.474041938782
1	1	0.475379943848
1	1	0.60447716713
1	1	0.563386201859
1	1	0.481516122818
1	1	0.490220069885
1	1	0.492535829544
1	1	0.538409948349
1	1	0.580025911331
1	1	0.634073019028
1	1	1.77060985565
1	1	0.80925488472
1	1	0.514949798584
1	1	0.836497068405
1	1	0.634846925735
1	1	0.419094085693
1	1	0.523092985153
1	1	0.573076963425
1	1	0.641290187836
1	1	0.435420036316
1	1	0.427260160446
1	1	0.395357847214
1	1	0.506679058075
1	1	0.500272989273
1	0	0.424628019333
1	1	0.429716110229
1	1	0.434143066406
1	1	0.338881015778
1	1	0.388504981995
1	1	0.4725689888
1	1	0.37956905365
1	0	0.382346153259
1	1	0.513081073761
1	1	0.937279939651
1	1	0.563081026077
1	1	0.460332155228
1	1	0.628051996231
1	1	0.433980941772
1	1	0.444390058517
1	1	0.466974973679
1	0	0.600886106491
1	1	0.572202920914
1	1	0.651390075684
1	1	0.425369024277
1	1	0.420370101929
1	1	0.451725006104
1	1	0.482512950897
1	1	1.6731698513
1	1	0.597234010696
1	1	0.466210126877
1	1	0.53205704689
1	0	0.39354801178
1	1	0.789503097534
1	1	0.441686868668
1	1	0.475728034973
1	1	0.355350017548
1	1	0.491259813309
1	1	0.4342918396
1	1	0.427466869354
1	1	0.545953989029
1	0	0.395481109619
1	1	0.778069972992
1	1	0.596332073212
1	1	0.522533893585
1	1	0.507223129272
1	1	0.457232952118
1	1	0.492147922516
1	1	0.418881177902
1	1	0.44332408905
1	1	0.650036096573
1	1	0.586971998215
1	1	0.555212974548
1	1	0.466326951981
1	1	0.396719932556
1	1	0.499446153641
1	1	0.500598907471
1	1	0.840635061264
1	1	0.356647014618
1	1	0.642273187637
1	1	0.597075223923
1	1	0.449714899063
1	1	0.395916938782
1	1	0.78907585144
1	1	0.38670706749
1	1	0.402090072632
1	1	0.466539144516
1	1	0.557350873947
1	1	0.393643140793
1	1	0.637486934662
1	1	0.570877075195
1	1	0.354496955872
1	1	0.490427017212
1	1	0.44526720047
1	1	0.546807050705
1	1	0.450307130814
1	1	0.45250916481
1	1	0.658401012421
1	1	0.603875875473
1	1	0.555602073669
1	1	0.562068223953
1	1	0.483458042145
1	0	0.636703014374
1	1	0.468723058701
1	1	0.436196088791
1	1	0.491108894348
1	1	0.452178955078
1	1	0.425011873245
1	1	0.459276914597
1	1	0.451177120209
1	1	1.39603495598
1	1	0.843640089035
1	1	0.443120956421
1	1	1.41802287102
1	1	0.426908969879
1	1	0.468348026276
1	1	0.669515132904
1	1	0.417205095291
1	1	0.474062919617
1	1	0.653126955032
1	1	0.593113899231
1	1	0.739589929581
1	1	0.553982973099
1	1	0.454061031342
1	1	0.425788879395
1	1	0.491008996964
1	1	0.714756965637
1	1	0.441823005676
1	1	0.524271011353
1	1	0.563110113144
1	1	0.868914842606
1	1	0.440823078156
1	1	0.458802938461
1	1	0.459258079529
1	1	0.348438024521
4	1	1.10958600044
4	1	0.673463106155
4	1	0.714855909348
4	0	0.612669944763
4	1	1.68466305733
4	1	0.595720052719
4	1	0.465409040451
4	1	0.450731992722
4	1	0.475484132767
4	0	0.715197086334
4	1	1.69745707512
4	1	0.570499897003
4	1	0.548330068588
4	1	0.770604848862
4	1	0.48185801506
4	0	0.516319990158
4	1	0.603810071945
4	1	0.560791015625
4	1	0.483160018921
4	1	0.515963077545
4	1	0.675195932388
4	1	0.485050916672
4	0	0.555419921875
4	1	0.954161167145
4	0	0.620344877243
4	1	0.468791007996
4	1	0.472906112671
4	1	0.453282117844
4	1	0.547554016113
4	1	0.561357975006
4	1	0.980018138885
4	1	0.529843091965
4	1	0.530254125595
4	1	0.476610183716
4	1	0.538216114044
4	1	1.01098394394
4	0	0.450721025467
4	1	0.499257087708
4	1	0.460407018661
4	1	0.481999874115
4	1	0.821712017059
4	1	0.497935056686
4	1	0.418875932693
4	1	0.626681089401
4	1	0.41956114769
4	1	0.484472990036
4	1	0.538839101791
4	1	0.450757026672
4	1	0.427556037903
4	1	0.481525182724
4	1	0.546317815781
4	1	0.805233001709
4	1	0.529000997543
4	1	0.506914138794
4	1	0.539582014084
4	1	0.586930036545
4	1	0.41848897934
4	1	0.433528900146
4	1	0.490517854691
4	1	0.4830930233
4	1	0.45210313797
4	1	0.516086101532
4	1	0.507153987885
4	1	0.419290065765
4	1	0.523376941681
4	1	0.755223035812
4	1	0.731569051743
4	1	0.409970998764
4	1	0.609342813492
4	1	0.419611930847
4	1	0.666472196579
4	1	0.581094026566
4	1	0.474395036697
4	1	0.699353933334
4	1	0.457989215851
4	1	0.48477101326
4	1	0.475185155869
4	1	1.13933205605
4	1	0.426362991333
4	1	0.476197004318
4	1	0.418434143066
4	1	0.443238973618
4	1	0.442981958389
4	1	0.506888151169
4	1	0.540431976318
4	1	0.466428995132
4	1	0.554338932037
4	1	0.437523126602
4	1	0.465663909912
4	1	0.700906038284
4	1	0.472828149796
4	1	0.501764059067
4	1	0.76918387413
4	1	0.50181889534
4	1	0.818365097046
4	1	0.64263010025
4	1	0.571733951569
4	1	0.498281955719
4	1	0.602740049362
4	0	0.690953016281
4	1	0.979751110077
4	1	0.443830966949
4	1	0.588155984879
4	1	0.449385881424
4	1	0.42763710022
4	1	0.549076080322
4	1	0.602475881577
4	1	0.441394090652
4	1	0.508334875107
4	1	0.464825868607
4	1	0.427546024323
4	1	0.452507972717
4	1	0.57813000679
4	1	0.47650718689
4	1	0.682245016098
4	1	0.83827495575
4	1	0.625197887421
4	1	0.666761875153
4	1	0.628794193268
4	1	0.490972042084
4	1	0.489963054657
4	1	1.36400103569
4	1	1.01132917404
4	1	0.561643838882
4	1	0.482600927353
4	1	0.739333868027
4	1	0.684944868088
4	1	0.547392129898
4	1	0.625667095184
4	1	0.64234995842
4	1	1.13886904716
4	1	0.57914686203
4	1	0.651706218719
4	1	0.411410093307
4	1	0.483291149139
4	0	1.14673304558
4	1	0.586916923523
4	1	0.509751081467
4	1	0.658864974976
4	1	0.52082490921
4	1	0.443490982056
4	1	0.428086042404
3	1	0.489815950394
3	1	0.699209213257
3	0	1.16308498383
3	1	0.450167894363
3	1	0.55563211441
3	1	0.476300001144
3	1	0.569739103317
3	1	0.756841897964
3	1	0.468308925629
3	1	0.490928888321
3	1	0.434154033661
3	1	0.412279129028
3	1	0.475862026215
3	1	0.52307009697
3	1	0.418464899063
3	1	0.474855899811
3	1	0.37038898468
3	1	0.579442024231
3	1	0.634544849396
3	1	0.444406986237
3	1	0.506194114685
3	1	0.627011060715
3	1	0.475203037262
3	1	0.500379085541
3	1	0.433516979218
3	1	0.419373035431
3	1	0.51599407196
3	1	0.568886995316
3	1	0.387951135635
3	1	0.523983001709
3	1	0.507956981659
3	1	0.378228187561
3	1	0.410346031189
3	1	0.404830932617
3	1	0.426415920258
3	1	0.563899993896
3	1	0.418934106827
3	1	0.666488170624
3	1	0.395931959152
3	1	0.418839931488
3	1	0.601565122604
3	1	0.490781068802
3	1	0.764537811279
3	1	0.513578176498
3	1	0.491691112518
3	1	0.443499088287
3	1	0.474122047424
3	1	0.38848900795
3	1	0.385749816895
3	1	0.428394079208
3	1	0.427284002304
3	1	0.52957701683
3	1	0.434286832809
3	1	0.539057970047
3	1	0.412805080414
3	1	0.427710056305
3	1	0.386816978455
3	1	0.434039831161
3	1	0.586539983749
3	1	0.404443025589
3	1	0.436726808548
3	1	0.45160984993
3	1	0.483754873276
3	1	0.482752084732
3	1	0.586941957474
3	1	0.37938284874
3	1	0.579720020294
3	0	0.418563127518
3	1	0.467206001282
3	1	0.436316013336
3	1	0.636620998383
3	1	0.618374109268
3	1	0.532866954803
3	1	0.497464895248
3	1	0.459391832352
3	1	0.443893909454
3	1	0.506666898727
3	1	0.401352882385
3	1	0.546592950821
3	1	0.420830011368
3	1	0.482969999313
3	1	0.721533060074
3	1	0.468147039413
3	1	0.578703165054
3	1	0.379831075668
3	1	0.915058851242
3	1	0.563844919205
3	1	0.546370983124
3	1	0.459147930145
3	1	0.458853960037
3	1	0.468476057053
3	1	0.506437063217
3	1	0.450264930725
3	1	0.443717002869
3	1	0.411157846451
3	1	0.586073875427
3	1	0.603843927383
3	1	0.460777997971
3	1	0.449649095535
3	1	0.721821784973
3	1	0.514441013336
3	1	0.555598974228
3	1	0.39454293251
3	1	0.43418598175
3	1	0.411882162094
3	1	0.516701936722
3	1	0.554692029953
3	0	0.425984859467
3	1	0.389278888702
3	0	0.449159145355
3	1	0.58688211441
3	1	0.708118915558
3	1	0.403012037277
3	1	0.531363964081
3	1	0.363859891891
3	1	0.497766971588
3	1	0.516457080841
3	1	0.594386100769
3	1	0.555788993835
3	1	0.410401821136
3	1	0.452639818192
3	1	0.616914987564
3	0	0.436735868454
3	1	1.2200551033
3	1	0.418956041336
3	1	0.443049907684
3	1	0.49783205986
3	1	0.796236038208
3	1	0.506446123123
3	1	0.533684015274
3	1	0.474327802658
3	1	0.505244016647
3	1	0.580828905106
3	1	0.593659877777
3	1	0.4923620224
3	1	0.480469226837
3	1	0.81187915802
3	1	0.522301197052
3	1	0.812718153
3	1	0.505840063095
3	1	0.450659990311
3	1	0.421607017517
3	1	0.481832027435
3	1	0.548716068268
3	1	0.636453151703
3	1	0.578096866608
3	1	0.514300823212
3	1	0.725213050842
8	1	0.427536010742
8	1	0.419505119324
7	1	0.426015853882
8	1	0.500509023666
8	1	0.473111152649
8	1	0.444991111755
7	1	0.515130996704
8	1	0.504040002823
8	1	0.395914077759
7	1	0.468362092972
8	1	0.362943887711
7	1	0.395049095154
8	1	0.292901992798
7	1	0.449860095978
8	1	0.493446111679
7	1	0.491936922073
8	1	0.480746984482
8	1	0.341486930847
8	1	0.481685161591
8	1	0.491778850555
7	1	0.435169935226
7	1	0.395426034927
7	1	0.411211013794
8	1	0.448757886887
7	1	0.403856039047
7	0	1.07736611366
8	1	0.449975967407
8	1	0.475162029266
7	1	0.516128063202
7	1	0.508073091507
7	1	0.538790225983
7	0	0.642763137817
8	1	0.529936075211
7	1	0.461250066757
8	1	0.466221094131
7	1	0.676903009415
7	1	1.26127696037
8	1	0.698976993561
7	1	0.555845975876
7	1	0.555243968964
8	1	0.443822145462
7	1	0.561857938766
8	1	0.451379776001
7	1	1.22646093369
8	1	0.413516998291
7	1	0.491724014282
7	1	0.514714002609
7	1	0.572212934494
8	1	1.30651688576
7	1	0.498275995255
8	1	0.516931056976
7	1	0.595224142075
7	1	0.43283700943
8	1	0.426987886429
8	1	0.570322036743
7	1	0.530879020691
7	1	0.577934980392
8	1	0.493726015091
7	1	0.568801164627
7	1	0.421549797058
8	1	0.433287143707
8	1	0.435492992401
7	1	0.588652849197
7	1	0.547998905182
7	1	0.633854866028
8	1	0.435578107834
7	1	0.475360870361
7	1	1.36506199837
7	1	0.504236936569
7	1	0.83814907074
8	1	0.481767177582
8	1	0.489602804184
8	1	0.429219007492
7	1	0.522547960281
8	1	0.372157096863
8	1	0.403903961182
7	1	0.522907018661
8	1	0.400660991669
7	1	0.442934989929
7	1	0.508432865143
7	1	0.578449964523
7	1	0.467424154282
7	1	0.457474946976
8	1	0.620124816895
8	1	0.714352846146
7	1	0.466237068176
8	0	0.436541080475
8	1	0.42816901207
8	1	0.419643163681
8	1	0.459168195724
8	1	0.442440032959
8	1	0.673671960831
7	1	0.658299922943
7	0	0.381509065628
7	1	0.659153938293
7	1	0.450851917267
7	1	0.595962047577
7	1	0.658847093582
8	1	0.554612874985
8	1	0.538851976395
8	1	0.500741958618
8	1	0.483179092407
7	1	0.602241039276
7	1	0.476017951965
8	1	0.650285005569
7	1	0.525781869888
8	1	0.475224971771
8	1	0.385970115662
7	1	0.555160999298
7	0	0.419457912445
8	1	0.435751914978
8	1	0.459733009338
8	1	0.594357013702
7	1	0.587761163712
8	1	0.564132928848
8	1	0.466225147247
7	1	0.547174930573
7	1	0.587382078171
7	1	0.421066045761
7	1	0.490422010422
8	0	0.522131204605
7	1	0.48409986496
7	1	0.556436061859
7	1	0.585803985596
8	1	0.506003856659
8	1	0.62876701355
8	1	0.633620023727
8	1	0.493952035904
7	1	0.433063030243
7	1	0.507746934891
8	1	0.617846012115
7	1	0.444241046906
8	1	0.746197938919
7	1	0.460036993027
7	1	0.508009910583
7	1	0.683768987656
7	1	0.450920820236
7	1	0.538243055344
8	1	0.650955915451
8	1	0.506883859634
8	1	0.483362197876
7	1	0.701529026031
7	1	0.440212965012
7	0	0.59045290947
8	1	0.520056962967
7	1	0.492892980576
7	1	0.465857028961
2	0	0.545385122299
2	1	0.445215940475
2	1	0.529577970505
2	1	0.418841123581
2	1	0.426775932312
2	1	0.435143947601
2	1	0.498898029327
2	1	0.491733074188
2	1	0.684627056122
2	1	0.595055103302
2	1	0.490400075912
2	1	0.412796974182
2	1	0.450298070908
2	1	0.459845066071
2	1	0.547383069992
2	1	0.360883951187
2	1	0.36338019371
2	1	0.564085006714
2	1	0.41256403923
2	1	0.409862995148
2	1	0.492082834244
2	1	0.481761932373
2	0	0.373090028763
2	1	0.577949047089
2	1	0.427759885788
2	1	0.450911998749
2	0	0.50070810318
2	1	0.457728147507
2	0	0.709479093552
2	1	0.434256076813
2	1	0.491398096085
2	1	0.491894006729
2	0	0.376224994659
2	1	0.39655995369
2	1	0.491791963577
2	1	0.457229852676
2	1	1.43519806862
2	1	0.475684165955
2	0	0.490239858627
2	1	0.476521015167
2	1	0.770270824432
2	1	0.441733121872
2	1	0.452191114426
2	1	0.777354955673
2	1	0.426794052124
2	1	0.564415931702
2	1	0.44992017746
2	1	0.532365083694
2	1	1.32125782967
2	0	0.781685829163
2	1	0.474828958511
2	0	0.57980799675
2	1	0.458317995071
2	1	1.43273901939
2	1	0.548154115677
2	1	0.48189496994
2	1	0.466773033142
2	1	0.539077997208
2	1	0.587960004807
2	1	0.441695928574
2	1	0.557007074356
2	1	0.563333034515
2	1	1.29045605659
2	1	0.698929071426
2	1	0.443437814713
2	1	0.522547006607
2	1	0.420876026154
2	1	0.410151004791
2	1	0.507050037384
2	1	0.443310022354
2	1	0.482969999313
2	1	0.50009393692
2	1	0.491699934006
2	1	0.346382141113
2	1	0.51500415802
2	1	0.474513053894
2	1	0.530976057053
2	1	0.479791879654
2	1	0.535892009735
2	1	0.490051031113
2	1	0.771714925766
2	1	0.53346991539
2	1	0.546011924744
2	0	0.505666971207
2	1	0.524157047272
2	1	0.594058990479
2	1	0.709192037582
2	1	0.4660551548
2	1	0.474222898483
2	1	0.460707902908
2	1	0.63410615921
2	1	0.531751155853
2	1	1.40165805817
2	1	0.674574136734
2	1	0.443900108337
2	1	0.473524093628
2	1	0.723682880402
2	1	0.403216838837
2	1	0.489667892456
2	1	0.445090055466
2	1	0.477272033691
2	1	0.482275009155
2	1	0.451590061188
2	1	0.459449052811
2	1	0.403031110764
2	0	0.76114487648
2	1	0.619029045105
2	1	0.709230899811
2	1	0.523234128952
2	1	0.505103111267
2	1	0.515830993652
2	1	0.460322856903
2	1	0.418259859085
2	1	0.532149076462
2	1	0.553507089615
2	1	0.626420021057
2	1	0.483155012131
2	1	0.491169929504
2	1	0.49990105629
2	1	0.61213517189
2	1	0.457729816437
2	1	0.580260038376
2	1	0.560764789581
2	1	0.493054151535
2	1	0.465637922287
2	1	0.508347988129
2	1	0.467611789703
2	1	0.579461812973
2	1	0.491651058197
2	1	0.43455696106
2	1	0.483204841614
2	1	0.636379957199
2	1	0.482789039612
2	1	0.548913955688
2	1	0.555233955383
2	1	0.472574949265
2	1	0.723769903183
2	1	0.715143203735
2	1	0.516016960144
2	1	0.426658153534
2	1	0.549494028091
2	1	0.482873916626
2	1	0.57753610611
2	1	0.509652137756
2	1	0.473222017288
2	1	0.490792989731
5	1	0.68522310257
5	1	0.479219913483
5	1	0.502449989319
6	1	0.425973892212
5	1	0.50664305687
6	1	0.468300104141
5	1	0.482611179352
5	1	0.499146938324
6	1	0.443342924118
5	1	0.48205280304
5	1	0.451370954514
5	1	0.492892980576
6	1	0.460070848465
6	1	0.482362031937
6	1	0.442674160004
5	1	0.644073009491
6	1	0.506758928299
6	1	0.458941936493
5	1	0.555090904236
5	1	0.458719968796
6	1	0.769477128983
6	1	0.508965969086
5	1	0.596271038055
6	1	0.611055850983
5	1	0.512951135635
6	0	0.492645978928
5	1	0.619415998459
6	1	0.448312997818
5	1	0.500253915787
6	1	0.531795978546
5	1	0.538609027863
6	1	0.460908889771
5	1	0.440769910812
6	1	0.427039146423
5	1	0.563318014145
6	1	0.386291027069
5	1	0.822849988937
6	1	0.424580812454
5	1	0.500218868256
5	1	0.53003692627
6	1	0.74000287056
5	1	0.594052791595
6	1	0.476171970367
6	1	0.491503953934
6	1	0.465281963348
6	1	0.612006902695
5	1	0.404729127884
6	1	0.442126989365
6	1	0.541238069534
6	1	0.504782915115
5	1	0.772871017456
5	1	0.442638158798
6	1	0.452442884445
5	1	0.385343074799
5	1	0.469331026077
6	1	0.395527839661
5	1	0.425532102585
5	1	0.460989952087
5	1	0.538196086884
6	0	0.403322935104
5	1	0.442852020264
6	1	0.61265206337
6	1	0.51344704628
6	1	0.676382064819
6	1	0.476156949997
6	1	0.481507062912
5	0	0.45907497406
6	1	0.434010028839
6	1	0.476281166077
5	1	0.467776060104
6	1	0.563858985901
6	1	0.714917898178
6	1	0.53077507019
6	1	0.491317033768
5	1	0.730763912201
6	1	0.445891857147
6	1	0.512153148651
5	1	0.700386047363
6	1	0.700528860092
5	1	0.578903198242
6	1	0.588052034378
5	1	0.532389879227
5	0	0.691027879715
5	1	0.626935958862
6	1	0.441375017166
6	1	0.517447948456
5	1	0.466836929321
5	1	0.530313014984
6	1	0.690649986267
6	1	0.489801883698
6	1	0.548798084259
5	1	0.714925050735
5	1	0.634745121002
5	0	0.457674026489
6	1	0.461216926575
5	1	0.578750133514
6	1	0.604300022125
6	1	0.481343984604
6	1	0.434919118881
5	1	0.731594085693
5	1	0.41886305809
5	1	0.484913110733
5	1	0.458487033844
6	0	0.441256999969
5	1	0.460252046585
6	1	0.467828035355
5	1	0.633121967316
5	1	0.62970995903
5	1	0.475876092911
6	1	0.528979063034
5	1	0.54879283905
6	1	0.56295800209
5	1	0.498556137085
6	1	0.474169969559
6	1	0.490203142166
5	1	0.437893867493
6	1	0.482144117355
6	1	0.428459882736
6	1	0.540681123734
5	1	0.457182168961
5	1	0.427049875259
5	0	0.547393083572
5	1	0.466665029526
6	1	0.450345039368
6	1	0.684678077698
5	1	0.489995956421
6	1	0.506839990616
6	1	0.692384004593
6	1	0.457338094711
6	1	0.404663085938
5	1	0.473564863205
5	1	0.508886098862
5	1	0.530680894852
6	1	0.527627944946
5	1	0.404357910156
6	1	0.499383926392
5	1	0.408679008484
6	1	0.461484909058
5	1	0.442396879196
5	1	0.427896976471
6	1	0.458418130875
6	1	0.421713113785
6	1	0.547322034836
5	1	0.475555896759
6	1	0.48984003067
6	1	0.451658010483
6	1	0.468808174133
6	1	0.61807179451
