3	0	0.99961400032
3	1	1.42842698097
3	1	0.959646940231
3	1	0.999661207199
3	1	0.628187894821
3	0	0.839779853821
3	1	0.666390180588
3	1	0.626528978348
3	1	0.573244094849
3	1	0.679814815521
3	1	0.586394071579
3	0	0.639705181122
3	1	1.19963693619
3	1	1.37288713455
3	0	1.10630702972
3	1	0.879729986191
3	1	0.559838056564
3	0	2.03924703598
3	1	0.613120079041
3	1	0.693078041077
3	1	0.719763994217
3	1	1.14622306824
3	1	1.51945495605
3	1	1.33283185959
3	1	1.01469707489
3	1	0.893015861511
3	1	0.746460914612
3	0	0.986329078674
3	1	0.799741029739
3	0	1.15967512131
3	0	1.19957399368
3	1	0.746412992477
3	1	0.719732046127
3	1	1.73270702362
3	1	2.49248504639
3	1	0.974710941315
3	0	2.30579900742
3	1	0.71973490715
3	1	0.68155002594
3	1	0.906288146973
3	0	0.706460952759
3	1	0.746323108673
3	1	0.626342058182
3	1	1.06625795364
3	1	3.99853801727
3	1	0.681519031525
3	1	2.90559506416
3	1	0.706377029419
3	1	0.666419029236
3	1	4.14689207077
3	1	0.573131084442
3	1	0.693154096603
3	0	0.866388082504
3	1	0.853031873703
3	0	0.574874162674
3	1	0.706413030624
3	1	0.546503067017
3	1	0.826370000839
3	1	1.26628804207
3	1	0.679713964462
3	1	0.719832897186
3	1	0.559802055359
3	0	0.786377906799
3	1	0.626424074173
3	1	1.18623209
3	1	0.772976160049
3	1	2.51914811134
3	1	1.34620285034
3	1	0.693138837814
3	1	1.29455399513
3	1	0.63983798027
3	1	0.866348028183
3	1	1.39948391914
3	1	1.93263888359
3	1	1.93257784843
3	1	1.23956012726
3	1	2.46580982208
3	1	0.799793958664
3	1	0.933059930801
3	1	0.813138961792
3	1	0.733183860779
3	1	1.2796061039
3	1	0.708116054535
3	1	1.63948082924
3	1	4.35853815079
3	1	3.26560306549
3	1	3.87864494324
3	1	1.0796380043
3	1	4.95826792717
3	1	0.866337060928
3	1	0.573126077652
3	1	1.39948296547
3	1	0.653051137924
3	0	0.813066959381
3	1	0.653167009354
3	0	1.30630207062
3	1	0.693099021912
3	1	0.759733200073
3	1	0.74636387825
3	0	3.97188282013
3	1	0.91966676712
3	1	0.533180952072
3	1	0.519865036011
3	0	1.33285999298
3	1	2.35913896561
3	1	1.63938617706
3	1	0.773100137711
3	0	1.14627504349
3	1	0.653106927872
3	0	1.41458797455
7	1	0.679764032364
7	0	1.50611019135
7	1	0.839663982391
8	1	0.574943065643
8	1	0.639788866043
8	1	0.653138875961
7	1	0.693146944046
7	1	0.519747972488
7	1	0.519762039185
7	1	0.506494045258
7	1	0.586412191391
8	1	0.546478033066
7	1	0.519754171371
7	0	0.533133029938
8	1	0.853044986725
7	1	0.693134069443
8	1	0.53325510025
8	1	0.546549797058
8	1	0.599840164185
7	1	0.653069019318
8	1	0.666358947754
8	1	1.07959008217
8	1	0.773113965988
7	1	0.813112020493
8	1	1.74603295326
8	1	1.48121905327
8	1	0.573089838028
7	1	0.639800071716
8	1	0.773078918457
7	1	1.0946969986
7	1	0.813044071198
7	1	0.946368932724
8	1	0.839735031128
8	1	2.61238694191
8	1	0.89310503006
8	1	0.573147058487
7	1	0.693104028702
8	1	0.733160018921
7	1	0.666356801987
7	1	0.586370944977
7	1	0.66646695137
8	1	1.1462328434
8	1	0.599776029587
8	1	0.626420021057
7	1	0.6798620224
8	1	0.493170976639
8	1	0.494836807251
8	1	0.519773006439
8	1	0.58650803566
8	1	0.561684131622
8	1	1.13466405869
7	1	1.31954884529
7	1	0.934675931931
7	0	1.75928997993
8	1	0.666478157043
7	1	0.546449899673
8	1	0.519791126251
8	1	2.18583917618
8	1	1.07963991165
8	1	0.586504936218
7	1	1.16123509407
8	1	1.78614211082
8	1	0.8397397995
7	1	2.26589107513
8	1	0.639716148376
8	1	0.653158903122
7	1	0.613187789917
8	1	0.599744081497
7	1	0.85308599472
8	0	3.34552121162
8	1	0.666467905045
8	0	0.827987909317
8	1	0.73313999176
8	0	2.56079912186
7	1	0.999696016312
7	1	0.919664859772
8	1	0.733107805252
7	0	2.05264019966
8	1	0.773041963577
8	1	2.42585492134
8	1	0.599737167358
7	1	0.666327953339
7	1	2.65240502357
8	1	1.87942695618
7	1	2.42583489418
8	1	0.746352910995
8	1	0.50647687912
7	1	2.07929301262
8	1	1.01460719109
8	0	0.706516027451
7	1	0.733006954193
8	1	1.13296318054
8	1	0.679904937744
8	1	0.813068151474
7	1	1.33291101456
7	1	1.079652071
7	1	0.668156147003
8	1	0.653151035309
7	1	4.61170697212
8	1	0.626565933228
7	0	2.09256505966
8	1	0.65305018425
7	1	0.573167085648
8	1	0.55982208252
8	1	0.974705934525
8	0	0.706442832947
7	1	0.533205032349
7	1	0.66637802124
7	1	0.626426935196
7	1	0.626456022263
8	1	0.63972401619
7	1	0.706434965134
8	1	0.666484832764
7	1	0.533174037933
8	0	0.573113918304
7	1	2.15920901299
8	1	0.548128843307
7	1	0.706459999084
7	0	1.53283500671
8	1	0.58647608757
8	1	0.614835977554
4	1	0.719778060913
4	0	0.933075904846
4	1	0.546453952789
4	1	0.559834003448
4	1	0.559890031815
4	1	1.22627902031
4	1	0.519879817963
4	1	0.626499176025
4	1	1.93268799782
4	0	0.906311988831
4	0	0.559820890427
4	0	0.98632311821
4	1	0.694898843765
4	1	0.613092899323
4	0	1.06630086899
4	1	0.508365869522
4	0	1.11959505081
4	1	0.932974815369
4	0	0.999605178833
4	1	0.799763917923
4	1	0.506484031677
4	1	0.573091983795
4	1	0.613114118576
4	1	0.506484985352
4	1	0.508285999298
4	1	0.559772968292
4	1	0.493061065674
4	1	0.519730091095
4	0	0.719794988632
4	1	0.519900798798
4	1	0.733057975769
4	1	0.573103904724
4	1	0.681448936462
4	1	0.506472110748
4	1	0.586487054825
4	1	0.506443023682
4	1	0.519880056381
4	1	0.506514072418
4	1	0.628148078918
4	1	0.654780864716
4	0	2.15926909447
4	1	0.773046016693
4	1	0.533187150955
4	1	0.506465196609
4	0	1.45283007622
4	1	0.639773130417
4	1	0.799705982208
4	1	0.693073034286
4	1	0.533124923706
4	1	0.746343851089
4	1	0.773078918457
4	1	0.559826135635
4	1	2.0792529583
4	0	0.626451015472
4	1	0.519788980484
4	0	3.03887701035
4	0	0.613178014755
4	1	0.81304693222
4	1	0.533214092255
4	0	1.21292304993
4	1	0.946263074875
4	1	0.948276996613
4	0	0.534801006317
4	1	0.746500968933
4	1	0.613029956818
4	1	1.95937395096
4	1	0.999649047852
4	1	1.17294812202
4	1	1.4795050621
4	1	2.09251785278
4	1	0.63983798027
4	0	1.45275998116
4	0	0.799715042114
4	1	0.693021059036
4	1	0.533262014389
4	1	0.613214969635
4	1	0.613183021545
4	1	0.626421928406
4	0	0.58642411232
4	1	0.479848861694
4	0	0.839725017548
4	1	0.71981215477
4	1	0.613131999969
4	1	0.599884986877
4	0	0.826326847076
4	1	0.972992181778
4	0	0.959647893906
4	1	1.97465586662
4	1	0.679793834686
4	1	0.71982383728
4	1	0.639735937119
4	0	0.561506986618
4	1	0.746400117874
4	1	0.733057022095
4	1	1.41285800934
4	0	0.679748058319
4	1	0.733065128326
4	1	0.706384181976
4	1	0.519837856293
4	1	2.87905192375
4	1	0.479834079742
4	1	0.626504182816
4	1	0.586512088776
4	1	1.21285009384
4	1	0.533140897751
4	1	0.626436948776
4	1	0.666463851929
4	1	0.573203086853
4	1	0.573168992996
4	1	0.653188943863
4	1	0.573069095612
4	1	0.639770030975
4	1	0.668079853058
4	1	0.413164138794
4	1	0.626386165619
4	1	0.693202972412
4	1	0.479871988297
4	1	0.972971916199
4	1	0.666333913803
4	1	1.51939678192
4	1	0.999680042267
4	1	0.653136014938
4	1	0.879730939865
4	1	0.972975969315
4	0	0.692997932434
4	1	1.2529489994
4	0	1.95929789543
2	1	1.6128718853
2	1	0.639769077301
2	1	0.75973200798
2	1	0.586373090744
2	1	0.546532869339
2	1	0.519797801971
2	1	0.573157072067
2	1	0.586364984512
2	1	0.508253097534
2	1	1.23951601982
2	0	0.506489992142
2	1	0.721384048462
2	1	0.639776945114
2	1	0.506503105164
2	1	0.561429977417
2	1	0.479820013046
2	1	0.546502113342
2	0	0.506469011307
2	1	0.693133115768
2	0	0.559830904007
2	1	0.533142089844
2	0	0.533272027969
2	1	0.468132019043
2	1	0.586488008499
2	1	0.468219995499
2	1	0.839765071869
2	0	0.639782905579
2	0	1.54785704613
2	1	0.959702968597
2	1	0.932929039001
2	1	1.53441405296
2	1	0.99963593483
2	1	1.11959409714
2	1	3.39877915382
2	1	1.03961181641
2	1	0.506503105164
2	1	0.626409053802
2	1	0.679738998413
2	1	0.773008823395
2	1	0.493231058121
2	1	0.95964884758
2	1	0.826359033585
2	1	0.599790096283
2	1	0.626430988312
2	1	0.599821090698
2	1	0.70645904541
2	1	0.959770917892
2	0	2.2791621685
2	1	1.0397310257
2	1	0.986298084259
2	1	0.639820098877
2	1	0.533066987991
2	1	0.506541967392
2	1	0.599853038788
2	1	0.548182964325
2	1	0.506398916245
2	1	0.70637178421
2	0	0.799801111221
2	1	0.506450891495
2	1	0.506456851959
2	1	0.546452045441
2	1	0.986336946487
2	1	0.599779129028
2	1	0.546467065811
2	0	1.47941088676
2	1	0.893061161041
2	1	0.613155841827
2	1	1.39953780174
2	1	0.508147001266
2	0	1.02634000778
2	1	0.62642788887
2	1	0.439814090729
2	1	0.799725055695
2	1	0.561434984207
2	1	0.693090200424
2	0	0.439888954163
2	1	0.506492137909
2	0	3.46714401245
2	1	0.853128910065
2	0	0.733058214188
2	1	0.693052053452
2	1	2.50583100319
2	1	0.479850769043
2	1	0.6396920681
2	1	0.559844970703
2	1	0.679723978043
2	1	0.586543083191
2	1	0.733050107956
2	0	0.519860982895
2	1	0.73303604126
2	1	4.05189681053
2	1	0.828055858612
2	1	0.479825973511
2	1	1.09301400185
2	1	0.986328125
2	1	0.626521110535
2	1	0.559809923172
2	1	0.813070058823
2	1	3.25222396851
2	0	0.559858083725
2	1	0.839693069458
2	1	0.693116903305
2	1	0.493144035339
2	1	0.626372098923
2	1	0.933063983917
2	1	0.613085031509
2	1	0.653151035309
2	1	0.506496906281
2	1	1.4144821167
2	1	0.559858083725
2	1	0.706398010254
2	1	0.479912996292
2	1	0.426614046097
2	1	0.441548109055
2	0	0.506567955017
2	1	0.613095998764
2	1	0.653013944626
2	1	0.679669141769
2	0	0.466522932053
2	0	0.599851846695
2	0	0.653093099594
2	1	1.07960796356
2	1	0.58860206604
2	1	0.626509189606
2	1	1.1196410656
2	1	0.601544857025
2	0	0.494794130325
2	1	0.506491184235
1	1	0.681538820267
1	1	0.559863090515
1	0	1.15958499908
1	1	0.57325387001
1	1	0.493160009384
1	1	0.654763936996
1	0	0.559782028198
1	1	0.533137083054
1	1	0.519777059555
1	1	0.49317908287
1	1	0.639746189117
1	0	0.546521902084
1	1	0.519835948944
1	1	0.628069877625
1	1	0.839704036713
1	1	0.573236227036
1	1	0.493149995804
1	1	0.53319311142
1	1	0.466528892517
1	1	0.428305864334
1	1	0.494801044464
1	1	0.506516218185
1	1	0.493165016174
1	1	0.626393079758
1	1	0.51984000206
1	1	0.586482048035
1	1	0.626490116119
1	1	0.519832849503
1	1	0.466441869736
1	1	0.559731960297
1	1	0.533117055893
1	1	0.479869127274
1	1	0.69306397438
1	1	2.19924116135
1	1	0.6130900383
1	1	0.506572961807
1	1	0.559887170792
1	1	0.613197088242
1	1	0.519804954529
1	1	0.626499176025
1	1	0.666462182999
1	1	1.37287282944
1	1	1.29293584824
1	1	0.559888124466
1	1	1.75931596756
1	1	1.83938908577
1	1	0.599755048752
1	1	0.706427097321
1	0	1.59945106506
1	1	1.76101899147
1	1	0.559746980667
1	0	0.519764900208
1	1	1.66780304909
1	1	0.746335983276
1	1	0.639831066132
1	1	0.613132953644
1	1	0.813060998917
1	1	0.58642911911
1	1	0.599858999252
1	0	0.533201932907
1	1	0.519816160202
1	1	0.626435041428
1	1	0.893049955368
1	1	0.546516180038
1	1	4.23853683472
1	1	0.85307598114
1	1	0.46654510498
1	1	1.27950882912
1	1	0.613085985184
1	1	0.466488838196
1	1	0.681432008743
1	1	0.494864940643
1	1	0.559810876846
1	0	0.346509933472
1	1	0.586385965347
1	1	0.559833049774
1	1	0.533151865005
1	1	0.61306810379
1	1	0.546447992325
1	1	0.546397924423
1	1	0.42653298378
1	1	0.493113994598
1	1	0.839692831039
1	1	0.839727878571
1	0	0.628151893616
1	1	0.786396026611
1	0	1.62612009048
1	1	0.78630399704
1	1	0.999679088593
1	1	0.733062028885
1	1	0.546478033066
1	1	0.746465206146
1	0	0.666392803192
1	1	0.613084077835
1	1	0.599703073502
1	1	0.546481132507
1	1	0.519859075546
1	0	2.97233700752
1	0	0.586424827576
1	0	1.07970380783
1	1	0.46651506424
1	0	1.13288807869
1	1	0.626347064972
1	0	0.586421012878
1	1	0.559844017029
1	1	0.839713096619
1	0	0.733018875122
1	1	0.666426897049
1	1	0.906415939331
1	1	0.613087892532
1	1	0.586460828781
1	0	1.01307606697
1	0	0.573062896729
1	1	0.559766054153
1	1	0.586462020874
1	1	0.534811019897
1	1	0.479862213135
1	1	0.466476202011
1	1	0.466560840607
1	1	0.468219995499
1	0	0.319916963577
1	0	0.399883985519
1	1	0.588016986847
1	1	0.626428842545
1	1	0.453155994415
1	1	0.599848031998
1	1	0.773102045059
1	0	0.546547889709
1	1	0.454759120941
1	1	0.639773130417
1	1	0.493193864822
1	1	0.573066949844
1	1	0.654842853546
1	1	0.533166885376
7	1	0.66808795929
8	1	0.493139982224
7	1	0.46648311615
8	1	0.548172950745
8	1	0.479882001877
8	1	0.453160047531
7	1	0.653127908707
7	1	0.679796934128
7	0	0.479851007462
7	1	0.61305809021
8	1	0.466423988342
7	1	0.533113002777
7	1	0.573075056076
7	1	0.586557865143
7	1	0.679849147797
7	0	0.453280925751
7	0	2.53253817558
7	1	0.626420021057
7	0	0.706425905228
7	1	0.559690952301
8	1	0.521534919739
8	1	0.613201141357
7	1	0.561424970627
7	1	0.454812049866
8	1	0.573038101196
7	1	0.626533985138
7	1	0.932937860489
8	1	0.559864997864
7	1	0.453206062317
7	1	0.533213853836
8	1	0.439791917801
8	1	0.493103981018
7	1	1.02636003494
7	0	0.45478105545
7	0	0.626467227936
7	1	0.573148965836
8	1	0.428204059601
8	1	0.626481056213
8	1	0.586474180222
8	1	0.586442947388
8	1	0.466493844986
8	1	0.599696874619
8	1	0.813023090363
8	1	0.533145904541
8	1	0.653081893921
8	1	1.58608102798
8	1	0.641451835632
8	1	0.506458997726
8	1	0.466561079025
7	1	0.546497106552
7	1	0.666412115097
7	1	0.586465120316
7	1	1.24127697945
8	1	0.693138122559
8	1	0.479900836945
7	0	0.639788866043
7	1	0.628055810928
8	1	0.599853992462
7	1	0.559738874435
7	1	0.548069953918
7	1	0.546517848969
7	1	0.706426143646
8	1	0.5598320961
8	1	0.748062133789
8	1	0.733098983765
7	1	2.13258194923
7	1	0.733113050461
8	1	0.626415967941
8	1	0.586384057999
8	1	0.706395864487
7	0	1.17461299896
7	1	0.814819812775
8	1	0.719800949097
8	1	0.639738082886
8	0	0.839687108994
7	1	0.586401939392
8	1	0.453147888184
8	0	2.06601309776
8	1	0.866390943527
7	1	0.559796094894
8	1	0.508290052414
7	1	0.546407938004
7	1	0.466480970383
8	1	0.506484031677
8	1	0.519833087921
8	1	0.479861021042
7	1	0.599759101868
7	1	0.90796995163
8	0	0.839684963226
7	1	0.559818983078
7	1	0.493231058121
7	0	0.932954072952
7	1	0.613090991974
7	0	0.773129940033
8	1	0.574839115143
8	0	0.719758987427
8	1	0.599837064743
8	1	0.559836864471
7	1	0.53317284584
7	1	0.599786043167
8	0	0.786464929581
7	1	0.59974694252
7	0	0.586472034454
8	1	0.932949066162
8	0	0.919667959213
7	1	0.906342029572
8	1	0.481665849686
7	1	0.506507158279
8	1	0.733112096786
8	1	0.919725179672
7	0	0.559792995453
7	1	0.786502838135
8	0	0.708197116852
7	1	0.599796056747
8	1	0.559695005417
8	0	0.599833011627
8	1	0.546476840973
8	1	0.533107042313
8	1	1.41282105446
7	0	0.8130838871
7	0	0.586501836777
8	0	0.586470842361
7	1	0.559868097305
7	1	0.573163986206
8	1	1.31950807571
8	1	0.533156871796
7	1	0.573241949081
7	0	0.759856939316
8	1	1.17289090157
7	1	0.653063058853
8	1	0.839721918106
8	1	1.02628397942
7	0	1.46619486809
7	1	0.599843978882
7	1	0.721392869949
7	0	0.734794855118
5	1	0.826407909393
6	1	0.506517887115
6	1	0.613132953644
5	0	1.01288795471
6	0	0.546454906464
5	1	0.559840917587
5	1	0.706432819366
6	1	0.626488924026
5	1	0.879648208618
6	1	0.559715986252
6	1	0.519867181778
5	1	1.19955396652
5	1	0.893030166626
5	1	0.534930944443
6	1	0.51985502243
5	0	0.466480016708
6	1	0.626533985138
6	1	0.639788866043
6	1	0.626441955566
5	0	0.639811992645
5	1	0.628123998642
5	1	2.22579598427
6	1	0.588279008865
5	1	0.534842967987
6	1	0.719752788544
5	0	1.59946703911
6	0	0.559734106064
6	0	0.653040885925
5	1	1.77280497551
6	0	0.628166913986
5	1	0.519795894623
5	1	0.639750003815
5	1	0.748039007187
5	1	1.90604281425
6	0	0.679785966873
6	0	0.826406955719
5	1	0.493200063705
5	1	0.813082933426
5	1	0.573152065277
6	1	0.453299999237
5	1	0.613091945648
5	0	0.439843893051
6	1	0.586468935013
6	1	0.746390104294
6	1	0.54648399353
6	1	0.519881010056
6	1	0.546398162842
5	1	1.34615588188
6	1	0.599840164185
5	1	1.039686203
6	1	0.479816198349
5	1	0.441577911377
5	1	0.426543951035
5	1	0.599781990051
5	1	0.479861974716
6	1	1.25288391113
6	1	1.17293214798
6	1	0.586457967758
6	1	0.613051891327
6	1	0.559839010239
5	1	0.613126993179
5	0	0.479869842529
5	0	0.586531162262
5	1	0.839615821838
6	1	0.506509065628
5	1	0.586474895477
5	1	0.466502189636
6	1	0.519862890244
5	1	1.8127219677
6	1	1.03960800171
5	1	0.533133983612
6	1	0.466524839401
6	1	0.466496944427
5	0	0.428273200989
6	1	0.719709873199
5	1	0.506525993347
5	1	0.773144960403
6	1	0.561590194702
5	1	0.799748897552
6	1	0.586559772491
5	1	0.959582805634
5	1	0.479877948761
5	1	0.453188896179
5	1	0.639712095261
5	1	0.61315202713
5	0	0.519844770432
6	1	0.573098897934
6	1	0.599793195724
6	1	0.493227958679
5	1	0.839712142944
6	1	0.50656414032
5	1	0.506545782089
5	1	0.613008022308
5	1	0.573068857193
6	1	0.613085031509
6	1	0.586506843567
5	1	0.586418867111
6	0	1.89269089699
6	1	0.599774122238
5	1	0.706500053406
6	1	1.19957280159
5	1	0.548125982285
6	1	1.05459785461
5	1	0.639765024185
5	1	0.839640140533
6	1	0.508274078369
6	1	0.586489915848
5	1	1.3328640461
5	1	0.693052053452
6	0	1.90596318245
6	1	0.546484947205
5	1	0.493103027344
5	1	0.546428918839
6	0	0.853078126907
5	1	0.506413936615
6	1	0.533134937286
5	1	0.55973815918
6	1	0.508248090744
5	1	0.614720106125
5	1	0.70641207695
6	1	0.386530160904
5	1	0.50644993782
5	1	0.613168001175
5	1	0.868057966232
6	1	0.479887008667
5	1	0.479831933975
6	1	0.479736089706
5	1	0.733068943024
6	1	0.506534099579
6	1	0.519924163818
5	1	0.479778051376
5	1	0.493199825287
5	1	1.1862821579
5	1	1.11961507797
6	1	0.468381881714
6	1	0.586454153061
5	1	0.641533136368
5	1	0.599877119064
6	1	0.679794073105
6	0	1.45283722878
5	1	0.613139867783
5	1	0.533248901367
6	1	0.575011968613
5	1	0.639778852463
5	0	1.13293600082
6	1	0.479819059372
5	1	0.613039016724
5	0	0.972947120667
6	1	0.719676971436
5	1	0.653072834015
5	0	0.533177137375
6	1	0.679746866226
5	1	0.708174943924
6	1	0.519872903824
6	1	0.719745874405
5	1	0.906346797943
5	1	0.519757986069
5	1	0.733117103577
5	1	0.734825849533
5	1	1.50609111786
5	1	0.54648399353
6	1	0.533174037933
5	0	0.479851007462
6	1	2.58581399918
5	0	0.693024158478
5	1	0.933017969131
5	0	1.01298093796
5	1	0.693140029907
6	1	0.719715118408
6	1	0.573101997375
6	1	0.999696969986
5	1	0.586467027664
6	1	0.479812860489
5	1	0.453121900558
6	0	0.413136959076
6	1	0.479900836945
5	1	1.38621592522
5	0	0.559844017029
6	1	0.653147220612
5	0	0.759701013565
6	0	0.453072071075
5	1	0.746378898621
5	0	0.479851007462
5	1	0.519948959351
6	1	0.493093967438
5	1	0.613087177277
6	0	0.574820041656
5	1	0.479826927185
5	1	0.746454954147
6	1	1.87932896614
6	1	0.534865140915
6	1	0.506456136703
6	0	0.426551103592
6	1	0.614863872528
5	1	0.586513996124
5	1	0.453202009201
6	0	0.508364915848
6	1	0.479817867279
6	1	0.639823198318
6	1	0.559815168381
5	1	0.719720125198
5	0	0.639755964279
6	0	0.559753894806
6	1	0.628139972687
5	1	0.439875841141
6	0	0.47981095314
6	1	0.426535129547
5	0	0.614869117737
5	0	0.43975019455
6	1	0.55978178978
5	1	1.27952003479
5	1	0.653127908707
5	1	0.666440010071
5	1	0.506438970566
5	1	1.55946612358
5	0	0.599721193314
5	1	0.506520986557
6	1	0.453186988831
6	1	0.45313000679
6	1	0.453171014786
6	0	0.893022060394
6	1	0.53320980072
5	1	0.65491604805
5	0	0.506417989731
5	1	0.493070840836
6	1	0.639800071716
6	0	0.466484069824
5	1	0.55973482132
5	0	0.573081016541
5	1	0.559756994247
5	1	0.466373920441
6	1	0.51979804039
5	0	1.02636098862
5	1	0.719662904739
6	1	0.599684000015
5	0	0.4931640625
5	1	0.85306596756
5	1	0.55984210968
6	1	0.693180799484
6	1	0.533138990402
6	1	0.508061170578
6	1	0.546396017075
6	1	0.973098039627
5	1	0.813030958176
6	1	0.586494922638
5	1	0.559841156006
6	1	0.746335983276
5	1	0.613169908524
6	1	0.506525039673
5	1	0.934620857239
5	1	0.706449985504
5	1	0.759740114212
6	1	0.693139076233
6	1	0.601566791534
6	1	0.546545028687
6	1	0.853116035461
6	1	0.548254966736
6	1	0.586410045624
5	1	0.639633893967
6	0	0.441519975662
5	1	0.759654045105
6	1	0.453168869019
6	1	0.679775953293
5	1	0.546468019485
5	1	0.439797878265
6	1	0.506581068039
5	1	0.506505966187
6	1	0.453203201294
6	0	0.533165931702
5	1	0.59974694252
6	1	0.57311797142
6	1	0.533155202866
6	1	0.493196964264
3	1	0.706223011017
3	1	0.706695079803
3	1	0.5200278759
3	1	0.59975194931
3	1	0.546257972717
3	1	0.546215057373
3	1	0.479489088058
3	1	0.972778081894
3	1	0.493367910385
3	1	1.01294994354
3	1	0.612868070602
3	1	0.559448003769
3	1	0.519484996796
3	1	0.679500102997
3	0	0.493102073669
3	1	0.679841995239
3	1	0.613322019577
3	1	0.506711959839
3	1	0.653160095215
3	1	0.572905063629
3	1	0.492897033691
3	1	0.466366052628
3	1	0.706135988235
3	1	0.679423093796
3	1	0.58612203598
3	1	0.613195180893
3	0	0.773354053497
3	1	0.546545028687
3	1	0.506479978561
3	1	0.786139011383
3	1	1.26564717293
3	1	0.572947978973
3	1	0.559513092041
3	1	0.546170949936
3	1	1.79902005196
3	1	0.546652078629
3	1	0.573362112045
3	0	0.74661898613
3	1	0.586155891418
3	1	1.18627214432
3	1	0.546643018723
3	1	0.573290109634
3	1	0.652969121933
3	1	0.586160898209
3	1	0.586197137833
3	1	0.492788076401
3	1	0.519502162933
3	1	0.586116075516
3	1	0.799499034882
3	1	0.506716012955
3	1	0.573325157166
3	1	0.719950914383
3	1	0.69281411171
3	1	0.546170949936
3	1	0.572868108749
3	1	0.519484996796
3	1	0.586236953735
3	1	0.492889881134
3	1	0.532867908478
3	1	0.47966003418
3	1	0.772876977921
3	1	0.626662969589
3	0	0.679490089417
3	1	0.50626707077
3	1	0.47952580452
3	1	0.559478998184
3	1	0.50617313385
3	1	0.546202898026
3	1	1.82573080063
3	0	0.786358118057
3	1	0.74622297287
3	1	0.812850952148
3	1	0.519516944885
3	1	0.652827978134
3	0	1.07954216003
3	0	0.706098079681
3	1	2.31851196289
3	1	0.519520044327
3	1	0.652838945389
3	0	0.959455013275
3	1	0.586697101593
3	1	0.626132011414
3	1	0.452939033508
3	1	1.70557999611
3	1	0.532851219177
3	1	0.65292096138
3	0	0.559557914734
3	1	0.599727153778
3	1	0.533401966095
3	1	0.493376016617
3	1	0.533442974091
3	1	0.600070953369
3	1	0.653235912323
3	1	0.666219949722
3	1	0.519516944885
3	1	0.626195192337
3	1	0.57287812233
3	1	0.666218996048
3	1	0.586636781693
3	1	0.693393945694
3	1	0.613250017166
3	1	0.572906970978
3	0	0.972825050354
3	1	0.55992102623
3	1	0.586642026901
3	1	0.613335847855
3	1	0.679756879807
3	1	1.19940304756
3	1	1.51953196526
3	1	1.15946698189
3	1	0.786139011383
3	1	1.90573191643
3	1	0.492784976959
3	1	0.612986087799
3	1	0.586148023605
3	1	0.532822847366
3	1	0.679511070251
3	1	0.759861946106
3	1	0.506731033325
3	1	0.533354997635
3	1	0.666270017624
3	1	0.506199836731
3	1	0.572798013687
3	1	0.892845153809
3	0	0.47981595993
3	1	0.586494922638
3	1	0.626758098602
3	0	1.14610385895
3	1	0.82616519928
3	1	0.533256053925
3	1	0.573268175125
3	1	0.719607114792
3	1	0.572816133499
3	1	0.519548177719
3	1	0.506240129471
3	1	0.839461088181
7	1	0.946238040924
7	1	0.853205919266
8	0	0.572770833969
7	1	0.879531860352
7	1	0.466195821762
7	1	0.799487829208
8	1	0.559964895248
7	1	0.439936876297
8	1	0.506571054459
8	1	0.399999141693
8	1	0.533257961273
8	0	0.533361911774
7	1	0.519995927811
8	0	0.546694993973
8	1	0.54665184021
7	1	0.506645917892
8	1	0.546628952026
7	1	0.45329618454
8	0	0.61288690567
7	1	0.692883968353
7	1	0.492752075195
8	1	0.586169958115
8	1	0.479502916336
7	1	0.532886981964
8	1	0.479484081268
8	1	0.559432029724
8	1	0.666224956512
7	1	0.533384084702
7	1	0.57340502739
8	1	0.653393983841
7	0	0.54660987854
7	1	0.799519062042
8	1	0.866100072861
7	0	0.613359928131
8	1	0.799690961838
7	1	0.493108987808
7	1	1.1861641407
7	1	0.653331041336
8	1	0.732787132263
8	0	1.54567813873
8	1	0.786152839661
7	1	0.746214866638
8	1	0.812978982925
7	1	0.679619073868
7	1	0.572927951813
7	0	0.666146993637
7	1	0.546226978302
8	0	0.573174953461
7	1	0.559911966324
7	1	0.613297939301
8	1	0.879528999329
8	1	0.666126012802
8	1	0.532801866531
7	1	0.652830123901
7	1	0.680024862289
7	1	0.93280005455
8	1	0.546195983887
7	1	0.826143980026
8	1	0.586654901505
8	1	0.546625852585
8	1	0.71995306015
8	1	0.612987995148
7	1	0.55957698822
8	1	1.71907496452
7	1	0.799560070038
7	1	0.600055932999
8	1	0.586694955826
7	1	0.69295501709
8	1	0.559480905533
7	1	1.10628318787
8	1	0.786374092102
7	0	1.22616696358
8	1	0.546705007553
8	1	1.0261118412
8	1	0.519573926926
7	1	0.839473962784
7	1	0.599936962128
7	1	0.546601057053
7	1	0.560016155243
7	1	0.559671163559
7	0	0.493069887161
7	0	0.772876977921
7	1	0.572878837585
8	1	0.612799882889
7	1	0.626428127289
7	1	0.613350152969
8	1	0.839522838593
7	1	0.506217956543
7	0	0.719527959824
7	0	1.09292793274
7	1	0.573083877563
7	1	0.652907133102
7	1	0.906101942062
7	1	0.71998000145
8	0	0.879528045654
8	1	0.586141824722
8	1	0.732857942581
8	1	0.613250017166
7	1	1.02615904808
8	1	0.612823009491
7	1	0.572777986526
8	1	0.559558868408
8	1	0.546182155609
8	0	0.959635972977
7	1	0.572999954224
7	0	0.946166992188
8	1	0.613121032715
8	1	0.679936885834
8	0	1.03953099251
8	1	0.506302118301
7	1	0.972851037979
7	0	0.73294711113
8	1	0.546145915985
8	1	0.532842874527
7	1	0.692836999893
7	1	0.679543018341
8	1	0.493310213089
7	1	0.680035114288
8	1	0.453300952911
8	0	0.720071792603
7	0	0.839487075806
8	1	0.732902050018
8	1	0.546598911285
8	1	0.546730995178
8	1	0.480025053024
8	1	0.64009809494
8	0	0.826205015182
7	1	0.586143016815
8	1	0.626126050949
7	1	0.532851934433
7	1	0.559495925903
7	1	0.572820901871
8	0	0.62650513649
8	0	0.506623029709
8	1	0.586647987366
8	1	0.533316135406
8	1	0.879509210587
4	1	0.83970785141
4	1	0.466728925705
4	1	0.49328994751
4	1	0.852794885635
4	0	0.47948718071
4	1	0.546155929565
4	1	0.546096086502
4	1	0.466181993484
4	1	0.732896089554
4	1	0.57293009758
4	1	0.546499967575
4	1	0.520054101944
4	1	0.506618022919
4	1	0.693346977234
4	0	0.826157093048
4	1	0.506152868271
4	0	0.519519090652
4	1	0.519462823868
4	1	0.61274600029
4	1	0.519510984421
4	1	1.34569811821
4	1	0.612756967545
4	0	0.65277504921
4	1	0.519755125046
4	1	0.773282051086
4	1	0.506696939468
4	1	0.519994020462
4	1	0.506603002548
4	1	0.732758998871
4	1	0.759462118149
4	1	0.506145000458
4	1	0.652793884277
4	1	0.693298101425
4	0	1.05286884308
4	1	0.572714090347
4	1	0.519512891769
4	1	0.572795152664
4	0	0.466364860535
4	1	0.559680938721
4	1	0.506494045258
4	1	0.546612024307
4	0	0.466650009155
4	1	0.626727819443
4	1	0.746629953384
4	1	1.07958912849
4	1	0.493157863617
4	1	0.559939861298
4	0	1.332903862
4	0	0.826248168945
4	1	0.932775020599
4	1	0.452839851379
4	1	0.639410018921
4	1	0.466118812561
4	1	0.519603967667
4	1	0.852900981903
4	1	0.493343114853
4	1	0.746604919434
4	0	0.932770967484
4	1	0.559612035751
4	1	0.532912015915
4	0	0.479690074921
4	1	0.799705028534
4	1	0.559927940369
4	1	0.9328520298
4	1	0.732904911041
4	1	0.786535978317
4	1	0.693017959595
4	1	0.759526968002
4	1	0.586215019226
4	1	0.919427156448
4	0	1.22611093521
4	1	0.719913959503
4	1	0.772925853729
4	1	0.946193933487
4	1	0.826411962509
4	1	0.692978143692
4	1	0.546200037003
4	1	0.626096010208
4	1	1.14614701271
4	1	0.759438991547
4	1	0.639442205429
4	0	0.826159954071
4	1	0.760014057159
4	0	0.786085128784
4	1	0.746155977249
4	1	0.719432115555
4	1	0.799819946289
4	1	0.61282992363
4	1	1.01285791397
4	1	0.626737117767
4	1	0.546656131744
4	1	0.732958078384
4	1	0.932895898819
4	1	0.63966012001
4	1	0.559993982315
4	1	0.759927988052
4	1	0.599502086639
4	1	0.559489965439
4	1	0.82613492012
4	1	0.546262979507
4	1	0.54647397995
4	1	0.746693134308
4	1	0.533306837082
4	1	0.573308944702
4	1	0.559772014618
4	1	0.719511032104
4	0	0.706212043762
4	1	0.626206874847
4	1	0.86666893959
4	1	0.546394109726
4	1	0.54615187645
4	0	0.519504070282
4	1	0.586158037186
4	1	0.586113929749
4	1	0.626223087311
4	1	0.759541034698
4	1	0.55995798111
4	1	0.519926071167
4	1	0.706485033035
4	1	0.55958199501
4	1	0.49288392067
4	1	0.572902917862
4	1	0.626154899597
4	1	0.57271695137
4	1	0.586137056351
4	1	0.786211967468
4	0	0.799622058868
4	1	0.492989063263
4	1	0.666265964508
4	1	0.586168050766
4	1	0.652817964554
4	1	1.91901898384
4	1	1.49282288551
4	0	0.69292807579
4	1	0.812836885452
4	1	0.65284705162
1	1	0.640029907227
1	1	0.57310795784
1	1	0.519761800766
1	1	0.572849035263
1	1	0.612905979156
1	1	0.439481019974
1	0	1.10618185997
1	1	0.506739139557
1	1	0.746248006821
1	1	0.492964029312
1	1	0.426482915878
1	0	0.426691055298
1	1	0.559844970703
1	1	0.546368122101
1	1	0.572880983353
1	1	0.532782077789
1	1	0.54619383812
1	1	0.532860040665
1	1	0.452852010727
1	1	0.466197967529
1	1	0.506191015244
1	1	0.639468193054
1	1	0.519582033157
1	1	0.732820034027
1	1	0.600035190582
1	1	0.746539831161
1	1	0.493304014206
1	1	0.559728860855
1	1	0.493021965027
1	1	0.532727956772
1	1	0.519436836243
1	1	0.586174964905
1	1	0.626127958298
1	1	0.89279294014
1	1	0.573346138
1	1	0.586650848389
1	1	0.613037109375
1	1	0.786177158356
1	1	0.506189823151
1	1	0.626215934753
1	1	0.559650182724
1	1	0.573143005371
1	1	0.773365974426
1	1	0.506654977798
1	1	0.612996101379
1	1	0.493039131165
1	1	0.719459056854
1	1	0.71954703331
1	1	0.826305866241
1	0	0.879491090775
1	1	0.599469900131
1	1	0.639472007751
1	1	0.532865047455
1	1	0.559684038162
1	1	0.559885025024
1	1	1.86602020264
1	1	0.559484004974
1	1	0.652895212173
1	1	0.679496049881
1	1	0.49288392067
1	1	0.692864894867
1	1	0.466719865799
1	1	0.506696939468
1	1	0.599889993668
1	0	0.639990091324
1	0	0.83948302269
1	1	0.586101055145
1	0	0.559489965439
1	1	0.546139001846
1	0	0.612837076187
1	1	0.519927978516
1	1	0.599973917007
1	1	1.42616581917
1	1	0.546628952026
1	1	0.546751022339
1	1	0.733460903168
1	1	0.692854881287
1	1	0.639489889145
1	1	0.599483966827
1	1	0.506158828735
1	1	0.546180963516
1	1	0.612982034683
1	1	0.5466401577
1	1	0.546679019928
1	1	0.533312797546
1	1	0.879520893097
1	1	0.546108007431
1	1	0.639596939087
1	1	0.532751083374
1	1	0.572783946991
1	1	0.732748985291
1	1	0.520020008087
1	1	0.519951105118
1	1	0.626675128937
1	1	0.613190174103
1	1	0.639507055283
1	1	0.65288901329
1	1	0.679550886154
1	1	0.719643831253
1	1	0.533421993256
1	1	0.62672495842
1	1	0.786156177521
1	1	1.01288986206
1	1	0.546741008759
1	1	0.600033044815
1	1	0.50679397583
1	1	0.533333063126
1	1	0.559864044189
1	1	0.666199922562
1	1	0.479439973831
1	1	0.559470176697
1	1	0.492791891098
1	1	0.466077804565
1	1	0.386219978333
1	1	0.586163043976
1	1	1.11945796013
1	1	0.533391952515
1	1	0.440066099167
1	0	0.986222982407
1	0	0.746145009995
1	1	0.666435003281
1	1	0.453232049942
1	1	0.573263883591
1	1	0.493324041367
1	1	0.600000858307
1	0	0.559966087341
1	1	0.852797985077
1	1	0.492982149124
1	1	3.25149297714
1	1	0.532896995544
1	1	0.586188077927
1	1	0.546170949936
1	1	0.546187162399
1	1	0.692907094955
1	0	1.13241100311
1	1	0.53283405304
1	1	0.612827777863
1	1	0.799555778503
1	1	0.50677895546
5	1	0.652781009674
5	1	0.986253023148
5	1	0.586619853973
5	1	0.533282995224
5	1	1.09277296066
5	0	0.679794073105
6	0	0.76002907753
6	1	0.519794940948
5	1	0.639492988586
5	1	1.90577793121
5	1	0.533170938492
5	1	0.893208026886
6	1	0.732791900635
5	1	0.852792978287
6	1	0.519984006882
5	0	0.946197986603
5	1	0.892718076706
6	1	0.732860088348
6	1	0.653215169907
5	1	0.692808866501
5	1	0.73286485672
6	1	0.639448165894
5	0	0.892928123474
5	1	0.533371925354
5	1	0.533348083496
5	1	0.586400032043
6	1	0.839492797852
5	1	0.559494972229
6	1	0.626215934753
6	1	0.506683111191
5	0	0.893071889877
6	1	0.559551000595
5	1	0.812896966934
6	1	0.772801876068
5	1	0.586622953415
5	1	0.786257982254
6	1	1.4128139019
5	1	0.519857168198
6	1	0.679493904114
5	0	0.572885990143
5	0	0.532866954803
6	1	0.626175165176
5	1	0.532820940018
5	1	0.506300210953
5	1	0.58633685112
6	1	0.493363857269
6	1	0.5333340168
6	1	0.65344119072
5	1	0.520042896271
6	1	0.520030021667
6	1	0.453227043152
6	1	0.533232927322
6	1	0.42666220665
6	1	0.57324719429
6	1	0.453384876251
5	1	2.03899407387
5	1	0.439531087875
6	1	0.572828054428
6	1	0.626178979874
5	1	0.653075933456
6	1	0.799927949905
5	1	0.666219949722
5	1	0.492877006531
6	1	0.679474115372
6	1	0.652797937393
5	0	0.693093061447
6	1	0.6533639431
5	1	0.600018024445
6	1	0.719585180283
5	1	1.49232602119
5	1	0.746213912964
5	1	0.479457139969
6	1	0.506113052368
5	1	0.559481143951
6	1	0.493062019348
5	1	0.533030986786
6	0	0.573289871216
6	1	0.46657204628
6	1	0.533316135406
5	1	0.839905023575
6	1	0.453284025192
6	1	0.639533042908
6	1	0.572887897491
5	1	0.58606505394
5	1	0.639567136765
5	1	0.799536943436
6	1	0.50674700737
6	1	0.626575946808
6	1	0.559905052185
6	1	0.49335193634
6	1	0.559836864471
5	1	0.546214818954
6	1	0.586156129837
5	1	0.692804813385
6	1	0.519526004791
5	1	1.23900389671
6	1	0.759546041489
6	1	0.679503202438
5	1	1.29286909103
6	0	0.772886991501
5	1	0.733408927917
6	1	0.652966022491
6	1	0.599483013153
5	1	0.506179094315
6	1	0.586213827133
6	1	1.91903805733
5	1	0.546663045883
5	1	0.812789916992
5	1	0.546138048172
5	1	0.666219949722
5	1	0.572834014893
5	1	0.572828054428
6	1	0.626191854477
5	1	0.479965925217
6	1	0.533325910568
6	1	0.560080051422
5	1	0.519996881485
5	0	0.959450960159
6	1	0.46616601944
6	1	0.412833929062
5	1	0.4928150177
6	1	0.479541778564
5	0	0.706098079681
5	0	0.546140193939
6	1	0.51950097084
5	0	0.532726049423
6	0	0.719550132751
5	1	0.600090026855
6	1	1.02617692947
6	0	0.746093988419
6	1	0.706367969513
6	1	0.706706047058
6	1	0.61291718483
6	1	0.532911062241
6	1	0.586155176163
6	1	1.71894717216
7	0	1.17277812958
8	1	0.613215923309
7	1	0.546643018723
8	1	0.453350782394
8	0	0.586673021317
7	0	0.586557149887
7	0	0.493180990219
7	1	0.892840862274
8	1	1.09267878532
7	1	0.732862949371
8	1	0.852804899216
8	1	0.72002196312
7	1	0.613358974457
7	1	0.493360996246
8	1	0.546526193619
7	1	0.519861936569
8	1	0.519695043564
7	1	0.626116991043
7	1	0.706102132797
7	1	0.706128120422
7	1	0.506654024124
7	1	0.773361206055
7	1	0.480083942413
7	1	0.586702823639
7	1	0.506579875946
8	1	0.626163959503
8	0	0.679429769516
8	1	0.706108093262
8	1	0.999571084976
7	1	0.77281498909
7	1	0.546157121658
8	1	0.599417924881
7	1	0.612827062607
7	1	0.613273143768
7	1	0.506695985794
7	1	0.653279066086
8	1	2.13229298592
7	1	0.613028049469
7	1	0.77338886261
7	1	0.493227005005
8	1	0.692842960358
8	1	0.6128718853
7	1	0.506206035614
7	1	0.666167020798
8	1	0.626195907593
8	1	0.560018062592
8	0	0.573262929916
7	1	0.693281173706
7	1	0.613004922867
7	1	0.612830877304
8	1	0.74612903595
7	1	0.732842922211
7	1	0.546700000763
8	1	0.60004901886
8	1	0.546699047089
7	1	0.679615974426
8	1	0.439918041229
8	1	0.533060073853
7	1	0.612828016281
7	1	0.732826948166
7	1	0.452840089798
8	1	0.626204013824
7	1	0.439666032791
7	1	0.426200151443
8	1	0.426167964935
7	1	0.599520921707
7	0	0.492769956589
7	1	0.652812957764
7	1	0.493276834488
7	1	0.480012893677
7	1	0.786562919617
7	1	0.679708957672
7	1	0.666141033173
7	1	0.759500980377
8	1	1.81236505508
8	0	1.17284393311
7	0	0.666152000427
8	1	0.626703977585
7	0	0.640002012253
7	0	0.599695205688
8	0	0.612799882889
8	0	0.67950797081
8	1	0.599573850632
8	1	0.692862033844
7	1	0.493337154388
7	1	0.386636018753
7	1	0.466466188431
7	1	0.599701881409
8	0	0.506721973419
7	0	0.573297977448
8	1	0.586687088013
8	1	0.839601993561
7	0	0.852858066559
7	0	0.866327047348
7	0	1.10619187355
7	1	0.986254930496
8	1	0.612811088562
7	1	0.692817926407
7	1	0.572740077972
7	1	0.759527206421
8	1	0.546663999557
8	1	0.573360919952
8	1	0.946161985397
8	1	0.626202106476
7	1	0.506108045578
8	1	1.34560585022
7	1	0.972827911377
8	1	0.666604995728
7	0	0.586564064026
8	1	0.612790107727
7	1	0.492809057236
7	1	0.732724905014
7	1	0.519401073456
8	1	0.679452180862
7	1	0.479876041412
7	1	0.506447076797
8	1	0.733309984207
8	1	0.666658878326
8	1	0.626169919968
7	1	0.586104869843
8	1	0.559506893158
8	1	0.652812004089
8	0	1.07921600342
7	1	0.572808980942
7	1	0.532820940018
7	0	0.586081027985
8	1	0.546091079712
8	1	0.732934951782
8	1	0.586474895477
8	1	0.600074052811
7	1	0.653323173523
8	1	0.586654901505
8	0	1.03947806358
7	1	0.813090085983
8	0	0.799590110779
8	1	0.58616900444
8	1	0.826200962067
6	1	0.63948392868
5	1	0.54619383812
5	1	0.759436130524
6	1	0.546236991882
5	1	0.626114845276
5	1	0.560045003891
6	1	0.639998912811
5	1	0.666702985764
5	1	0.493233919144
6	1	0.54648399353
5	1	0.612871170044
6	1	0.599499940872
6	1	0.746209859848
5	1	0.799716949463
5	1	0.586710929871
5	0	0.879447937012
5	1	0.679491996765
6	1	0.492918014526
6	1	0.466145038605
5	1	0.439564943314
5	1	0.506179094315
5	1	0.65281701088
6	1	0.399911880493
6	1	0.506203889847
5	0	0.519657850266
5	1	0.426357984543
6	1	0.51947593689
5	1	0.586135864258
6	0	0.480017185211
6	1	0.546571016312
5	1	0.799967050552
6	1	2.14573693275
5	1	0.533224821091
5	1	0.479923963547
5	1	0.546650886536
6	1	0.559993028641
5	1	0.586668014526
5	1	0.61336183548
6	1	0.626196146011
6	1	0.546169996262
6	1	0.586117982864
6	1	0.479465961456
6	1	0.506227970123
6	1	0.57284784317
6	1	0.53271818161
5	0	0.386106967926
6	1	0.852876901627
5	1	0.520004987717
6	1	0.559977769852
6	1	0.49343085289
6	1	0.613306999207
5	0	0.413405895233
5	0	0.813019990921
6	1	0.532985925674
5	1	0.546205043793
5	1	0.546139001846
6	1	0.492841005325
5	0	0.559556007385
5	1	0.959479093552
5	1	0.733396053314
6	1	1.09284806252
6	1	0.573210000992
5	1	1.4261879921
6	0	0.746615886688
6	1	0.466727972031
6	1	0.61335515976
6	1	0.493310928345
5	1	1.18618917465
5	1	0.680001020432
6	1	0.759696006775
6	1	0.599500894547
5	1	0.572700023651
6	1	0.639469861984
6	1	0.612887144089
5	1	0.626317024231
6	1	0.560040950775
6	1	0.666729927063
6	1	0.493324041367
5	1	0.652976036072
5	0	0.586081027985
6	1	0.466229915619
6	1	0.586198091507
5	1	0.852877140045
5	1	0.626551151276
5	1	0.573380947113
6	1	0.546724081039
5	1	0.892902851105
5	1	0.772845029831
6	1	0.666452884674
5	1	1.91894602776
5	1	0.999514102936
6	1	0.640093803406
5	1	0.879456043243
5	1	0.666228055954
6	1	0.786157846451
6	0	0.919677019119
5	0	1.06610393524
6	1	0.493387937546
6	1	0.586760997772
6	1	0.493433952332
5	1	0.932833909988
5	1	0.626096963882
5	1	0.57284617424
5	0	0.679491043091
6	1	0.546485900879
6	1	0.520015954971
5	0	0.57336807251
5	1	0.9594810009
5	1	0.506208896637
5	1	0.506214857101
5	1	0.599492073059
5	1	0.466142177582
6	1	0.559463977814
6	1	0.586152076721
6	1	0.546118021011
6	1	0.586343050003
5	1	0.6666431427
5	0	0.480008125305
6	1	0.679972887039
6	1	0.546545028687
6	1	0.626194000244
5	1	0.479480028152
6	1	0.759521961212
6	1	0.506232976913
6	0	0.572834014893
6	0	0.719617843628
6	1	0.639997005463
5	1	0.49329996109
5	0	0.719574928284
5	1	0.932912111282
6	0	0.506282091141
5	1	0.613080024719
5	0	0.693277835846
6	1	0.493256092072
5	1	0.519985198975
5	1	0.533431768417
6	1	0.786159992218
5	0	0.759455919266
5	1	0.679529190063
2	1	0.826097011566
2	1	0.492807865143
2	1	0.532798051834
2	1	0.692882061005
2	1	0.506583213806
2	1	0.613349199295
2	1	0.959493875504
2	1	0.81288599968
2	0	0.759610891342
2	0	0.439996957779
2	1	0.653370141983
2	0	0.986191034317
2	1	0.626182079315
2	1	0.50617980957
2	1	0.599613904953
2	1	0.626723051071
2	1	0.546678066254
2	0	0.413276910782
2	1	0.626622915268
2	1	0.613352060318
2	1	0.45325088501
2	1	0.573233127594
2	1	0.519819021225
2	1	0.439996957779
2	0	0.493376016617
2	1	0.866146087646
2	1	0.572715997696
2	1	0.519437074661
2	1	0.61282992363
2	1	0.439955949783
2	0	0.506319999695
2	1	0.573206186295
2	0	0.413456916809
2	1	0.533137083054
2	1	0.533281087875
2	1	0.466655015945
2	1	0.560012102127
2	1	0.453354120255
2	1	0.613378047943
2	0	1.05285382271
2	1	0.532977104187
2	1	0.612898826599
2	1	0.439572811127
2	1	0.599590063095
2	0	0.719678878784
2	1	0.759832143784
2	1	0.652861833572
2	1	0.532823085785
2	1	0.572819948196
2	1	0.692764997482
2	1	0.532810926437
2	1	0.746360063553
2	1	0.706580877304
2	0	0.746183872223
2	1	0.586179018021
2	0	0.559524059296
2	0	0.599447011948
2	1	0.519573926926
2	1	0.533210992813
2	1	0.533274173737
2	0	0.573352813721
2	1	0.573286056519
2	1	0.573431968689
2	1	0.719504117966
2	1	0.466295003891
2	0	0.639491081238
2	1	0.506280899048
2	1	0.81288599968
2	1	0.546448945999
2	0	0.679968118668
2	1	0.506733894348
2	1	0.586577892303
2	0	0.506750822067
2	1	0.466701030731
2	0	2.67868304253
2	1	0.799472093582
2	0	0.626102924347
2	1	0.532907962799
2	0	0.586416959763
2	1	0.866465091705
2	0	0.546422958374
2	1	0.572793960571
2	1	0.546154022217
2	0	0.639510154724
2	1	0.666159152985
2	1	0.546323776245
2	1	1.35943102837
2	1	0.519404172897
2	0	1.45243096352
2	1	0.639472007751
2	1	0.693197011948
2	1	0.626664876938
2	1	0.493407964706
2	1	0.586607933044
2	1	0.506560087204
2	1	0.5861120224
2	1	0.612879991531
2	0	1.17284202576
2	0	0.732927083969
2	0	0.89285993576
2	1	0.65314412117
2	1	0.559967041016
2	0	1.69291710854
2	1	0.666208028793
2	1	0.986121177673
2	1	0.706619024277
2	1	0.546697854996
2	1	0.546618938446
2	1	0.466628074646
2	1	0.533298015594
2	1	0.466650009155
2	1	0.50660777092
2	1	0.559807062149
2	1	0.892883062363
2	1	0.746237039566
2	1	0.479966878891
2	1	0.613369941711
2	1	0.519971132278
2	1	0.586766958237
2	1	0.613179206848
2	1	0.652857065201
2	1	0.49289393425
2	0	0.479486942291
2	1	1.15956306458
2	1	0.586682081223
2	0	1.452865839
2	0	0.692832946777
2	1	0.666163921356
2	1	0.666137933731
2	1	0.479434967041
2	1	0.559519052505
2	1	0.506156921387
2	1	0.479686975479
2	0	2.23850989342
2	1	0.559562206268
2	1	0.612814903259
2	1	0.692916154861
2	1	0.49337887764
6	1	0.693389892578
5	1	0.519996881485
5	1	0.46667098999
5	1	0.573251962662
5	1	1.13288092613
5	1	0.519976854324
6	1	0.693377971649
6	1	0.666491985321
6	1	0.639432191849
6	1	0.546231985092
6	1	0.599499940872
6	1	0.55953502655
5	1	0.692801952362
5	0	0.626606941223
6	1	0.519995927811
5	0	0.559996128082
6	0	0.986093997955
5	0	0.879452943802
6	1	0.493395805359
6	1	0.653372049332
5	1	0.866153001785
6	1	0.519519090652
5	1	0.492956876755
5	1	0.572834968567
6	1	0.599586009979
6	1	0.46626996994
5	1	0.73282289505
6	1	0.453299999237
6	1	0.613306999207
6	1	0.573374986649
6	1	0.560008049011
6	1	0.439930200577
6	1	0.480042934418
6	1	0.599990844727
5	1	0.466646909714
6	1	0.639651060104
6	1	0.466423034668
5	1	0.559509038925
6	1	0.50612616539
6	1	0.506165981293
5	1	0.559504032135
5	1	0.572818994522
6	0	0.532868146896
5	1	0.732841014862
5	1	0.559801101685
6	1	0.466761827469
6	1	0.453368902206
5	1	0.546514987946
5	1	0.559977054596
6	1	0.573371887207
5	1	0.546720981598
6	1	0.560058116913
5	1	0.493354082108
5	1	0.506698846817
6	1	0.599910974503
5	1	1.066147089
6	1	0.453211069107
6	1	0.559749126434
6	0	0.466594934464
6	1	0.679951906204
5	0	0.466703891754
5	1	0.573242902756
6	1	0.533274888992
5	1	0.453282833099
5	1	0.52000784874
5	1	1.25283503532
6	1	0.506582021713
6	1	0.546694993973
5	1	0.479995012283
5	1	0.640080928802
6	1	0.466590881348
6	0	0.746329069138
6	1	0.719485998154
5	1	0.59951210022
6	1	0.532910823822
6	1	0.492878913879
6	1	0.5328810215
6	1	0.626279115677
5	1	0.426581859589
5	1	0.506325006485
6	1	0.586362123489
5	1	0.413316011429
6	1	0.466372966766
5	1	0.439611911774
5	1	0.59955406189
5	0	0.493231058121
5	1	0.58650803566
5	1	0.480006217957
6	1	0.546699047089
5	1	0.586585044861
6	1	0.62668299675
5	0	0.626451969147
5	1	0.519572019577
5	0	0.85289311409
5	1	0.426252126694
6	1	0.479515075684
5	1	0.572865009308
6	1	0.452923059464
6	1	0.626152038574
5	1	0.599781990051
6	1	0.533345937729
6	1	0.559996128082
5	1	0.52000784874
5	1	0.493407011032
5	1	0.573352813721
5	1	0.413283824921
5	1	0.599992990494
5	1	0.453376054764
6	1	0.440005779266
5	1	0.560077905655
5	1	0.533306121826
5	1	0.426615953445
5	1	0.586709022522
6	1	0.466598987579
5	1	0.573318958282
5	1	0.652729034424
6	1	0.546110153198
6	1	0.452779054642
5	1	0.466219186783
6	0	0.492919921875
6	1	0.599468946457
5	1	0.599575042725
5	1	0.572843074799
6	1	0.439522027969
5	1	0.466221094131
5	1	0.612781047821
6	1	0.599436044693
5	1	0.466461181641
6	1	0.639810800552
5	1	0.466661930084
6	1	0.400018930435
6	1	0.533305883408
5	1	0.453368902206
5	1	0.493288993835
6	1	0.639898061752
6	1	0.506731033325
5	1	0.573308944702
6	1	0.466727972031
6	1	0.586598873138
5	1	0.440003871918
6	1	0.466649055481
6	1	0.506662845612
6	1	0.480031013489
6	1	0.653375864029
8	1	1.93236780167
8	1	0.560055017471
7	1	0.639991998672
8	1	0.639955043793
8	1	0.506536006927
8	1	0.479840040207
8	1	0.466674089432
7	1	0.599627971649
7	0	0.799575090408
8	1	0.546214103699
8	0	0.719491958618
8	1	1.18621897697
7	1	0.586194038391
8	1	0.559450864792
8	1	0.493108987808
8	1	0.506435155869
7	0	0.586345911026
7	0	0.613317966461
7	1	0.586780071259
8	1	0.453315973282
8	1	0.453401088715
8	1	0.413357973099
7	1	0.493311166763
8	1	0.43999505043
8	1	0.506726026535
7	1	0.493381977081
7	0	0.453374147415
8	1	0.49337887764
8	1	0.50669503212
8	1	0.493288993835
8	1	0.479999065399
7	0	0.533315896988
8	1	0.54668211937
7	1	0.613367080688
8	1	0.613340139389
7	1	0.626212120056
8	0	0.519508123398
8	1	0.479542016983
8	1	0.532821893692
7	1	0.453040122986
7	1	0.586215019226
7	1	0.479516029358
7	1	0.452898025513
7	1	0.519494056702
7	1	0.719574928284
7	1	0.466163873672
7	0	0.612810134888
7	1	0.439561843872
7	1	0.559526920319
7	1	0.626300096512
8	1	0.493278980255
8	1	0.49328994751
8	1	0.439979076385
7	1	0.466592073441
7	0	0.746317148209
8	0	0.533303022385
8	1	0.519989013672
7	1	0.453290939331
8	0	0.613253116608
7	1	0.4532289505
7	1	0.480013132095
7	1	0.559966087341
8	0	0.559914827347
7	1	0.559689998627
7	1	0.626223087311
7	0	0.532753944397
8	1	0.492756128311
7	0	0.532741785049
8	1	0.452795982361
8	1	0.559433937073
8	1	0.466156005859
7	1	0.452769041061
7	1	0.62618303299
8	1	0.492832899094
8	1	0.892894029617
7	1	0.666718006134
8	1	0.639553070068
7	0	0.439712047577
8	1	0.479773044586
7	0	0.679497003555
7	1	0.519587993622
8	1	0.572762012482
7	1	0.572834014893
8	1	0.49279499054
8	1	0.586067914963
8	1	0.519632101059
8	1	0.533041954041
7	1	0.533240795135
7	1	0.773321151733
8	1	0.653011083603
7	0	0.532814979553
7	1	0.652774095535
7	1	0.546173095703
7	1	0.572833061218
7	0	0.612760782242
8	1	0.533003091812
8	0	0.493185997009
7	0	1.10594105721
8	1	0.466226100922
8	0	0.732823848724
8	0	0.852796077728
8	0	0.560079097748
8	0	0.546660900116
8	1	0.586620807648
7	1	0.520023822784
7	0	0.453294038773
7	1	0.772791862488
8	0	0.532787084579
8	1	0.532780885696
7	1	0.532772064209
8	0	0.692851066589
7	1	0.613063097
7	1	0.533330917358
8	1	1.02613401413
7	1	0.626206874847
8	1	1.15933012962
7	1	0.639559984207
8	1	0.466205120087
7	1	0.572808980942
7	1	0.559542894363
7	1	0.599476099014
7	1	0.559516191483
8	1	0.639569997787
7	1	0.493353843689
8	1	0.919786930084
7	1	0.466559171677
7	1	0.466564893723
7	1	0.639495849609
7	1	0.452874898911
8	1	0.519519090652
8	0	0.546125173569
8	0	0.532793045044
7	1	0.759482145309
8	1	0.666254043579
7	1	0.426598072052
7	0	1.47944498062
8	0	0.51987195015
7	1	0.46665096283
7	1	0.879936933517
7	1	0.892941951752
8	1	0.586199998856
8	1	0.772706985474
1	0	0.986207008362
1	1	0.599447965622
1	1	0.519469976425
1	1	0.492790937424
1	1	0.506166934967
1	1	0.652840137482
1	1	0.466307878494
1	1	0.666157007217
1	1	0.506582021713
1	1	0.853226900101
1	1	0.559571027756
1	1	0.506207942963
1	0	0.532871961594
1	1	0.972811937332
1	1	0.519988059998
1	1	0.520003080368
1	1	0.559983968735
1	1	0.560035943985
1	1	0.49325299263
1	1	0.706487178802
1	1	0.559587001801
1	1	0.652722835541
1	1	0.546172857285
1	1	0.506208896637
1	0	0.719555854797
1	1	0.533029079437
1	1	0.453239917755
1	0	0.453107118607
1	0	0.519524097443
1	1	0.493014097214
1	1	0.506376981735
1	1	0.533047914505
1	0	0.479882001877
1	1	0.453193187714
1	1	0.559783220291
1	1	0.626685142517
1	1	0.453343868256
1	1	0.493239879608
1	1	0.693376064301
1	1	0.786203145981
1	1	0.532838106155
1	1	2.15901207924
1	1	0.480051040649
1	1	0.626624107361
1	1	0.732865095139
1	1	0.692802906036
1	1	0.652770042419
1	0	0.49324297905
1	1	0.533303976059
1	1	0.506553888321
1	1	0.60005903244
1	1	0.586571931839
1	1	0.45338511467
1	0	0.533251047134
1	0	0.519968986511
1	1	1.26612782478
1	0	0.533352851868
1	1	0.626706838608
1	1	0.653244018555
1	1	0.572983980179
1	1	0.439905881882
1	1	0.986238002777
1	1	0.466295003891
1	0	0.666225910187
1	1	0.399935007095
1	1	0.546458005905
1	1	0.600013971329
1	1	0.506546974182
1	0	0.520056009293
1	0	0.426614046097
1	1	0.399986028671
1	0	0.466598987579
1	1	0.599922895432
1	1	0.546652078629
1	1	0.63999414444
1	1	0.613209962845
1	1	0.746237039566
1	1	0.586191892624
1	0	0.546199083328
1	0	0.53280210495
1	1	1.62565279007
1	0	0.759986877441
1	1	0.453320026398
1	1	0.66660785675
1	1	0.413365125656
1	1	0.613285064697
1	1	0.51971912384
1	1	0.599523067474
1	1	0.626153945923
1	1	0.492774963379
1	1	0.466130971909
1	0	0.492748022079
1	1	0.479506015778
1	1	0.546093940735
1	1	0.532762050629
1	1	0.599498987198
1	1	0.586094141006
1	0	0.573090076447
1	1	0.733273983002
1	0	0.560065031052
1	1	0.626363992691
1	0	0.546143054962
1	0	0.666085004807
1	1	0.572767972946
1	1	0.55949306488
1	1	0.612873077393
1	1	0.466474056244
1	1	0.573065042496
1	1	0.586575031281
1	0	0.533309936523
1	1	0.7333548069
1	1	0.479980945587
1	1	0.573043107986
1	0	0.546188116074
1	0	0.639430046082
1	0	0.972733974457
1	0	0.999502182007
1	1	0.572924852371
1	1	0.599512815475
1	1	0.479579925537
1	1	0.546130895615
1	1	0.559509038925
1	1	0.46636390686
1	1	0.599683046341
1	1	0.45330786705
1	1	0.533148050308
1	1	1.77283191681
1	1	0.546648979187
1	1	0.5200278759
1	1	0.533106088638
1	0	0.572880029678
1	0	0.572770833969
1	1	0.626126050949
1	1	0.559432029724
1	1	0.546169996262
1	1	0.532788038254
1	0	3.19800591469
1	1	0.506181955338
1	1	0.506134986877
1	1	0.519587039948
3	1	0.559494972229
3	0	0.666123151779
3	1	0.53276181221
3	0	0.892833948135
3	1	0.653216123581
3	1	0.493359088898
3	1	0.533230066299
3	1	0.519691944122
3	1	0.572921037674
3	1	0.439645051956
3	1	0.519541978836
3	0	0.466364145279
3	1	0.70619392395
3	1	0.612830877304
3	1	0.719437122345
3	1	0.506732940674
3	0	0.560022830963
3	1	0.626620054245
3	1	0.506766796112
3	0	0.493294000626
3	0	0.600060939789
3	1	0.546555042267
3	1	0.493212223053
3	1	0.759448051453
3	1	0.586165904999
3	1	0.639456987381
3	1	0.493098974228
3	1	0.506369829178
3	1	0.546418190002
3	1	0.46663403511
3	1	0.5199239254
3	0	0.479944944382
3	1	0.706525087357
3	0	0.506726026535
3	1	0.493361949921
3	1	0.573345899582
3	1	0.546643972397
3	1	0.65286898613
3	1	0.466305017471
3	1	0.506322145462
3	0	0.826132059097
3	1	0.479557037354
3	1	0.519484043121
3	1	0.61280298233
3	1	0.546448945999
3	1	0.720057964325
3	0	0.719755887985
3	1	0.532914876938
3	1	0.532853126526
3	1	0.466169118881
3	1	0.506158828735
3	1	0.453037023544
3	0	0.652915000916
3	1	0.492904901505
3	1	0.426226854324
3	1	0.559458971024
3	1	0.452842950821
3	1	0.66626906395
3	0	0.772737026215
3	1	0.613312959671
3	1	0.51991891861
3	1	0.613462924957
3	1	0.506674051285
3	0	1.29284000397
3	0	0.679949045181
3	1	0.613063097
3	1	0.413367033005
3	1	0.559850931168
3	0	0.479934215546
3	1	0.439975976944
3	0	0.599679946899
3	1	0.599594116211
3	1	0.466183900833
3	1	0.59956908226
3	1	0.492864131927
3	1	0.506103038788
3	1	0.466270208359
3	1	0.586110115051
3	1	0.519498825073
3	1	0.466184139252
3	1	1.0395128727
3	1	0.546656847
3	1	0.759543895721
3	1	0.492892980576
3	1	0.452893018723
3	1	0.519549846649
3	1	0.586240053177
3	1	0.586206912994
3	1	0.412790775299
3	1	0.466045856476
3	0	0.439491033554
3	0	0.466116189957
3	0	0.55947804451
3	1	0.719519138336
3	1	0.599583864212
3	1	0.613219022751
3	1	0.519989013672
3	1	0.706662893295
3	1	0.612935066223
3	1	0.866223096848
3	1	0.586175918579
3	1	0.573019981384
3	1	0.653374910355
3	1	0.533303976059
3	1	0.600098133087
3	1	0.586520910263
3	1	0.719475030899
3	1	0.532880067825
3	1	0.62620806694
3	1	0.599447011948
3	0	0.506433963776
3	1	0.546359062195
3	1	0.439843893051
3	1	0.666342020035
3	1	0.453360080719
3	0	0.559969902039
3	1	0.493248939514
3	1	0.49332690239
3	1	0.546665906906
3	1	0.506816864014
3	1	0.493350982666
3	1	0.680021047592
3	1	0.466667890549
3	1	0.493402004242
3	1	0.466753959656
3	1	0.413323879242
3	1	0.480035066605
3	0	0.493417978287
3	1	0.746255874634
3	1	0.586125135422
3	1	0.559409141541
3	1	0.519572019577
3	1	0.612838029861
3	1	0.492876052856
3	1	0.612879037857
3	1	0.519715070724
3	1	0.626456975937
3	1	0.546718120575
3	1	0.546633005142
3	1	0.573377132416
3	1	0.520008087158
3	1	0.479996919632
3	1	0.520013093948
3	1	0.413288116455
7	1	3.57184696198
8	1	0.573109149933
7	1	0.626116991043
7	0	0.46627497673
8	1	0.586250066757
8	1	0.519423961639
7	1	0.506191968918
7	1	0.49275803566
7	1	0.612783908844
7	1	0.559529066086
7	1	0.586127996445
8	0	0.426310062408
7	1	0.51956486702
7	0	0.679647922516
7	0	0.546662092209
8	1	0.559956073761
8	1	0.600018024445
8	1	0.480050086975
8	1	0.439988851547
8	1	0.426605939865
8	1	0.493286132812
8	0	0.439956903458
7	1	0.626700878143
7	0	0.533284902573
8	0	0.772891998291
8	1	0.466147899628
7	1	0.799554109573
8	1	0.586167097092
8	0	0.466487169266
7	1	0.573011159897
8	1	0.57338309288
8	0	0.972892045975
7	1	0.452821016312
8	1	0.892905950546
8	1	0.573099851608
8	1	0.533402204514
8	1	0.506623983383
8	1	0.44000005722
7	1	0.733319044113
7	1	0.493479013443
8	1	0.546650886536
8	1	0.480051040649
8	0	0.426738023758
8	1	0.333276987076
7	1	0.639925956726
8	1	0.466725826263
8	1	0.466646909714
7	1	0.493275880814
8	0	0.573338985443
7	1	0.466659069061
8	1	0.386729001999
8	1	0.453346967697
7	0	0.440004825592
8	1	0.573413133621
8	0	0.426541090012
8	1	0.506592035294
8	1	0.586730957031
8	1	0.426663160324
8	1	0.493340015411
8	1	0.466568946838
7	1	0.639953136444
7	0	0.479993104935
7	1	0.480026006699
7	1	0.559958934784
8	1	0.440047979355
8	1	0.640040159225
7	1	0.479993104935
7	1	0.520025968552
8	0	0.453402996063
8	1	0.586612939835
8	1	0.58632183075
7	1	0.626130819321
7	1	0.506214141846
7	0	0.599457025528
7	1	0.586206197739
7	1	0.452811002731
8	1	0.559495925903
7	1	0.572852134705
7	0	0.49300122261
7	1	0.506332874298
7	1	0.573107004166
8	1	0.533303976059
8	1	0.666583061218
8	1	0.693109989166
7	0	0.519680023193
8	1	0.519581079483
8	1	0.519494056702
7	1	0.572782993317
7	1	0.612855911255
8	1	0.559472084045
7	1	0.452804088593
8	1	0.466133832932
7	0	0.626271009445
7	1	0.532845973969
8	1	0.492906808853
8	1	0.519600868225
7	1	0.439553976059
7	1	2.65184521675
7	1	0.439966917038
7	0	0.506608963013
8	1	0.519922018051
8	1	0.493411064148
7	1	0.626657962799
7	0	0.773250102997
7	1	0.440043210983
8	0	0.639539003372
7	1	0.559424877167
8	1	0.772843122482
7	1	0.466101169586
7	1	0.519505977631
7	1	0.51948595047
7	1	0.599586009979
7	1	0.586670160294
7	1	0.560001850128
8	1	1.45287179947
8	1	0.626710176468
7	0	0.479927062988
8	1	0.600052833557
8	1	0.479958057404
7	0	0.506596088409
7	0	0.506563186646
7	1	0.666194915771
8	1	0.479544878006
8	1	0.519536018372
8	1	0.586128950119
7	0	0.57281088829
8	1	0.599481105804
7	1	0.586138010025
7	1	0.626384973526
8	1	0.493348121643
8	1	0.493378162384
8	0	2.06566095352
8	1	0.466063976288
7	0	0.439509868622
7	0	0.572782993317
8	0	0.4261469841
8	1	0.532815933228
7	0	0.586172819138
8	0	0.626126050949
7	1	0.492828845978
8	1	0.506196975708
7	1	0.599580049515
2	1	0.986196041107
2	1	0.533150911331
2	1	0.413378000259
2	1	0.439774036407
2	1	0.519586086273
2	1	0.55962395668
2	1	0.466566085815
2	0	0.559870004654
2	1	0.386651992798
2	1	0.519632101059
2	1	0.373048067093
2	0	0.572833061218
2	1	0.546180009842
2	0	0.506488800049
2	0	0.426470994949
2	1	0.519590139389
2	0	0.399697065353
2	1	0.492776870728
2	0	0.412760972977
2	0	0.519496917725
2	1	0.572741031647
2	1	0.506153821945
2	1	1.37235021591
2	1	0.466277122498
2	0	0.332817077637
2	1	0.626175165176
2	0	0.599560022354
2	1	0.452785968781
2	1	0.706148147583
2	1	0.519942045212
2	1	0.653429031372
2	1	0.493335962296
2	1	0.426676034927
2	1	0.560073137283
2	1	0.546709775925
2	1	0.466624975204
2	1	0.466682910919
2	1	0.466747999191
2	0	0.413380146027
2	1	0.453264951706
2	1	0.546613931656
2	1	0.439929962158
2	1	0.720000982285
2	1	0.426630020142
2	1	0.48001408577
2	1	0.573325872421
2	1	0.439987897873
2	1	0.506669044495
2	1	0.466740846634
2	1	0.59995007515
2	1	0.440065860748
2	1	0.559945106506
2	1	0.453282117844
2	1	0.440004110336
2	1	0.413400173187
2	1	0.386692047119
2	0	0.439965009689
2	1	0.639851093292
2	1	0.44000005722
2	1	0.773241043091
2	1	0.439936876297
2	1	0.493348836899
2	1	0.639819860458
2	1	0.453361988068
2	1	0.5598051548
2	1	0.559537172318
2	1	0.612864017487
2	1	0.546155929565
2	1	0.532739877701
2	1	0.612815856934
2	1	0.652862787247
2	1	0.613370895386
2	0	0.533279895782
2	1	0.533262968063
2	1	1.07957100868
2	1	0.532871007919
2	1	0.626223802567
2	1	0.533196926117
2	0	0.453263044357
2	1	0.519914150238
2	1	0.493317842484
2	1	0.573307991028
2	1	0.61333489418
2	1	0.706468105316
2	1	0.493181943893
2	0	0.599545001984
2	0	0.532891988754
2	1	0.666142940521
2	1	0.73285484314
2	1	0.599961042404
2	1	0.626655101776
2	1	0.772876024246
2	1	0.532867908478
2	1	0.50617313385
2	1	0.559494972229
2	1	0.532711029053
2	1	0.492738008499
2	1	0.599493026733
2	0	0.826105833054
2	1	0.493250846863
2	0	0.520032167435
2	0	0.533400058746
2	1	0.57338309288
2	1	0.520023107529
2	1	0.639785051346
2	1	0.546308994293
2	0	0.559514045715
2	0	0.506232023239
2	1	0.719564914703
2	0	0.532744884491
2	1	0.639526128769
2	0	0.58654999733
2	1	0.559972047806
2	0	0.546653032303
2	0	0.533303022385
2	1	0.573287010193
2	0	0.533267021179
2	1	0.62627696991
2	1	1.06616711617
2	1	0.653342008591
2	0	0.440052032471
2	1	0.519989967346
2	1	0.493350028992
2	1	0.520060062408
2	1	0.666576147079
2	0	0.759423971176
2	0	0.426179885864
2	1	0.546126842499
2	1	0.599509954453
2	1	0.586211919785
2	0	0.492822885513
2	1	0.666188001633
2	1	0.559998035431
2	1	0.559997081757
2	1	1.43949604034
2	1	0.506631851196
2	1	0.559988975525
2	1	0.453324079514
2	1	0.493320941925
2	0	0.413386106491
2	0	0.5333340168
2	1	0.586720943451
2	1	0.613247871399
2	1	0.573306798935
2	0	0.586251020432
6	1	0.599993944168
6	1	0.480037927628
6	1	0.53337097168
5	1	0.506671190262
6	0	0.493221998215
6	1	0.49326300621
6	1	0.520035982132
5	1	0.519988059998
5	0	0.439935922623
5	1	0.493380784988
5	0	0.546653985977
6	1	0.679566860199
5	1	0.439821958542
5	0	0.506458997726
5	1	0.666184186935
5	0	0.639558076859
6	1	0.45286488533
5	1	0.612801790237
6	1	0.652765989304
5	1	0.626614093781
6	1	0.479971170425
6	1	0.46660900116
5	1	0.573352098465
5	1	0.520016908646
5	0	0.733054161072
5	1	0.453150987625
5	1	0.546337842941
6	1	0.479734897614
6	1	0.8527739048
6	1	0.666097164154
5	0	0.479956150055
6	1	0.466510057449
5	1	0.559756994247
6	1	0.653198003769
5	1	0.50666809082
5	1	0.559980869293
6	0	0.506664037704
6	1	0.826290845871
5	0	1.66561102867
6	1	0.466092824936
6	0	0.506213903427
6	1	0.77285695076
6	1	0.599954843521
5	1	0.613264083862
5	0	0.692996025085
5	1	0.532903909683
5	0	0.519497871399
6	1	0.586090087891
5	1	0.63942694664
5	1	0.532781124115
6	1	0.612840890884
6	0	0.626289844513
6	1	0.573323011398
5	1	0.639950037003
6	1	0.613239049911
6	1	0.612788200378
6	1	0.519552946091
6	1	0.466141939163
6	1	0.506173849106
5	1	0.492826938629
5	1	0.479500055313
5	1	0.586040973663
6	1	0.532799005508
5	0	0.452844142914
5	1	0.572793006897
5	1	0.612859010696
6	1	0.452776193619
6	0	0.746151924133
5	1	0.493347883224
5	1	0.559958934784
6	1	0.693264007568
5	1	0.679608106613
5	1	0.652881860733
6	1	0.519562005997
5	1	0.599447965622
6	1	0.626132011414
5	1	0.506373882294
5	1	0.813138961792
6	1	0.533303022385
5	0	0.706146001816
6	1	0.466280937195
5	1	0.586241960526
6	1	0.612900018692
5	0	0.506182909012
6	1	0.532812833786
6	1	0.426079034805
6	1	0.626272201538
6	1	0.492815971375
5	1	0.586201906204
6	1	0.506206035614
6	0	0.519623994827
6	0	0.626368999481
5	1	0.560049057007
5	1	2.78550696373
6	1	0.586223125458
6	1	0.5594830513
6	1	0.519472122192
6	1	0.639533042908
6	1	0.546226024628
5	1	0.612854003906
5	1	1.22591114044
5	1	0.452867984772
5	1	0.63955116272
6	1	0.492755174637
6	1	0.452771186829
6	1	0.47954583168
5	1	0.452909946442
6	1	0.439465045929
5	0	0.439409017563
5	0	0.492730855942
5	1	0.532767772675
6	0	1.10604596138
5	1	0.573360204697
6	1	0.480084896088
5	1	0.546555042267
6	1	0.480039834976
5	1	0.613076925278
5	1	0.453257083893
5	1	0.533033847809
6	1	0.679493904114
5	1	0.532819032669
5	1	0.386240959167
5	1	0.572788000107
6	0	0.50618314743
6	1	0.452820062637
6	1	0.892853021622
5	1	0.62664604187
5	0	0.57342505455
5	1	0.560002088547
6	1	0.520000934601
5	1	0.559911966324
6	1	0.679502010345
5	1	0.506140947342
5	1	0.59944486618
6	1	0.599556922913
5	1	0.612885951996
5	1	0.519742965698
5	1	0.519884109497
5	0	0.626641988754
6	1	0.546700000763
5	1	0.693280935287
5	1	0.493270158768
4	1	0.879533052444
4	0	0.719502210617
4	0	0.612865924835
4	0	0.692835092545
4	1	0.573359966278
4	1	0.453341960907
4	1	0.533351898193
4	1	0.439954042435
4	1	0.519973993301
4	1	0.466624975204
4	1	0.493338823318
4	0	0.466639995575
4	1	0.493386983871
4	0	0.573298931122
4	0	0.786556959152
4	1	0.586104154587
4	1	0.559499979019
4	1	0.479426860809
4	0	0.652841091156
4	1	0.946208953857
4	1	0.453336000443
4	1	0.47993683815
4	1	0.53334903717
4	1	0.586682081223
4	1	0.466565132141
4	1	0.506755113602
4	1	0.506675004959
4	1	0.453288078308
4	1	0.653357982635
4	1	0.852834939957
4	1	0.599524021149
4	1	0.479433059692
4	0	0.599412918091
4	1	0.599838018417
4	0	0.613380908966
4	0	0.453313827515
4	1	0.506652116776
4	0	0.493260145187
4	1	0.493301153183
4	1	0.586632013321
4	1	1.11948800087
4	1	0.532819032669
4	1	0.679550170898
4	1	0.613419055939
4	1	0.573410987854
4	1	0.466617107391
4	1	0.453222036362
4	1	0.519963979721
4	1	0.466635942459
4	1	0.413287878036
4	1	0.599899053574
4	0	0.62669801712
4	0	0.413316965103
4	1	0.506676912308
4	1	0.466743946075
4	1	0.533378839493
4	1	0.706169843674
4	1	0.546123027802
4	1	0.586249113083
4	1	0.532850980759
4	1	0.599501848221
4	1	0.572779893875
4	1	0.519600868225
4	0	0.479709863663
4	1	0.613049030304
4	1	0.626621007919
4	0	0.506569862366
4	1	0.439949989319
4	0	0.613316059113
4	0	0.373256921768
4	1	0.493328094482
4	0	0.54664516449
4	1	0.546663999557
4	1	0.586735963821
4	1	0.506548166275
4	1	0.400031089783
4	1	0.400062799454
4	1	0.426685810089
4	0	0.680063009262
4	0	0.613240003586
4	1	0.519859075546
4	1	0.47994685173
4	1	0.61284995079
4	1	0.572827100754
4	1	0.519468784332
4	1	0.532821893692
4	0	0.586215019226
4	1	0.652799844742
4	1	0.479754924774
4	0	1.145840168
4	1	0.732792139053
4	1	0.572766065598
4	1	0.452888011932
4	1	0.63943696022
4	1	1.03945493698
4	1	0.466253995895
4	1	0.546157121658
4	1	0.546139001846
4	1	0.639544963837
4	1	0.439445972443
4	0	0.479501008987
4	1	0.519519090652
4	1	0.759510040283
4	1	0.546615123749
4	1	0.493263959885
4	1	0.519971847534
4	1	0.453378200531
4	1	0.533383131027
4	1	0.546695947647
4	1	0.413300991058
4	1	0.533345222473
4	1	0.653290987015
4	1	0.53328704834
4	1	0.493290901184
4	1	0.573256015778
4	1	0.74621295929
4	0	0.759479999542
4	1	0.612964868546
4	1	0.9729180336
4	1	0.599526882172
4	1	0.55944609642
4	0	0.786208152771
4	1	0.453258037567
4	1	0.466368913651
4	1	0.55961894989
4	1	0.613233089447
4	0	0.426635980606
4	0	0.493298053741
4	0	0.693372964859
4	1	0.573295116425
4	0	0.439949035645
4	0	0.533445119858
4	1	0.480010032654
4	0	0.546718120575
4	1	0.653053045273
4	1	0.612879037857
4	1	0.532871961594
4	1	0.612968921661
4	0	0.892820835114
4	1	0.533303022385
4	1	0.506720066071
4	0	0.719775915146
4	0	0.679468154907
4	1	0.53281211853
