1	0	1.5894100666
1	1	0.943768978119
1	1	0.948896884918
1	0	1.37790989876
1	1	1.70009493828
1	1	1.70561599731
1	1	1.31490802765
1	0	1.62672495842
1	1	1.33192396164
1	0	1.14935207367
1	0	2.00296401978
1	1	1.84018707275
1	0	1.93166184425
1	1	2.58750605583
1	1	3.26014304161
1	1	2.64136505127
1	1	1.84273600578
1	1	2.27659201622
1	1	1.10706996918
1	1	1.21871709824
1	0	1.24882102013
1	0	1.27775812149
1	1	1.17251801491
1	0	1.18669390678
1	1	1.0088288784
1	0	1.5155210495
1	0	0.890559911728
1	1	1.21204900742
1	1	1.07575321198
1	0	1.56164717674
1	1	1.06628108025
1	1	1.48326086998
1	1	1.31418681145
1	1	0.961874008179
1	1	1.33830213547
1	1	0.75538110733
1	1	0.709143877029
1	1	0.600927829742
1	0	0.70720911026
1	0	0.675383090973
1	1	0.71467089653
1	1	0.908560991287
1	1	0.778702974319
1	1	0.873875141144
1	1	0.629655122757
1	1	0.874140977859
1	0	0.88299202919
1	0	0.73757481575
1	0	1.34876489639
1	1	1.02046918869
1	0	1.55219888687
1	1	1.62070178986
1	1	1.12112617493
1	1	0.914869785309
1	1	0.997628211975
1	0	1.30757117271
1	0	1.20247411728
1	0	1.17965912819
1	1	1.51419401169
1	0	0.971337080002
1	0	0.994632005692
1	1	1.13877797127
1	0	1.29428505898
1	0	0.858142852783
1	1	1.34119510651
1	1	1.2201499939
1	1	0.794038057327
1	1	0.875882148743
1	1	1.31514692307
1	0	0.686817884445
1	1	1.57281208038
1	1	1.32344102859
1	1	1.81703090668
1	0	1.40573692322
1	0	1.91495394707
1	1	1.48431110382
1	0	1.33659315109
1	0	1.77984595299
1	1	1.1934928894
1	0	2.15507698059
1	0	1.88215780258
1	0	1.5490398407
1	0	1.63493204117
1	0	1.52253484726
1	1	1.73157596588
1	0	1.83339095116
1	1	1.69979095459
1	0	1.17878198624
1	1	1.15217995644
1	0	1.81195616722
1	1	1.32968997955
1	1	1.43541502953
1	1	1.23785185814
1	1	1.06470012665
1	1	1.08590888977
1	0	0.961810112
1	1	1.0439388752
1	1	1.05822610855
1	0	0.929650068283
1	1	1.25949811935
1	1	1.06630587578
1	0	0.899247169495
1	1	0.788619041443
1	0	1.05664610863
1	1	1.4450609684
1	1	0.954562902451
1	1	1.03500699997
4	0	0.939879894257
4	1	0.96876001358
4	0	1.03760910034
4	1	0.730047941208
4	0	1.05296802521
4	1	0.824538946152
4	1	0.788316011429
4	0	1.12198805809
4	1	1.1719918251
4	0	0.954320907593
4	0	0.799740076065
4	0	0.87201499939
4	0	0.893476009369
4	1	0.760278940201
4	1	0.819780826569
4	1	0.676124811172
4	0	0.676126003265
4	1	1.04905319214
4	1	0.867814064026
4	1	0.713490962982
4	0	0.627876996994
4	1	0.562863111496
4	0	0.594419956207
4	1	0.602558135986
4	0	0.562515974045
4	1	0.603817939758
4	1	0.540158033371
4	1	0.553253889084
4	1	0.539293050766
4	0	0.437325954437
4	1	0.481155157089
4	0	0.548325061798
4	0	0.369271993637
4	1	1.17815518379
4	0	0.78128194809
4	1	0.634597063065
4	1	0.411533117294
4	0	0.546013832092
4	1	0.908442974091
4	1	0.844445943832
4	0	0.714493989944
4	1	0.603516101837
4	1	0.720881938934
4	0	0.649792194366
4	1	0.731062889099
4	1	0.812831878662
4	0	1.30046701431
4	1	1.09678411484
4	1	1.39740586281
4	1	1.19337391853
4	1	0.928588867188
4	1	0.852010011673
4	1	1.30649709702
4	1	0.945992946625
4	1	0.971058130264
4	1	0.798099040985
4	1	1.01838207245
4	1	1.56247591972
4	1	0.892532110214
4	1	0.91531920433
4	1	1.29108309746
4	1	0.930569887161
4	1	0.722006082535
4	1	1.05135202408
4	1	0.939155101776
4	0	1.2371931076
4	1	1.3940320015
4	1	1.04291391373
4	1	2.1865530014
4	1	0.853215932846
4	1	1.38436484337
4	0	1.20454192162
4	1	1.12861394882
4	1	1.04991102219
4	1	1.17162680626
4	1	1.18768596649
4	1	1.65940999985
4	1	1.46692013741
4	1	1.34669494629
4	1	1.33258199692
4	1	1.24568915367
4	1	1.2162539959
4	1	1.18061494827
4	0	1.16245102882
4	1	1.25833296776
4	1	0.844931125641
4	1	1.12270712852
4	0	1.11495614052
4	1	0.972416162491
4	1	1.05762386322
4	1	1.43531489372
4	1	1.62588596344
4	1	1.31771397591
4	0	1.02664899826
4	0	1.08987379074
4	1	0.941179037094
4	1	0.969796895981
4	1	0.883441925049
4	1	0.867563962936
4	1	1.26759910583
4	0	1.06062507629
4	1	0.947284936905
4	0	0.979511022568
4	1	0.914073944092
4	1	0.968442201614
4	1	0.772175073624
4	0	0.808871030807
4	1	1.10597419739
4	0	1.19827389717
4	1	1.58039402962
4	1	1.49816203117
4	0	1.61750197411
4	0	2.53148388863
4	1	1.89780187607
4	0	1.82083702087
4	1	2.10734295845
4	0	1.41710710526
4	0	1.20417308807
3	1	0.834217071533
3	1	0.715670108795
3	1	0.740615129471
3	0	0.680688142776
3	1	0.747185945511
3	1	0.827808141708
3	0	0.844570875168
3	1	1.24229812622
3	1	1.07585000992
3	1	0.801552057266
3	1	0.980283975601
3	1	0.91299200058
3	0	0.924376010895
3	1	1.41737890244
3	0	0.841396093369
3	1	1.2523920536
3	1	0.960736036301
3	0	0.954991817474
3	0	1.19728803635
3	1	1.11688089371
3	0	1.33494901657
3	1	1.78169703484
3	1	1.91444993019
3	1	1.1629960537
3	1	1.65988492966
3	0	1.96208500862
3	1	1.698969841
3	1	1.12180900574
3	1	0.860785007477
3	1	0.996345043182
3	0	1.08329510689
3	0	1.18718791008
3	0	0.945912837982
3	0	1.05897784233
3	1	1.17857813835
3	0	1.16463899612
3	0	1.59344315529
3	0	1.39772510529
3	0	1.24969387054
3	0	1.26669692993
3	0	2.60295510292
3	1	1.61186003685
3	0	1.48462820053
3	1	1.51518797874
3	0	1.64176416397
3	1	0.76629281044
3	0	1.48115301132
3	0	1.58695602417
3	0	0.914355039597
3	1	1.14842510223
3	0	1.56229615211
3	1	1.01921892166
3	1	0.882390975952
3	1	1.18724799156
3	0	0.795705080032
3	1	1.21957302094
3	1	1.07704401016
3	1	0.785171985626
3	1	0.876116037369
3	0	0.643734931946
3	1	0.746164083481
3	1	0.818398952484
3	1	0.738281011581
3	0	0.803729057312
3	1	0.795799016953
3	0	0.988357067108
3	0	0.841881036758
3	0	1.25792980194
3	0	1.4922349453
3	1	1.33856701851
3	0	1.21823000908
3	0	1.02774691582
3	0	1.11673903465
3	0	0.932272911072
3	1	0.953034877777
3	1	1.41094279289
3	1	1.02663588524
3	1	0.885432958603
3	0	0.825185060501
3	0	0.768484830856
3	1	0.8914270401
3	1	1.06993103027
3	0	0.937278032303
3	0	0.832311153412
3	0	1.0750579834
3	1	0.867619991302
3	0	1.04910206795
3	0	1.43646001816
3	1	0.819519996643
3	1	1.45778298378
3	0	0.997136116028
3	0	0.939219236374
3	0	0.827269077301
3	0	0.731783151627
3	0	1.58581709862
3	1	2.66032505035
3	1	0.922363996506
3	0	1.31534409523
3	1	1.13056588173
3	0	1.49059891701
3	1	1.57968091965
3	1	0.962153911591
3	1	0.986812114716
3	1	1.13863992691
3	1	0.796164035797
3	1	0.683903932571
3	1	0.92397403717
3	1	0.889444112778
3	1	0.964205026627
3	0	1.38690280914
3	1	0.779695034027
3	1	0.962666034698
3	1	0.762883901596
3	1	0.716356992722
7	1	0.955951929092
7	0	0.689982891083
8	1	0.65762090683
7	0	0.619484901428
8	1	1.05945897102
8	1	0.812641859055
7	0	1.16139483452
8	1	0.819727897644
8	1	0.939976930618
7	1	0.691600084305
7	0	0.69451713562
8	1	0.754182100296
7	1	0.776985168457
8	0	0.59548997879
7	1	0.761800050735
8	1	0.628252983093
8	1	0.600641012192
8	1	0.675659894943
7	1	0.580112934113
7	1	0.561575889587
7	1	0.667633056641
8	1	0.71661400795
7	0	0.522409915924
7	1	0.627078056335
8	0	0.685480117798
8	1	0.674942016602
8	1	0.602744102478
7	1	0.62577009201
7	1	0.530616998672
8	1	0.565560102463
8	1	0.473317861557
8	0	0.554894924164
8	0	0.949811935425
8	1	0.626363039017
7	1	0.675331830978
8	1	0.537234067917
7	0	0.828510046005
7	1	0.532819986343
8	1	0.920474052429
7	0	0.772028207779
8	1	1.09830594063
7	1	0.876809120178
8	0	0.65972495079
8	0	0.945761919022
7	1	0.588158130646
8	1	0.652668952942
7	0	0.585454940796
8	1	0.636075973511
8	0	0.46534204483
7	1	0.460292816162
7	1	0.401340961456
8	1	0.618778944016
7	1	0.363716125488
7	0	0.307394981384
7	0	0.442399978638
7	1	0.339821815491
8	1	0.339915037155
7	1	0.842967033386
8	0	0.394603967667
7	0	0.385689020157
8	1	0.29956817627
8	0	0.371715784073
8	0	0.444595098495
7	1	0.728140115738
8	1	1.00355482101
8	1	0.716765165329
7	1	0.674441099167
7	1	0.555468082428
7	0	0.437670946121
8	1	0.46444106102
7	0	0.499662876129
7	1	0.784929990768
8	0	0.667642116547
8	0	1.60406184196
7	1	1.48324799538
7	0	1.72218990326
8	1	0.860363960266
7	1	0.996994972229
7	1	1.49924397469
8	1	0.952725887299
8	1	1.14184999466
8	1	0.841221094131
8	1	1.08392810822
7	0	0.985646009445
8	1	0.861066102982
8	1	1.18690705299
7	1	0.602658987045
7	1	0.539784908295
8	1	0.610687971115
8	1	0.506941795349
7	0	0.62079501152
8	1	0.713715791702
7	1	0.499595880508
7	1	0.707937002182
7	1	0.544975042343
7	1	0.725419044495
8	0	0.672781944275
8	1	0.73393201828
7	1	0.642954111099
8	1	0.649230957031
8	1	0.799218177795
7	1	0.759695053101
7	0	0.771209001541
8	1	0.665840864182
8	1	0.588623046875
7	0	0.586135864258
8	1	0.451326847076
7	0	0.40438914299
8	1	0.731238126755
7	0	0.756709098816
8	0	0.584991931915
7	1	1.07665491104
7	0	0.75421500206
8	1	0.882885932922
7	1	1.05235910416
7	1	1.12972903252
7	0	1.05111408234
8	1	1.37302803993
7	1	0.979649066925
8	1	0.849323987961
8	1	0.675276994705
8	0	0.69713807106
8	1	0.594866037369
7	0	0.763505935669
8	1	0.610946893692
7	1	1.03291583061
8	0	0.602245092392
7	0	0.627358198166
7	1	0.561774969101
7	1	0.978819131851
8	0	0.836302042007
7	0	1.05302882195
7	1	0.825144052505
8	0	0.644497156143
5	1	0.906718015671
6	1	0.626796960831
5	1	0.734000205994
6	1	0.602571964264
6	0	0.605107784271
6	0	0.624536037445
6	1	0.820940971375
5	1	0.698443889618
6	1	0.628107070923
5	1	0.506432056427
6	0	0.612066984177
5	1	0.675498008728
5	0	0.592014074326
5	1	0.755616903305
5	1	0.805217027664
6	1	1.12152695656
5	1	0.762526035309
5	1	1.59525299072
5	1	0.94083404541
5	1	1.38308310509
5	0	0.740753889084
6	1	0.907374858856
5	1	0.84349489212
6	0	0.947129011154
5	0	1.58773612976
6	1	1.41974711418
6	1	1.58714008331
6	1	1.01769208908
5	0	0.964630126953
5	1	0.987169027328
6	1	1.10691905022
5	0	0.603008985519
6	1	1.30731081963
5	1	0.684808015823
6	1	0.601780891418
6	1	0.434669971466
6	0	0.612733840942
5	0	1.48224210739
6	1	0.954629182816
5	1	0.923439025879
5	0	0.961817026138
6	1	1.12140417099
5	1	1.22891187668
6	1	1.13974499702
6	0	1.0513651371
5	1	0.849364995956
6	1	0.659651994705
5	1	0.741942882538
6	1	0.815807104111
6	0	1.1884200573
6	0	1.11531710625
6	1	1.26770877838
5	1	1.27618098259
6	0	0.658227920532
6	1	0.816848039627
6	0	0.781642913818
6	1	0.880571126938
6	0	1.717192173
5	0	1.10661482811
6	1	1.25911283493
6	0	0.88502907753
5	1	1.66645097733
6	0	0.984157085419
6	1	0.9009308815
5	1	0.857909917831
6	1	0.939761161804
6	1	0.834522008896
6	1	0.819575071335
5	1	0.882328033447
5	1	0.778913021088
5	1	0.693572998047
5	1	0.577431201935
6	0	0.964472055435
6	1	0.833674907684
5	0	0.61149096489
6	1	1.04407215118
6	1	0.731024980545
5	0	1.40061092377
6	0	0.932945966721
6	1	0.793678998947
6	0	0.818409919739
5	0	1.31409406662
6	0	0.771651029587
5	1	0.755587100983
5	1	0.682774066925
5	1	0.659412145615
5	0	0.773326158524
6	0	0.553367137909
5	1	0.555451869965
6	0	0.7474360466
6	0	0.738862037659
6	1	0.625725984573
6	1	0.59658908844
6	1	0.764012098312
5	1	0.649246931076
6	0	1.1403260231
5	0	1.25967597961
5	1	0.836706876755
6	1	1.21439695358
5	0	1.01206588745
6	1	1.10234808922
6	0	0.722645998001
6	1	0.633134126663
6	1	0.650887966156
5	0	0.706400156021
6	1	0.644393920898
6	0	0.619168043137
5	1	0.555325984955
6	0	0.683480024338
5	1	0.748071908951
5	1	0.699797868729
5	0	0.651588916779
5	0	0.48112988472
5	0	0.86828494072
5	1	1.03647303581
5	0	1.35299015045
5	0	1.22759699821
6	1	1.14012002945
5	1	0.664630889893
5	0	0.83660197258
6	1	1.00918507576
6	1	0.860060930252
6	0	0.667117118835
5	1	0.643418073654
5	1	0.661711931229
2	1	0.890330076218
2	1	0.709786891937
2	1	0.57680106163
2	0	0.874908924103
2	0	0.716153860092
2	0	1.02634000778
2	1	0.618837833405
2	1	1.75560617447
2	0	1.42844295502
2	0	0.985692977905
2	1	0.852475881577
2	1	0.698527097702
2	1	0.881286144257
2	1	0.562591075897
2	1	1.37757897377
2	0	0.978533983231
2	0	0.953017950058
2	0	0.658118009567
2	1	0.597668886185
2	1	0.612492084503
2	1	0.586224079132
2	0	0.658318042755
2	1	0.763321876526
2	0	0.532166004181
2	0	0.923877000809
2	0	0.619304180145
2	0	0.516471862793
2	1	0.906718969345
2	0	0.689259052277
2	1	0.829530954361
2	1	1.19336795807
2	0	0.653217077255
2	1	1.4168908596
2	1	1.02783918381
2	0	0.738440036774
2	1	0.778430938721
2	1	1.25388884544
2	1	1.17900395393
2	1	0.915196895599
2	0	0.809653997421
2	0	3.09159207344
2	1	1.37145090103
2	1	1.23005986214
2	1	0.891351938248
2	1	1.04814386368
2	1	1.05903792381
2	0	0.772588014603
2	1	0.771544933319
2	1	0.689420938492
2	1	1.06876206398
2	1	0.732460021973
2	0	0.626477956772
2	1	0.897471904755
2	1	0.96532201767
2	1	1.21676492691
2	0	0.74702501297
2	1	0.948418140411
2	1	0.890044927597
2	1	0.595914840698
2	1	0.635069847107
2	1	0.536979913712
2	1	0.633133172989
2	1	0.509483098984
2	0	0.500110149384
2	1	0.64988899231
2	0	0.564177036285
2	0	0.833201169968
2	1	1.78825092316
2	1	1.83347606659
2	1	1.74113202095
2	1	0.826146841049
2	1	1.39447999001
2	0	1.18787693977
2	1	1.14456701279
2	1	0.994052171707
2	1	1.21112298965
2	0	0.764472007751
2	0	0.723563909531
2	1	0.866224050522
2	0	0.883538961411
2	1	0.9400370121
2	1	0.649697065353
2	1	0.732607841492
2	0	0.724174022675
2	1	0.611013174057
2	1	0.601502895355
2	0	0.522583007812
2	0	0.748789072037
2	1	0.889329195023
2	1	0.660734891891
2	1	0.84139418602
2	1	0.811532020569
2	1	0.962642908096
2	0	0.769392967224
2	1	1.20360708237
2	0	0.667598962784
2	1	1.4275701046
2	1	1.52371501923
2	1	0.602759122849
2	1	1.20418596268
2	1	0.617697000504
2	0	0.947755098343
2	1	0.963407039642
2	1	1.74626588821
2	0	1.0526239872
2	1	0.683338165283
2	1	0.937678098679
2	0	0.924641132355
2	1	0.675777196884
2	1	1.00253200531
2	1	1.15732002258
2	0	0.668854951859
2	1	0.674669981003
2	0	0.730095148087
2	1	1.03638315201
2	1	1.05950593948
2	1	1.15404701233
2	0	1.13894915581
2	0	0.677029132843
2	1	0.978613138199
2	1	1.05114889145
2	0	1.37978100777
2	0	0.812043905258
5	0	0.937166929245
5	0	0.70608997345
6	1	0.835183858871
5	1	0.69887804985
6	0	0.779993057251
5	1	0.939215898514
6	1	0.665480852127
6	0	0.586398124695
5	1	0.708598852158
5	1	0.970958948135
6	1	0.619590997696
6	1	0.425344944
6	0	1.05877995491
5	0	0.617933988571
5	1	0.588180065155
6	1	0.691565036774
5	0	0.507513999939
6	0	1.05918693542
6	0	0.643686056137
6	1	0.81845498085
5	1	1.02688789368
5	1	0.772563934326
6	1	0.609776973724
6	0	0.753870010376
5	1	0.682449102402
5	1	0.900655031204
6	1	0.674309968948
5	1	0.651989936829
6	0	1.31395196915
6	1	0.716630935669
6	1	1.11690282822
6	1	1.00238895416
6	1	0.683627128601
6	1	0.716718912125
5	1	0.635689020157
5	1	0.706002950668
6	0	0.813020944595
5	0	0.706167936325
5	0	0.577573776245
5	1	0.770030975342
6	0	0.981505870819
6	1	0.65588092804
5	1	0.730247020721
6	1	0.797776937485
6	1	1.10635495186
5	0	1.09039711952
5	0	0.880211830139
6	0	0.803078174591
5	0	0.889205932617
5	1	1.24463701248
5	0	0.778117179871
6	1	0.579095840454
6	1	0.54085111618
6	1	0.498315095901
5	1	0.572834014893
6	0	0.537609100342
5	0	0.748605012894
6	1	0.545921802521
6	1	0.371505022049
6	1	0.44361114502
5	0	0.457930803299
6	0	0.46235704422
5	0	0.832422971725
6	1	0.395364999771
6	0	0.443475008011
6	1	0.644098043442
5	0	0.690775156021
5	1	0.353344917297
5	1	0.91751408577
6	0	0.346571207047
5	0	0.44494509697
5	0	1.09572815895
5	1	1.97913098335
6	1	0.883750200272
5	1	0.851280927658
5	0	0.596220970154
5	0	0.673382997513
6	1	0.580381155014
5	0	0.505714178085
6	0	0.63387298584
6	1	1.20381307602
6	1	0.603451013565
5	0	1.04275012016
5	1	0.636597156525
5	1	0.953673839569
6	1	1.02088189125
5	1	0.643344163895
5	0	0.827503919601
6	1	0.61058807373
5	1	0.569649934769
6	0	0.844398975372
6	1	0.691074132919
5	1	0.618935823441
6	0	0.653065919876
5	1	1.01805114746
6	0	0.899487018585
5	0	0.844806909561
6	0	0.938951969147
6	0	0.746541976929
6	1	0.60254907608
6	1	0.642717123032
5	0	0.580699920654
5	0	0.626885890961
5	0	0.954692840576
6	0	0.712643861771
6	0	0.891918897629
6	0	0.955165147781
5	1	1.14097809792
6	0	0.970768928528
5	1	0.947558879852
5	1	0.953629016876
5	0	0.763262987137
6	1	0.772950172424
5	0	1.15441298485
5	1	0.788950920105
5	1	0.849956035614
5	1	0.772872924805
6	1	0.547376155853
5	1	0.672776937485
6	1	0.779592037201
6	0	0.441828012466
6	0	0.35520195961
5	0	0.986951112747
5	1	0.636603832245
6	1	1.21578502655
5	1	0.668579101562
6	0	0.865134954453
5	1	1.03631496429
5	0	0.802456140518
5	1	0.770903110504
5	1	0.804039001465
5	0	0.627862930298
7	1	1.10256791115
8	0	0.743240118027
8	0	0.691452026367
7	1	0.714211940765
7	1	0.64458489418
8	1	0.616334915161
8	1	0.572507858276
8	1	0.540143013
8	1	0.506871938705
7	0	0.538450956345
7	0	0.498670101166
8	1	0.689261198044
8	0	1.16253614426
7	1	1.03769493103
8	1	1.00934505463
7	1	0.658854007721
8	1	0.961311101913
7	0	0.97226691246
7	1	0.804666042328
7	1	1.41811585426
8	1	0.792958021164
8	1	1.048153162
7	1	0.792458057404
7	1	1.03321480751
7	1	1.17070102692
7	0	0.98474407196
7	1	0.725275993347
8	1	0.65838098526
7	1	0.945935964584
8	1	0.646256923676
7	1	0.801645994186
8	0	1.10809087753
8	1	0.738816022873
8	0	0.63468003273
8	1	0.707447052002
8	1	0.467195034027
8	1	0.722858905792
8	1	0.944359779358
8	1	0.811608076096
7	1	0.602949142456
8	1	0.610736846924
7	1	0.756682157516
7	1	0.658268213272
8	1	0.786427974701
7	1	0.617683887482
8	1	0.582034111023
8	1	0.833035945892
8	1	0.594228982925
8	0	0.451205015182
7	1	0.475522041321
8	1	0.563356876373
7	0	0.451281785965
8	1	0.697028875351
8	0	0.549254894257
8	0	0.585690021515
7	1	0.653119087219
8	1	0.698276042938
7	1	0.761478900909
8	1	1.16266393661
7	0	0.532459020615
8	0	1.14678502083
7	1	0.993871927261
7	0	0.915488004684
7	0	0.79826593399
8	1	0.675004005432
7	1	0.649533033371
8	0	0.644022941589
7	1	0.817735910416
7	1	0.692430973053
7	1	0.627145051956
8	1	0.596055030823
7	0	0.723599910736
7	1	0.96292591095
7	1	0.851382017136
7	1	0.62646484375
7	1	0.594099998474
8	1	0.517025947571
8	1	0.681452989578
8	0	0.484353065491
8	0	0.585742950439
8	1	0.691604137421
7	1	0.715907812119
8	1	0.910126924515
8	1	0.657436847687
8	0	0.789124965668
7	1	0.724622011185
7	0	0.729761838913
7	1	0.651371002197
8	1	0.777137994766
8	0	0.627151012421
8	1	0.665678024292
7	1	1.01991200447
7	0	0.659852027893
8	1	0.562544822693
7	1	0.619637966156
7	1	0.962461948395
8	0	1.15409803391
7	0	1.09300684929
8	1	0.579139947891
8	1	0.922313928604
7	0	0.514800071716
7	0	1.0108730793
8	1	0.858408927917
8	1	0.669570922852
8	1	0.681437969208
8	1	0.498450994492
7	1	0.414311885834
7	1	0.483120918274
8	1	0.825796127319
7	1	0.819396018982
8	0	0.667583942413
7	0	0.75466299057
7	1	1.00285887718
7	1	0.682070016861
7	0	0.650609970093
8	1	0.720649957657
7	1	0.754240036011
7	0	1.01389288902
8	0	0.627237081528
8	1	1.52972888947
8	1	0.635107040405
8	0	0.69127702713
7	0	0.796812057495
7	0	1.06592392921
7	1	0.802752017975
8	0	0.939551115036
8	1	0.724451065063
8	1	0.655991077423
7	0	0.789433002472
7	0	0.714560985565
7	1	0.522727966309
8	0	0.932731151581
9	1	0.96173620224
9	1	0.62806892395
9	1	0.530302047729
9	1	0.570867061615
9	1	0.570689201355
9	0	0.770094156265
9	1	0.650911092758
9	0	1.43537902832
9	1	0.769026041031
9	0	0.588525056839
9	1	0.746399879456
9	1	0.6897149086
9	1	0.60290312767
9	0	0.602388858795
9	0	1.346971035
9	0	1.21967196465
9	1	3.04905581474
9	0	1.23470211029
9	1	1.00400590897
9	0	0.784319877625
9	0	0.826344013214
9	0	0.772953033447
9	0	0.858905076981
9	1	1.58474588394
9	0	0.881221055984
9	0	0.700098991394
9	0	1.5864751339
9	1	0.769818067551
9	0	1.12246799469
9	1	0.659145116806
9	0	0.634611129761
9	1	0.633694887161
9	0	0.864987134933
9	0	0.75545501709
9	0	1.29885697365
9	1	0.772193908691
9	1	0.562121152878
9	1	0.530560970306
9	1	0.610793828964
9	1	0.537325143814
9	1	0.698129892349
9	0	0.684156894684
9	1	1.66678905487
9	1	0.633376121521
9	1	0.499260902405
9	0	0.564959049225
9	0	0.803071022034
9	1	0.552980899811
9	0	0.732522010803
9	1	0.600785970688
9	1	0.684387922287
9	1	0.579426050186
9	0	0.520138025284
9	1	0.732180833817
9	0	0.619051933289
9	1	0.849910020828
9	1	0.659506082535
9	1	0.554273843765
9	1	0.546562194824
9	1	0.490416049957
9	1	0.547880887985
9	0	0.392488002777
9	0	0.418659925461
9	1	0.571588993073
9	0	0.463960170746
9	1	0.87552189827
9	1	0.673884868622
9	0	0.450829029083
9	1	0.851918935776
9	1	0.647899150848
9	0	0.949915885925
9	1	0.791923999786
9	0	1.03977608681
9	0	0.970989942551
9	0	0.900188922882
9	1	0.722273111343
9	1	0.824803829193
9	0	1.0217769146
9	1	0.762799024582
9	1	0.755085945129
9	1	0.994841098785
9	1	0.538735151291
9	1	0.442262172699
9	1	1.68212199211
9	1	0.794938087463
9	1	0.586410999298
9	0	0.572996139526
9	1	0.683079004288
9	1	1.62485098839
9	1	0.544327974319
9	0	1.24991583824
9	1	0.811052083969
9	1	0.61984205246
9	0	0.601198196411
9	1	0.685474157333
9	1	0.606910943985
9	1	0.532111883163
9	0	0.62739109993
9	1	0.480868816376
9	1	0.668528079987
9	1	0.499995946884
9	1	0.459228992462
9	1	0.43542098999
9	1	0.664094924927
9	1	0.497951030731
9	1	0.410229206085
9	1	0.651148080826
9	0	0.427972078323
9	1	0.578092098236
9	1	0.449177026749
9	1	0.485455989838
9	1	0.40153002739
9	0	0.3703520298
9	1	0.55344414711
9	0	0.410892009735
9	1	0.626358032227
9	1	0.673728942871
9	1	0.594204902649
9	1	0.515516042709
9	1	0.489703893661
9	1	0.520998954773
9	0	1.05353307724
9	0	0.855674982071
9	1	1.12398600578
9	1	0.769924163818
9	0	0.616927862167
9	1	0.556273937225
9	1	0.594434022903
9	0	1.39484286308
9	1	0.575332164764
9	0	0.788056135178
9	0	0.739006996155
14	0	1.17743802071
14	0	0.580586910248
13	1	0.648020982742
13	1	0.747060060501
13	1	0.68249797821
13	0	1.21999502182
13	1	0.747428178787
13	0	0.673340082169
13	1	0.843424081802
14	1	0.842304944992
13	0	1.14686918259
13	0	0.995698213577
14	1	0.764003992081
13	1	0.705934047699
13	1	0.554834127426
14	0	0.925560951233
14	1	0.632210969925
13	0	0.866914987564
13	1	0.563364982605
14	1	0.577560186386
13	1	0.513057947159
14	1	0.613032102585
13	1	0.459636926651
13	1	0.673543930054
13	1	0.794292926788
13	1	1.09842205048
14	0	0.803321838379
13	1	0.632373094559
14	0	0.517236948013
14	1	0.714550018311
14	1	0.593847036362
14	1	0.756175041199
14	0	0.933262109756
13	1	0.552262067795
13	1	0.666502952576
13	1	0.476073980331
14	1	0.642321825027
13	1	0.626685142517
13	0	0.729885101318
13	1	0.612363100052
13	1	0.466893911362
13	1	0.658577919006
13	1	0.745770931244
13	0	0.540307998657
14	1	0.569752931595
14	1	0.970710992813
13	1	0.600800037384
14	1	0.547960042953
13	0	1.05852103233
13	1	0.579062223434
14	1	0.64102602005
13	1	0.723453998566
13	1	0.506474018097
13	1	0.499021053314
13	0	0.49040389061
13	0	0.618093013763
13	1	0.561882019043
14	1	0.392872095108
14	1	0.468089103699
13	1	0.451923131943
13	0	0.465749979019
14	0	0.475419998169
14	0	0.802656888962
13	1	0.624464035034
14	0	0.493238925934
13	1	0.666223049164
13	1	0.674735069275
13	1	0.817509174347
13	0	0.796758890152
14	0	0.608847141266
14	1	0.643028974533
14	0	0.738831043243
13	1	0.883189916611
13	1	0.785365104675
14	0	0.788317203522
13	0	0.833405971527
13	1	0.493072032928
13	0	0.873428821564
13	1	0.496739864349
14	1	0.573673963547
14	1	0.738205909729
13	0	0.602199077606
14	1	0.63427901268
14	1	0.659455060959
13	0	0.816393136978
14	1	0.636996030807
13	0	0.712641000748
14	0	0.485006093979
13	1	0.608785867691
13	1	0.604584932327
14	1	0.537095069885
14	1	0.324177026749
14	1	0.372088909149
13	0	0.361721992493
14	1	0.988728046417
13	1	0.465421915054
13	1	1.09811902046
14	1	1.02651405334
14	1	0.778854131699
14	0	0.905238866806
14	0	1.2115881443
14	0	1.57845902443
13	1	1.26021194458
13	1	1.30419588089
13	0	0.972816944122
13	1	0.760595083237
14	1	0.667505979538
14	1	0.80957698822
14	1	0.572283983231
14	0	0.666955947876
13	1	0.880693912506
13	1	0.753857135773
14	1	0.733358860016
14	0	0.618058919907
13	1	0.776309013367
14	1	0.656408071518
14	1	0.813001155853
13	0	0.657536029816
13	0	0.795433998108
13	1	0.696687936783
14	1	0.81986284256
14	1	0.705626964569
13	1	0.96392083168
13	1	1.04888606071
13	0	0.881337881088
14	0	0.867763996124
13	0	0.73863196373
13	0	0.772178888321
14	0	0.760844945908
14	1	1.06098794937
13	1	1.03140115738
14	1	0.77893614769
14	0	0.793876886368
13	0	0.771152019501
15	0	1.02017498016
15	1	0.659860134125
15	1	0.704048871994
15	0	0.692016124725
16	1	0.625916004181
16	1	0.587979078293
15	0	0.49106502533
15	1	0.591651916504
15	0	0.754369974136
15	0	0.563868045807
16	1	0.55260014534
16	0	0.57192492485
15	1	0.659189939499
16	0	0.547103881836
15	1	0.623632907867
16	1	0.643566131592
16	1	0.531960964203
16	0	0.728935003281
16	1	0.643597841263
16	1	0.627494812012
15	1	0.714255094528
16	1	0.692366123199
15	0	0.835234880447
15	0	0.657259941101
15	1	0.641803026199
15	0	0.994890928268
15	1	0.699182987213
15	0	0.729451179504
15	1	0.850152015686
16	1	0.797162055969
16	1	0.80239200592
15	0	1.29715800285
15	1	0.682778120041
16	0	0.648841142654
16	0	0.765552997589
15	1	0.601128101349
15	0	0.688606023788
16	0	0.644128799438
15	1	0.761083841324
15	1	0.596736907959
16	1	0.722138881683
15	0	0.490769863129
16	1	1.01038384438
16	1	0.746783018112
16	0	0.522208929062
16	1	0.724354982376
15	1	0.691977977753
15	0	0.610445022583
16	1	1.01717805862
15	0	0.913203954697
16	1	0.68341588974
16	1	0.722429990768
16	1	0.754505157471
16	1	0.745863199234
16	1	0.497929811478
15	0	0.564033985138
15	1	0.580574035645
16	1	0.856992006302
15	0	0.618479967117
15	1	0.986733198166
16	1	0.49245095253
16	1	0.457843065262
16	0	0.577749967575
16	1	0.594315052032
16	1	0.484266042709
16	1	0.481200933456
16	0	0.571098089218
16	1	0.468327045441
16	1	0.522921085358
16	1	0.522696971893
16	1	0.68243598938
15	1	0.881848812103
16	0	0.715178966522
15	1	0.530633926392
16	1	0.380537986755
15	1	0.595993041992
15	1	0.44779086113
15	1	0.595808982849
16	1	0.443106889725
16	0	0.555814981461
16	0	0.640694141388
15	0	0.754947900772
15	0	0.48125910759
15	0	0.500375986099
15	1	0.825961828232
16	1	0.769865036011
16	0	0.730097055435
16	1	0.539446115494
15	0	0.582476139069
15	0	0.473683834076
16	0	1.05939006805
16	1	0.624974966049
16	1	0.52272105217
16	1	0.53170800209
16	1	0.700865030289
16	1	0.561200857162
15	1	0.608962059021
16	0	0.659309864044
16	1	0.570515871048
16	1	0.531126022339
15	0	0.657464027405
15	1	0.682023048401
16	1	0.667590856552
16	1	0.538061857224
15	1	0.55583190918
16	1	0.825647830963
16	1	0.589775085449
16	1	0.761080980301
15	1	0.634567022324
15	1	0.579738855362
15	1	0.54559803009
16	0	0.753574132919
15	1	0.572082042694
16	1	0.737618923187
16	1	0.635262966156
16	1	0.50560593605
16	0	0.485233068466
15	1	0.490375995636
15	1	0.513318777084
16	1	0.683885097504
15	1	0.577569007874
16	1	0.554447889328
16	1	0.899919033051
15	1	0.553056955338
16	1	0.593758821487
15	0	0.747487068176
16	1	0.616958141327
15	0	0.739754915237
15	1	0.527856826782
15	1	0.779043912888
16	1	0.60363984108
16	1	0.642781972885
16	1	0.736912965775
16	1	0.708523035049
15	0	0.793044805527
15	1	0.81818985939
16	1	0.833894014359
16	1	0.617394924164
14	1	1.10719299316
13	1	0.794521093369
13	1	0.698747873306
14	1	0.747247934341
13	1	0.588156938553
13	1	0.883120059967
13	1	0.552655220032
14	1	0.603472948074
13	0	0.585032939911
13	1	0.51473903656
14	1	0.659060001373
14	0	0.531934022903
13	0	0.76096701622
13	1	0.609272003174
13	0	0.546247959137
13	1	0.564370155334
13	1	0.858489990234
13	0	0.528435945511
13	1	0.586114883423
14	1	0.587700843811
14	0	0.731792926788
14	1	0.602952957153
13	0	0.528198957443
13	1	0.602876901627
14	1	0.659434080124
14	1	0.603283882141
14	1	0.672012805939
14	1	0.652438879013
14	1	0.498707056046
14	1	0.601686954498
14	1	0.563587188721
13	0	1.14535498619
13	1	0.651756048203
14	1	0.666694879532
14	1	0.53720998764
13	1	0.515630960464
14	1	0.546980857849
14	1	0.61741900444
13	1	0.538800001144
13	1	0.601388931274
14	1	0.50904917717
13	0	0.553851127625
13	1	0.963024139404
13	0	0.802407026291
13	1	0.544831991196
14	1	0.763320207596
13	1	0.570218086243
13	1	0.731952905655
14	1	0.530210971832
13	1	0.625374078751
13	1	0.468080043793
14	0	0.42550110817
14	0	0.53963303566
13	1	0.640511035919
13	1	0.565433979034
13	0	0.992095947266
14	1	0.50622010231
14	1	0.61172914505
14	0	0.602326869965
13	1	0.834656953812
14	1	0.809832811356
14	1	0.858283996582
13	1	1.06739497185
13	0	0.521562099457
13	1	0.697319030762
14	1	0.635996818542
14	1	1.10813999176
13	0	0.656793117523
13	0	0.587234020233
14	0	0.988227128983
14	1	0.641046047211
14	1	0.661293029785
14	0	1.63371992111
14	0	1.08799791336
13	1	0.756086826324
14	1	1.01097393036
13	0	0.640592098236
13	1	0.570701122284
14	1	0.611824035645
13	1	0.616555929184
14	0	0.706154108047
14	1	0.836566925049
14	1	0.545107841492
14	0	0.642571926117
13	1	0.75546503067
14	1	0.761708974838
13	1	0.586445093155
14	1	0.502151966095
14	1	0.554460048676
14	1	0.498745918274
13	0	0.970827102661
13	1	0.632881879807
13	0	0.499283790588
14	1	0.625594139099
13	0	0.569594144821
13	1	0.512928009033
14	1	0.674156904221
14	0	0.707314014435
13	1	0.653062105179
13	1	0.73825097084
13	1	0.553473949432
13	1	0.419548034668
13	0	0.297780036926
14	0	0.571111917496
13	1	0.459580898285
14	1	0.552795171738
14	1	0.621798038483
13	1	0.514039039612
13	1	0.554929971695
13	1	0.530890226364
14	1	0.762490034103
14	1	0.595391988754
13	1	0.578331947327
14	1	0.570517063141
13	0	0.651613950729
14	0	0.648248910904
13	1	0.81788110733
13	1	0.717288017273
14	1	0.545156955719
14	1	0.625333070755
14	1	0.549674987793
13	0	0.433120965958
14	1	0.536913871765
14	1	0.451177120209
13	1	0.515040874481
14	0	0.834883928299
13	1	0.610632181168
13	1	0.474859952927
13	1	0.648934841156
14	0	1.17037391663
13	1	0.546480894089
14	1	0.515747785568
13	0	0.451231956482
13	0	0.489099979401
14	0	0.595625162125
13	0	0.555151939392
13	1	1.21767091751
14	0	0.937834024429
10	0	0.907114982605
10	1	0.657917022705
10	0	0.714091777802
10	1	0.700031042099
10	1	0.497382164001
10	1	0.61990904808
10	1	0.681435823441
10	1	0.50866484642
10	1	0.578949928284
10	1	0.577919960022
10	1	0.833266019821
10	1	0.586394071579
10	1	0.645215988159
10	1	0.608337879181
10	1	0.7784512043
10	1	0.523427009583
10	1	0.748364925385
10	1	0.496731996536
10	1	0.626106977463
10	1	0.517669916153
10	0	0.495396137238
10	1	0.851300954819
10	1	0.578575849533
10	1	0.555036067963
10	1	0.593674898148
10	1	0.529844045639
10	0	0.682965993881
10	1	1.18498301506
10	1	0.787901878357
10	0	0.580840826035
10	0	0.537695884705
10	1	0.580082893372
10	1	0.41810798645
10	1	0.555652141571
10	1	0.546228885651
10	1	0.770632982254
10	0	0.618650913239
10	1	0.459555149078
10	1	0.515095949173
10	0	0.800889015198
10	1	0.683969020844
10	0	0.650389909744
10	1	0.651329040527
10	0	0.60906291008
10	0	0.795527935028
10	1	0.604134082794
10	1	0.60910987854
10	1	0.67654800415
10	0	0.642334938049
10	0	0.642799854279
10	1	0.842602968216
10	1	0.669219970703
10	0	0.619117021561
10	0	1.15284204483
10	0	0.929855823517
10	1	0.940788984299
10	0	0.722457885742
10	1	0.70636677742
10	1	0.578103780746
10	0	0.661351919174
10	1	0.641160964966
10	0	0.530696868896
10	1	0.729065179825
10	1	0.585744142532
10	1	0.757498979568
10	1	0.834316968918
10	1	0.538347005844
10	1	0.554857969284
10	1	0.64892411232
10	0	0.593744039536
10	1	0.579785108566
10	0	0.514994859695
10	0	0.64061999321
10	0	0.756567001343
10	1	0.609708070755
10	0	0.901148080826
10	1	0.633231163025
10	0	0.633661031723
10	0	0.860973119736
10	1	0.681450128555
10	1	0.637445926666
10	0	0.555684089661
10	0	0.650238037109
10	1	0.537136077881
10	0	0.72983622551
10	1	0.586630105972
10	1	0.658989191055
10	0	0.628452062607
10	1	0.648921966553
10	0	0.53275513649
10	0	0.465504169464
10	0	0.556371927261
10	0	0.505881071091
10	1	0.651846170425
10	0	0.537985086441
10	1	0.563742876053
10	0	0.580919027328
10	1	0.761520862579
10	1	0.530518054962
10	1	0.746221065521
10	1	0.61178612709
10	1	0.569201946259
10	1	0.762871980667
10	1	0.811634063721
10	1	0.76099896431
10	1	0.580220222473
10	1	0.608476161957
10	1	0.762341976166
10	1	0.585392951965
10	1	0.571068048477
10	1	0.563186883926
10	1	0.5173869133
10	1	0.552107095718
10	1	0.707542896271
10	1	0.618599891663
10	1	0.570116043091
10	1	0.612552165985
10	1	0.51207113266
10	1	0.866720914841
10	1	0.50781917572
10	1	0.50550198555
10	0	0.594799041748
10	1	0.706383943558
10	0	0.515016078949
10	1	0.601078033447
10	0	0.633991956711
10	1	0.715991020203
10	1	0.658074140549
10	0	0.612313985825
10	0	0.745772123337
10	1	0.692116975784
10	1	0.570625066757
10	1	0.603390932083
10	0	0.570172071457
10	1	0.578316926956
10	1	0.746872186661
10	1	0.819472074509
10	1	0.738539934158
10	1	0.719530105591
11	0	0.875633001328
11	1	0.907043933868
11	1	0.625124931335
11	1	0.564686059952
11	1	0.905524015427
11	1	0.626602888107
11	1	0.570376873016
11	1	0.698380231857
11	1	0.593874931335
11	1	0.571432828903
11	1	0.611127138138
11	1	0.627154827118
11	1	0.674218177795
11	1	0.636235952377
11	1	0.611325025558
11	1	0.489713907242
11	1	0.721683979034
11	0	0.577689170837
11	1	0.578358888626
11	1	0.60503911972
11	1	0.737092971802
11	0	0.584800958633
11	0	0.549501895905
11	1	0.707309961319
11	1	0.563180923462
11	1	0.601907968521
11	1	0.705511808395
11	1	0.626430988312
11	0	0.817329883575
11	1	0.588922977448
11	1	0.593503952026
11	1	0.500274896622
11	0	0.544840097427
11	1	0.524766921997
11	0	0.762084007263
11	1	0.593467950821
11	1	0.548105955124
11	1	0.540923118591
11	1	0.432119131088
11	1	0.484511137009
11	1	0.546290874481
11	1	0.537420034409
11	1	0.633694171906
11	1	0.429111003876
11	1	0.353507995605
11	1	0.404762983322
11	1	0.371168136597
11	0	0.657297134399
11	1	0.491341114044
11	1	0.483384847641
11	1	0.560997009277
11	0	0.498636007309
11	1	0.513943910599
11	1	0.521775007248
11	0	0.475043058395
11	1	0.525156021118
11	0	0.743199110031
11	1	0.509785175323
11	1	0.522528886795
11	0	0.434919118881
11	0	0.809092998505
11	1	0.642518043518
11	0	0.859174966812
11	1	0.730929136276
11	0	0.595841169357
11	0	0.650352954865
11	0	0.628391027451
11	0	0.738289833069
11	1	0.627331972122
11	0	0.683104991913
11	1	0.81051492691
11	0	0.795263051987
11	1	0.593674898148
11	1	0.756636142731
11	1	0.599278926849
11	0	0.716363191605
11	0	0.682614088058
11	1	0.938738107681
11	0	0.682643890381
11	1	0.779835224152
11	1	0.562173128128
11	1	0.627858877182
11	1	0.609071969986
11	1	0.57252907753
11	1	0.666268110275
11	1	0.591979980469
11	1	0.482647895813
11	1	0.596822023392
11	1	0.825869083405
11	1	0.675056934357
11	1	0.68368601799
11	1	0.576478004456
11	1	0.603551864624
11	1	0.571670055389
11	0	0.499881029129
11	0	0.64111495018
11	1	0.745249032974
11	1	0.642149925232
11	1	0.59627699852
11	1	0.601360082626
11	1	0.659321069717
11	1	0.538463115692
11	1	0.730586051941
11	0	0.593340158463
11	1	0.596016168594
11	1	0.546761989594
11	1	0.577607870102
11	1	0.452167034149
11	1	0.384356975555
11	1	0.348513126373
11	1	0.355713129044
11	0	0.3532807827
11	0	0.380118131638
11	1	0.417814016342
11	1	0.555121898651
11	1	0.458834171295
11	0	0.412652015686
11	1	0.512717962265
11	0	0.443292856216
11	1	0.490673065186
11	1	0.42659497261
11	1	0.385869026184
11	1	0.362729072571
11	0	0.394269943237
11	1	0.561810016632
11	1	0.461388111115
11	1	0.449150085449
11	0	0.359829902649
11	0	0.573082923889
11	1	0.475360155106
11	1	0.441226005554
11	1	0.5004529953
11	0	0.490744829178
11	1	0.482225179672
11	1	0.56193614006
11	0	0.387450933456
11	0	0.385768175125
11	1	0.451282024384
11	1	0.404042959213
11	1	0.369926214218
11	0	0.401339054108
11	1	0.420764923096
11	1	0.415635824203
11	0	0.308008909225
12	0	0.556647777557
12	1	0.44961977005
12	1	0.546377897263
12	1	0.523667812347
12	1	0.474852800369
12	0	0.576635122299
12	1	0.41673207283
12	0	0.466956138611
12	0	0.363327026367
12	1	0.481245994568
12	1	0.482574939728
12	1	0.562719106674
12	1	0.488608121872
12	0	0.851361036301
12	1	0.80247092247
12	1	0.556948184967
12	1	0.905555009842
12	1	0.497632026672
12	1	0.44341301918
12	0	0.491297960281
12	0	0.527825117111
12	0	0.52255988121
12	0	0.778214931488
12	1	0.548428058624
12	1	0.466179847717
12	0	0.490691900253
12	1	0.564380884171
12	1	0.706974029541
12	0	0.41860294342
12	1	0.689007997513
12	0	0.593522071838
12	0	0.722040891647
12	1	0.573274850845
12	0	0.727765083313
12	1	0.60432100296
12	0	0.569744110107
12	1	0.579555034637
12	0	0.513164043427
12	1	0.737585067749
12	1	0.588546991348
12	1	0.650874853134
12	0	0.452704906464
12	1	0.553544044495
12	1	0.443958997726
12	0	0.393771886826
12	1	0.682931184769
12	0	1.21818304062
12	1	0.619189023972
12	1	0.48132610321
12	0	0.507086038589
12	1	0.645220041275
12	1	0.521456003189
12	1	0.489844083786
12	0	0.39738202095
12	1	1.13059997559
12	1	0.745454072952
12	1	0.795945882797
12	1	0.507072925568
12	1	0.528318166733
12	1	0.620370149612
12	1	0.53844499588
12	0	0.450663089752
12	1	0.584818840027
12	1	0.49160194397
12	1	0.67368888855
12	1	0.515345811844
12	1	0.473500013351
12	1	0.61331987381
12	1	0.570209980011
12	0	0.594974994659
12	1	0.50528883934
12	1	0.442051172256
12	1	0.476164102554
12	1	0.520296096802
12	0	0.403016090393
12	0	0.497469902039
12	0	0.458143949509
12	1	0.610499858856
12	1	0.530422925949
12	1	0.563221931458
12	1	0.569669961929
12	0	0.442772865295
12	0	0.483954906464
12	1	0.506649971008
12	1	0.57849407196
12	1	0.626504898071
12	0	0.699506044388
12	1	0.650609970093
12	1	0.626143932343
12	1	0.555055856705
12	1	0.762092828751
12	1	0.714213132858
12	1	0.626931905746
12	0	0.483750104904
12	1	0.579536914825
12	0	0.544439077377
12	1	0.571763038635
12	1	0.519942998886
12	1	0.660118103027
12	1	0.474951982498
12	1	0.584229946136
12	1	0.500420093536
12	1	0.505660057068
12	1	0.506039857864
12	1	0.401988983154
12	0	0.324457168579
12	1	0.481761932373
12	1	0.361091852188
12	1	0.330633163452
12	0	0.337710142136
12	0	0.476147174835
12	1	0.490482091904
12	0	0.402384996414
12	1	0.417542934418
12	1	0.461221933365
12	1	0.411782979965
12	0	0.39456987381
12	1	0.40968298912
12	1	0.674964904785
12	1	0.402377843857
12	0	0.44912481308
12	1	0.476400136948
12	0	0.435919046402
12	0	0.555842161179
12	1	0.519737958908
12	1	0.474208831787
12	1	0.489351034164
12	0	0.426930904388
12	0	0.468011856079
12	1	0.634716033936
12	1	0.607094049454
12	1	0.500442028046
12	0	0.393290042877
12	0	0.498934030533
12	1	0.504901170731
12	0	0.357064962387
12	0	0.513492822647
12	0	0.410948038101
12	0	0.435785055161
12	1	0.411488056183
12	0	0.577136039734
12	1	0.508152961731
12	1	0.584442138672
12	1	0.555099964142
12	1	0.474808216095
12	1	0.444655179977
16	0	0.570433139801
15	1	0.561944007874
15	1	0.461175918579
16	1	0.51327586174
15	1	0.575845003128
16	0	0.589127063751
15	1	0.633692026138
16	1	0.593909025192
16	1	0.56972694397
16	0	0.61313700676
16	1	0.602494001389
15	1	0.546066999435
15	1	0.705257892609
16	1	0.565062999725
16	1	0.586344003677
15	0	0.482783079147
15	1	0.551832199097
16	1	0.483891963959
16	1	0.473722934723
15	1	0.507118940353
16	1	0.563687086105
16	0	0.448138952255
15	0	0.491585016251
16	0	0.696871995926
15	1	0.557294845581
15	0	0.515002965927
15	0	0.505777835846
16	1	0.530933141708
15	0	0.756971120834
15	1	0.578294038773
16	1	0.472419977188
15	1	0.530096054077
15	1	0.763588905334
16	0	0.456989049911
16	0	0.588440895081
15	1	0.619122028351
15	1	0.545739889145
15	0	0.483173131943
16	1	0.722805976868
15	1	0.529576063156
16	0	0.562017917633
15	0	0.620115041733
16	1	0.679236888885
15	0	0.820218086243
16	0	0.658785104752
16	1	0.554562091827
15	1	0.690484046936
15	0	0.633053064346
15	0	0.572587966919
16	1	0.770160913467
15	1	0.690061092377
16	1	0.698590993881
15	0	0.578163862228
15	1	0.674840927124
16	1	0.635782957077
15	1	0.811303853989
15	0	0.505761861801
16	1	0.66012096405
16	1	0.532211065292
16	1	0.625990152359
15	1	0.562478065491
15	1	0.545182943344
16	1	0.617751121521
15	0	0.546425104141
15	1	0.538111925125
15	1	0.569908857346
16	1	0.539968967438
15	0	0.674337148666
15	0	0.370705842972
15	0	0.529371976852
15	1	0.587126970291
15	1	0.627058982849
15	0	0.465820074081
15	1	0.579808950424
15	1	0.603492021561
15	1	0.586540937424
16	1	0.579882860184
15	0	0.697324991226
15	0	0.570900917053
16	1	0.586583852768
15	0	1.12442398071
16	1	0.582857847214
16	1	0.501476049423
16	0	0.649342060089
16	1	0.602977991104
15	0	0.593488931656
16	0	0.596621990204
16	1	0.587377071381
16	1	1.03480505943
16	1	0.577134132385
15	1	1.06840205193
16	1	0.632941961288
15	1	0.724514007568
16	1	0.736083984375
16	1	0.690826892853
15	1	0.588350057602
15	1	0.617780923843
15	1	0.812319040298
15	1	0.745357990265
16	1	0.577945947647
16	0	0.49625992775
15	1	0.524765968323
16	0	0.689579963684
15	0	0.53946018219
15	0	0.55525803566
15	1	0.506632089615
15	1	0.612044095993
15	1	0.682177066803
15	1	0.588395118713
16	1	0.583275079727
15	1	0.523015975952
16	0	0.651599884033
16	1	0.608578205109
15	0	0.531125068665
15	0	0.562824964523
16	1	0.608019113541
15	0	0.578011989594
15	1	0.65052485466
16	1	0.661709785461
16	1	0.586006879807
15	1	0.712791919708
15	0	0.660920858383
15	1	0.592669010162
16	0	0.827667951584
16	1	0.547770023346
15	1	0.562643051147
16	1	0.450442075729
16	0	0.482489109039
15	1	0.687430143356
15	1	0.468605995178
15	0	0.468175172806
15	1	0.553776025772
15	1	0.618764162064
16	0	0.604228973389
15	0	0.855891942978
16	1	1.01216888428
15	1	0.554403066635
16	0	0.594558000565
16	1	0.611414909363
15	1	0.705841064453
16	1	0.524257183075
16	1	0.530670881271
22	1	0.572702884674
21	1	0.43461894989
22	1	0.544005870819
21	1	0.546389102936
21	1	0.601608037949
21	0	0.779814958572
21	1	0.490000963211
22	1	0.465983867645
21	0	0.506618022919
21	1	0.658326864243
22	1	0.459491968155
21	1	0.441730976105
22	0	0.66620182991
22	1	0.482800960541
21	1	0.68999004364
22	1	0.508280038834
22	1	0.530164957047
22	1	0.44175195694
21	1	0.522954940796
22	1	0.466002941132
21	1	0.514235019684
21	1	0.554553985596
21	0	0.476013183594
22	1	0.520413160324
22	1	0.587714910507
21	1	0.699045181274
21	1	0.593283891678
22	0	0.691620111465
21	1	1.04898905754
22	1	0.53692317009
22	1	0.642591953278
22	1	0.49880194664
22	1	0.577794075012
22	1	0.579653978348
21	1	0.577152013779
21	0	0.660143136978
21	1	0.624990940094
22	1	0.492173910141
22	1	0.457360982895
22	1	0.467143058777
21	0	0.828602075577
22	1	0.545841932297
22	1	0.425441980362
22	1	0.466527938843
22	1	0.418837070465
22	1	0.426151990891
22	1	0.531054019928
22	1	0.449568033218
21	1	0.451644182205
21	0	0.426380157471
22	1	0.450556993484
22	1	0.419531106949
22	1	0.426801204681
21	1	0.393611192703
21	1	0.354108810425
21	1	0.395640134811
22	1	0.451509952545
21	1	0.491076946259
22	0	0.52033996582
21	1	0.539441108704
22	1	0.377707004547
22	0	0.388798952103
21	1	0.531059026718
22	1	0.464213848114
22	1	0.387242078781
22	1	0.473811864853
22	0	0.388932228088
22	1	0.427258014679
21	1	0.808145046234
22	1	0.475260019302
21	1	0.530007839203
22	1	0.434708118439
21	1	0.460396051407
21	0	0.416745901108
22	1	0.499794960022
21	1	0.497169971466
21	1	0.387380838394
22	1	0.465177059174
21	1	0.498215913773
21	1	0.482978820801
22	1	0.433393955231
22	1	0.546423912048
21	1	0.435178995132
21	1	0.544839859009
21	1	0.444806098938
22	1	0.435826063156
21	0	0.409910917282
22	1	0.417291164398
21	1	0.45866894722
22	1	0.596620082855
21	1	0.376243829727
21	1	0.587960958481
22	0	0.34806895256
21	1	0.527772903442
22	1	0.467256069183
21	1	0.492274045944
21	1	0.450940847397
21	1	0.584457874298
21	0	0.490828037262
21	1	0.603111982346
21	0	0.465268135071
22	1	0.755864143372
21	1	0.53067612648
21	1	0.632802009583
21	0	0.571435928345
22	1	0.668766975403
21	1	0.514443874359
21	1	0.503681182861
22	0	0.68456697464
22	1	0.69815993309
22	0	0.615130186081
21	0	0.676184892654
21	1	0.898785114288
22	0	0.562504053116
21	0	0.791625976562
21	1	0.685135126114
22	1	0.555830001831
21	1	0.866780042648
21	1	0.546793222427
21	0	0.567080974579
21	0	0.747843027115
22	1	0.539493083954
21	1	0.553709030151
21	1	0.491838932037
21	1	0.531888961792
21	0	0.770072937012
22	0	0.713904857635
22	1	0.44330406189
22	1	0.521765947342
22	1	0.633727073669
21	1	0.616067886353
21	1	0.473781108856
22	1	0.501863002777
22	1	0.80046582222
22	1	0.56448507309
21	1	0.53111410141
22	1	0.729320049286
21	1	0.496148824692
21	1	0.540376901627
21	1	0.508203029633
21	1	0.569847106934
21	1	0.464885950089
22	1	0.554661989212
21	1	0.5309009552
22	1	0.475596904755
22	1	0.488665103912
21	1	0.410475969315
20	1	0.68212890625
20	1	0.410526990891
20	1	0.585503101349
20	1	0.460546970367
20	1	0.39950799942
20	1	0.451255083084
20	1	0.601315975189
20	1	0.491250038147
20	1	0.468517065048
20	1	0.562967061996
20	1	0.361217021942
20	0	0.35423207283
20	1	0.481847047806
20	1	0.486358165741
20	1	0.556320905685
20	1	0.689811944962
20	1	0.500123023987
20	1	0.456902980804
20	1	0.544836997986
20	1	0.529513120651
20	1	0.475621938705
20	1	0.497097969055
20	1	0.602347135544
20	1	0.458564043045
20	1	0.473675012589
20	1	0.505631923676
20	1	0.474790096283
20	1	0.403606891632
20	1	0.451511859894
20	1	0.409706115723
20	1	0.497659921646
20	1	0.561277866364
20	1	0.461133956909
20	1	0.512354135513
20	1	0.508527994156
20	1	0.496710062027
20	0	0.451675891876
20	1	0.476019859314
20	1	0.490525007248
20	1	0.651527881622
20	0	0.578527927399
20	1	0.536167144775
20	1	0.460303068161
20	0	0.504783153534
20	1	0.587218046188
20	1	0.705947875977
20	0	0.529566049576
20	0	0.641690969467
20	1	0.513659954071
20	1	0.572597026825
20	1	0.882220983505
20	1	0.483866930008
20	0	0.553892850876
20	1	0.76322388649
20	1	0.673795938492
20	1	0.530887126923
20	1	0.737598896027
20	0	0.457203865051
20	1	0.540466070175
20	1	0.498599052429
20	1	0.457587957382
20	1	0.530048847198
20	1	0.498127937317
20	0	0.466661930084
20	1	0.572437047958
20	1	0.45943403244
20	1	0.464401960373
20	1	0.410417795181
20	1	0.516005992889
20	1	0.491064071655
20	1	0.49825501442
20	1	0.483001947403
20	1	0.6170129776
20	1	0.563236951828
20	1	0.536942958832
20	1	0.428629159927
20	1	0.481384038925
20	1	0.54795384407
20	1	0.481652975082
20	1	0.476199150085
20	0	0.504748106003
20	1	0.474647045135
20	1	0.618424892426
20	1	0.545902967453
20	1	0.404039144516
20	1	0.483065128326
20	1	0.675654172897
20	1	0.546083927155
20	1	0.418657064438
20	1	0.443834066391
20	1	0.433615922928
20	0	0.333714962006
20	0	0.522655963898
20	0	0.545721054077
20	1	0.62031006813
20	1	0.521261930466
20	1	0.498265028
20	1	0.401817083359
20	1	0.491045951843
20	1	0.538123130798
20	1	0.467262029648
20	1	0.482552051544
20	1	0.424977064133
20	1	0.537885904312
20	1	0.484272003174
20	1	0.438867092133
20	1	0.427618026733
20	1	0.482369184494
20	1	0.41147518158
20	1	0.458648920059
20	1	0.491588830948
20	1	0.50692486763
20	1	0.708275079727
20	0	0.432851076126
20	1	0.490317106247
20	0	0.458505868912
20	1	0.498268842697
20	1	0.474488973618
20	1	0.513966083527
20	1	0.428998947144
20	1	0.505992174149
20	0	0.487804889679
20	1	0.594651937485
20	1	0.436195135117
20	1	0.505710840225
20	1	0.452455997467
20	1	0.495559930801
20	1	0.491765975952
20	1	0.404492139816
20	1	0.448966026306
20	1	0.436975002289
20	1	0.683223962784
20	1	0.424538850784
20	1	0.468049049377
20	1	0.408312082291
20	1	0.482497930527
20	1	0.453638792038
20	0	0.495994091034
20	1	0.460490942001
20	1	0.657644987106
20	1	0.547141075134
20	0	0.449873209
20	1	0.5893471241
20	1	0.552892923355
20	1	0.484562158585
20	0	0.497654914856
20	1	0.5219810009
20	1	0.555336952209
20	0	0.627539157867
24	1	0.595592975616
24	1	0.433959960938
24	1	0.546905994415
23	1	0.451505899429
24	1	0.418142080307
23	1	0.370245933533
24	1	0.564522981644
24	1	0.471656084061
24	0	0.508598089218
23	1	0.498247146606
24	1	0.48094201088
24	1	0.473591089249
23	0	0.651978969574
23	1	0.490724086761
24	1	0.448350191116
23	0	0.40920996666
24	1	0.539928197861
24	1	0.555726051331
23	1	0.634458065033
23	1	0.570904970169
23	1	0.506383895874
23	1	0.499357938766
24	1	0.484158992767
23	1	0.56795501709
23	1	0.393790006638
23	1	0.356330156326
24	1	0.514317989349
23	1	0.722216129303
23	1	0.540379047394
23	1	0.458760976791
24	1	0.522711992264
24	1	0.671443939209
24	1	0.411370992661
24	1	0.453191995621
23	1	0.361358880997
24	1	0.546087026596
24	1	0.408361911774
23	1	0.426939964294
23	1	0.547378063202
24	1	0.507318973541
24	1	0.610867977142
23	1	0.770139932632
24	1	0.851495027542
23	0	0.529761075974
23	1	0.548527002335
24	0	0.450522184372
23	1	0.545248985291
24	1	0.68048286438
23	1	0.483175039291
24	1	0.562148809433
23	1	0.546327829361
24	1	0.683874130249
23	1	0.649507045746
23	0	0.459918022156
23	0	0.480922937393
23	1	0.508584976196
24	0	0.53972196579
24	1	0.641508102417
23	1	0.552213907242
23	1	0.564947843552
24	1	0.584657907486
24	1	0.684317827225
24	1	0.578190803528
24	1	0.459371089935
23	1	0.522575855255
23	1	0.448784828186
24	1	0.475992918015
23	1	0.522582054138
24	0	0.56783914566
24	1	0.442571878433
23	1	0.473685026169
24	0	0.442542076111
23	0	0.41269493103
23	1	0.658805131912
23	1	0.667433977127
23	1	0.49005484581
23	1	0.420232057571
23	1	0.480268001556
23	1	0.588054180145
24	1	0.545498132706
23	1	0.392759084702
24	0	0.475609779358
24	1	0.484050035477
24	1	0.546473026276
24	1	0.465389966965
23	1	0.514349937439
24	1	0.52999997139
23	1	0.497471094131
23	0	0.675703048706
24	1	0.587046146393
23	1	0.55374789238
24	1	0.549045085907
23	1	0.442266941071
23	0	0.481561899185
23	1	0.601254940033
24	1	0.628309965134
23	1	0.595678091049
24	1	0.393659114838
23	1	0.860017061234
23	1	0.593247890472
24	1	0.515688896179
23	1	0.640527963638
23	1	0.561863183975
24	1	0.419147968292
23	1	0.465926885605
24	1	0.483438014984
24	1	0.441545009613
24	1	0.491346120834
23	1	0.673765897751
24	1	0.475652933121
24	1	0.448913097382
23	1	0.562179803848
23	0	0.614907026291
23	1	0.549394845963
23	1	0.468185901642
23	1	0.55358505249
24	1	0.460510969162
23	1	0.521503925323
24	1	0.564513921738
23	1	0.495941877365
24	0	0.491358041763
24	1	0.491003990173
24	1	0.459203958511
23	1	0.481173038483
23	1	0.49099779129
24	1	0.522626876831
23	1	0.419430017471
23	1	0.554425954819
23	1	0.560585975647
23	0	0.523256063461
24	1	0.554902076721
23	1	0.577188968658
24	1	0.531899929047
23	1	0.418207168579
23	1	0.452410936356
23	1	0.690846920013
24	1	0.578182935715
23	1	0.426824092865
24	1	0.442692995071
23	1	0.458473920822
24	1	0.489613771439
23	1	0.451267004013
24	0	0.519695043564
23	1	0.468533039093
24	0	0.584761142731
23	1	0.484436035156
24	1	0.410135984421
23	1	0.46829199791
17	1	0.514806032181
17	1	0.432945966721
17	1	0.474817991257
17	1	0.403506040573
17	1	0.451936006546
17	1	0.505412101746
17	1	0.56299495697
17	1	0.497673034668
17	1	0.466022968292
17	1	0.561843156815
17	1	0.459338188171
17	1	0.409044027328
17	1	0.50629401207
17	1	0.445101976395
17	1	0.448910951614
17	1	0.570442199707
17	1	0.513751983643
17	0	0.453336000443
17	1	0.497063875198
17	1	0.524059057236
17	1	0.441928863525
17	0	0.507668972015
17	1	0.553546190262
17	1	0.477217912674
17	0	0.4968957901
17	1	0.611261844635
17	1	0.465282201767
17	1	0.5001039505
17	1	0.505716085434
17	0	0.777601957321
17	1	0.489921092987
17	1	0.475588083267
17	1	0.449726819992
17	1	0.531650781631
17	1	0.448385000229
17	0	0.468158006668
17	1	0.674669981003
17	0	0.512485027313
17	1	0.49996304512
17	0	0.481200933456
17	0	0.571134805679
17	1	0.59689116478
17	0	0.761398077011
17	1	0.698745965958
17	1	0.634381055832
17	0	0.785842895508
17	1	0.587999105453
17	1	0.634567022324
17	0	0.665093898773
17	0	0.740305185318
17	1	0.648894071579
17	1	0.540272951126
17	0	0.449812173843
17	1	0.691801071167
17	1	0.788049936295
17	1	0.489430904388
17	1	0.458231925964
17	1	0.441102027893
17	0	0.402695894241
17	1	0.54399394989
17	1	0.611613035202
17	1	0.468014001846
17	1	0.466381072998
17	1	0.491745948792
17	1	0.647991895676
17	1	0.451091051102
17	1	0.641595840454
17	1	0.546969890594
17	1	0.467423915863
17	1	0.530253887177
17	1	0.467154026031
17	1	0.467027902603
17	1	0.674602031708
17	1	0.783466815948
17	1	0.501111984253
17	1	0.551768064499
17	1	0.426916122437
17	0	0.6364569664
17	0	0.457865953445
17	1	0.572723150253
17	1	0.512072086334
17	1	0.427155971527
17	1	0.522545099258
17	1	0.467349052429
17	1	0.577626943588
17	1	0.531749010086
17	1	0.460803985596
17	1	0.545382022858
17	1	0.659207105637
17	0	0.642204046249
17	1	0.471103906631
17	1	0.546893119812
17	0	0.460904836655
17	1	0.506592988968
17	1	0.418312072754
17	1	0.505969047546
17	0	0.655781984329
17	0	0.458554983139
17	1	0.474416971207
17	1	0.483196020126
17	1	0.505399942398
17	1	0.498524904251
17	1	0.490615844727
17	1	0.43674492836
17	1	0.561748981476
17	1	0.457938909531
17	1	0.472424983978
17	1	0.445857048035
17	1	0.746737003326
17	1	0.426151037216
17	0	0.434529066086
17	1	0.425752162933
17	1	0.472788095474
17	1	0.405064105988
17	1	0.528383970261
17	1	0.482169151306
17	1	0.563357114792
17	1	0.403146028519
17	1	0.634501934052
17	0	0.489889144897
17	0	0.531721830368
17	1	0.441853046417
17	1	0.48939204216
17	1	0.50834107399
17	1	0.472713947296
17	0	0.612748861313
17	1	0.416735887527
17	1	0.468322992325
17	1	0.407928943634
17	1	0.514790058136
17	1	0.465197086334
17	1	0.570118904114
17	1	0.377698898315
17	1	0.442636013031
17	1	0.453197002411
17	1	0.402947187424
17	0	0.443170070648
17	1	0.432245969772
17	1	0.420209884644
17	1	0.380044937134
17	0	0.36915397644
17	1	0.491157054901
17	1	0.425251960754
17	1	0.386578083038
17	1	0.427471876144
17	1	0.49831199646
17	1	0.429749011993
17	0	0.366904020309
24	0	0.737823963165
24	0	0.73898100853
24	1	0.625308036804
24	1	0.451049089432
24	1	0.458308935165
24	0	0.418113946915
24	0	0.602458953857
23	0	0.628609895706
24	1	0.497117042542
24	1	0.532016038895
23	1	0.432286977768
23	1	0.443893909454
24	1	0.465198993683
23	1	0.454079866409
23	0	0.464407920837
23	0	0.475248098373
23	1	0.418200969696
24	1	0.448843955994
23	1	0.433980941772
23	1	0.402472019196
24	1	0.477177858353
23	1	0.505202054977
24	1	0.434496164322
24	1	0.442101955414
24	1	0.386168003082
24	0	0.458256959915
23	1	0.498596906662
23	1	0.363327980042
23	0	0.418110132217
23	1	0.602535009384
23	1	0.387824058533
23	1	0.425878047943
24	1	0.459752082825
24	1	0.433135986328
24	0	0.514052867889
24	1	0.442277193069
24	1	0.362370967865
23	1	0.523818969727
23	1	0.369477987289
24	0	0.372997045517
24	1	0.46547794342
24	1	0.537016153336
24	1	0.386747837067
23	0	0.682267904282
24	1	0.469470977783
24	1	0.44838809967
23	1	0.491527080536
24	0	0.428251028061
24	1	0.489732980728
23	1	0.418808937073
24	0	0.546802043915
24	1	0.466138124466
24	1	0.401927232742
23	1	0.451323986053
24	0	0.355045080185
23	1	0.39610004425
24	0	0.392449140549
23	0	0.444658994675
24	1	0.479348182678
24	1	0.443186998367
23	1	0.451609134674
24	1	0.570369958878
24	1	0.417015075684
24	1	0.493417024612
24	1	0.432559967041
23	1	0.516631126404
24	1	0.457803010941
23	1	0.434010982513
23	1	0.465776920319
24	1	0.532866954803
24	1	0.482868909836
24	1	0.489139795303
24	1	0.587827920914
23	0	0.46804690361
24	1	0.592241048813
23	1	0.49115896225
23	1	0.522494077682
23	1	0.444132089615
24	1	0.50630402565
24	0	0.484375
23	1	0.999300956726
23	1	0.458457946777
23	1	0.43584895134
23	1	0.4252409935
23	1	0.393038988113
24	1	0.411816835403
23	0	0.452005147934
24	1	0.504770040512
23	1	0.691226005554
23	1	0.466955184937
23	1	0.450239896774
23	1	0.457466125488
24	1	0.419859170914
24	1	0.419580936432
24	1	0.544652938843
23	0	0.658674001694
24	1	0.499125003815
23	1	0.545126914978
24	1	0.459501028061
24	1	0.483441829681
24	1	0.442672014236
24	1	0.408050060272
24	1	0.357542991638
24	1	0.368216991425
24	1	0.419265985489
24	1	0.354233980179
24	1	0.443983078003
24	0	0.401918888092
24	1	0.506834983826
23	1	0.450320005417
23	1	0.553541898727
24	1	0.434775114059
24	1	0.450610876083
24	1	0.458107948303
23	1	0.491528987885
23	1	0.458265066147
23	1	0.488080024719
23	1	0.458119153976
23	1	0.459187984467
23	1	0.612377882004
24	1	0.408527135849
23	1	0.477090120316
23	1	0.529101133347
23	0	0.587376117706
24	1	0.468859195709
24	1	0.52149105072
23	1	0.576871871948
23	1	0.449594020844
24	1	0.587235927582
23	1	0.524920940399
23	1	0.503801107407
24	1	0.532262086868
24	1	0.511989116669
24	1	0.467391014099
23	1	0.608284950256
24	1	0.476634025574
23	1	0.519289016724
23	1	0.500881910324
24	1	0.522686004639
23	1	0.535840988159
24	0	0.490787982941
24	1	0.530158042908
23	0	0.562995910645
24	1	0.858130931854
24	1	0.481920957565
24	1	0.571785926819
23	1	0.471919059753
23	1	0.505739927292
23	1	0.492075920105
23	1	0.483106851578
18	1	0.801588058472
18	1	0.514403820038
18	1	0.394078016281
18	1	0.429095983505
18	1	0.642227172852
18	1	0.44760799408
18	1	0.484367132187
18	1	0.512610912323
18	1	1.03548288345
18	1	0.48367190361
18	1	0.475104093552
18	0	0.570531845093
18	1	0.458443164825
18	1	0.441051006317
18	1	0.548069953918
18	0	0.602357149124
18	1	0.411941051483
18	1	0.47344493866
18	1	0.459049940109
18	1	0.484009027481
18	1	0.530622005463
18	1	0.497275114059
18	1	0.467988014221
18	1	0.465258836746
18	1	0.557112932205
18	1	0.440706968307
18	1	0.491652011871
18	1	0.434541940689
18	1	0.490357875824
18	1	0.3788189888
18	1	0.441292047501
18	0	0.4656291008
18	1	0.442549943924
18	1	0.427021026611
18	0	0.531264066696
18	1	0.556347131729
18	1	0.472422838211
18	0	0.659030914307
18	1	0.457168102264
18	1	0.435693025589
18	1	0.507174968719
18	1	0.450855970383
18	1	0.594730138779
18	1	0.433073997498
18	1	0.571853876114
18	1	0.456520080566
18	1	0.52442908287
18	1	0.473669052124
18	0	0.627731800079
18	1	0.538376092911
18	0	0.440213918686
18	1	0.489902019501
18	1	0.412166118622
18	1	0.618165969849
18	1	0.532184123993
18	1	0.481873989105
18	1	0.546622991562
18	1	0.4641289711
18	1	0.339725017548
18	0	0.523409128189
18	1	0.569201946259
18	1	0.60346698761
18	1	0.410789966583
18	1	0.43418097496
18	1	0.427776098251
18	0	0.468214035034
18	1	0.40155506134
18	0	0.329475879669
18	1	0.484260082245
18	1	0.496690034866
18	0	0.469312906265
18	1	0.377241134644
18	1	0.427059173584
18	1	0.451481103897
18	1	0.444715976715
18	0	0.456120014191
18	1	0.666818857193
18	1	0.603039979935
18	1	0.457387924194
18	1	0.466799020767
18	1	0.55655002594
18	1	0.657366991043
18	1	0.700299978256
18	1	0.424432992935
18	1	0.42106294632
18	0	0.442327976227
18	1	0.452373027802
18	1	0.403065919876
18	1	0.457204818726
18	1	0.322261095047
18	1	0.410035133362
18	1	0.434586048126
18	1	0.507629871368
18	0	0.354006052017
18	1	0.499022006989
18	1	0.411367893219
18	1	0.467015981674
18	1	0.427771091461
18	1	0.521874189377
18	1	0.498397111893
18	1	0.346735954285
18	0	0.329559087753
18	1	0.515314102173
18	1	0.641223907471
18	0	0.458384037018
18	1	0.435675144196
18	1	0.412647008896
18	0	0.440870046616
18	1	0.61011505127
18	0	0.443858146667
18	1	0.599858045578
18	1	0.444199085236
18	1	0.84045290947
18	1	0.461996793747
18	1	0.47990489006
18	1	0.515919923782
18	1	0.506091117859
18	1	0.5704870224
18	1	0.385666847229
18	1	0.435441970825
18	0	0.400594949722
18	1	0.393979787827
18	1	0.46143579483
18	0	0.474174022675
18	1	0.601193904877
18	1	0.571098089218
18	1	0.476338863373
18	1	0.753865003586
18	1	0.505527019501
18	1	0.491916894913
18	1	0.500715970993
18	1	0.480720996857
18	1	0.491379022598
18	0	0.465525150299
18	1	0.531507015228
18	0	0.418886899948
18	1	0.52272105217
18	1	0.561587095261
18	1	0.602035999298
18	1	0.459619998932
18	1	0.450977087021
18	1	0.46470284462
18	1	0.524353981018
18	1	0.507349967957
18	1	0.384144067764
18	1	0.42800784111
18	1	0.439962148666
18	1	0.420318126678
18	1	0.432410001755
18	0	0.588026046753
19	1	0.499834060669
19	1	0.41711807251
19	1	0.403246879578
19	1	0.466763973236
19	1	0.690542936325
19	0	0.412326812744
19	1	0.451318979263
19	1	0.425975084305
19	1	0.507121086121
19	1	0.417335033417
19	1	0.460520029068
19	1	0.554553985596
19	1	0.337188005447
19	1	0.521867990494
19	1	0.483170986176
19	1	0.54781293869
19	1	0.427180051804
19	1	0.45711684227
19	1	0.531916856766
19	1	0.57004904747
19	1	0.432343006134
19	1	0.403978824615
19	1	0.444629907608
19	1	0.425554990768
19	1	0.729604959488
19	1	0.441210985184
19	1	0.444873809814
19	1	0.401829957962
19	1	0.474784851074
19	1	0.466176986694
19	1	0.384119033813
19	1	0.47512793541
19	1	0.482069969177
19	1	0.385447978973
19	1	0.467890024185
19	1	0.468235015869
19	1	0.458669900894
19	1	0.497950077057
19	1	0.362156867981
19	1	0.432695865631
19	0	0.403074979782
19	1	0.602499008179
19	1	0.492129087448
19	1	0.512788057327
19	1	0.476553916931
19	1	0.417881011963
19	1	0.506059169769
19	1	0.434319972992
19	1	0.449830055237
19	1	0.452579021454
19	1	0.471951007843
19	1	0.397557973862
19	1	0.378083944321
19	1	0.505153894424
19	1	0.396079063416
19	1	0.423738002777
19	0	0.579935073853
19	1	0.545877933502
19	1	0.562535047531
19	1	0.425323963165
19	1	0.50844502449
19	1	0.521796941757
19	0	0.474529981613
19	1	0.425106048584
19	1	0.410367965698
19	1	0.4826130867
19	1	0.449016809464
19	1	0.419716119766
19	1	0.42644906044
19	1	0.593730926514
19	0	0.458985090256
19	1	0.443631887436
19	1	0.555825948715
19	0	0.480150222778
19	0	0.691527843475
19	1	0.610290050507
19	1	0.514347076416
19	0	0.557276964188
19	1	0.498010873795
19	1	0.427317142487
19	1	0.424962997437
19	0	0.393081188202
19	0	0.499814987183
19	1	0.483515977859
19	0	0.785398006439
19	1	0.579691886902
19	1	0.479913949966
19	1	0.404560089111
19	0	0.425523042679
19	1	0.444422960281
19	1	0.47364115715
19	1	0.523144960403
19	1	0.449038982391
19	1	0.410870075226
19	1	0.658560991287
19	1	0.452168941498
19	1	0.447930812836
19	1	0.445075035095
19	1	0.466108083725
19	1	0.362950086594
19	1	0.394874095917
19	1	0.44800901413
19	1	0.460582017899
19	1	0.480870962143
19	1	0.460458040237
19	1	0.417376995087
19	1	0.548620939255
19	1	0.409388065338
19	1	0.457659959793
19	1	0.508366107941
19	1	0.47315788269
19	1	0.409799098969
19	0	0.419593095779
19	0	0.45060300827
19	1	0.487030982971
19	0	0.442466020584
19	1	0.476620912552
19	1	0.481827020645
19	1	0.481345176697
19	1	0.505292892456
19	1	0.474893093109
19	1	0.482388973236
19	1	0.460619211197
19	1	0.519812107086
19	1	0.508944034576
19	1	0.522108078003
19	1	0.480585098267
19	1	0.532686948776
19	1	0.465734004974
19	1	0.442867040634
19	1	0.401556015015
19	1	0.484907150269
19	1	0.496808052063
19	1	0.522873878479
19	1	0.538475990295
19	1	0.522245168686
19	1	0.433736801147
19	0	0.490166187286
19	1	0.461030960083
19	1	0.522008895874
19	1	0.587286949158
19	1	0.53452205658
19	1	0.47607421875
19	1	0.490313053131
19	1	0.442875146866
19	1	0.425011873245
19	1	0.450277090073
19	1	0.410907030106
19	1	0.444451093674
19	0	0.473387002945
19	1	0.571388959885
22	1	0.451769113541
21	1	0.483747005463
22	1	0.439935207367
21	1	0.612925767899
22	1	0.425574064255
22	1	0.378731966019
21	1	0.392629861832
22	1	0.483244180679
21	1	0.489802122116
21	1	0.386398077011
22	1	0.483334064484
22	1	0.419363975525
22	1	0.426313877106
21	1	0.492897987366
21	0	0.40877199173
21	1	0.516435861588
22	0	0.481593132019
22	1	0.585929870605
22	0	0.490494012833
22	1	0.441764116287
21	1	0.459951877594
22	0	0.466882944107
21	1	0.872285842896
21	1	0.419839859009
21	1	0.49872303009
21	0	0.473639965057
21	1	0.60355091095
21	1	0.441922903061
22	1	0.595171928406
22	0	0.600786924362
21	1	0.549904108047
21	1	0.456902980804
22	0	0.658450841904
22	0	0.522503137589
21	1	0.53170800209
22	1	0.553175926208
21	1	0.61684513092
21	0	0.492009878159
22	1	0.45854306221
22	1	0.452851057053
21	1	0.455644130707
22	1	0.428600072861
21	0	0.601964950562
21	0	0.672528982162
22	1	0.468487977982
21	0	0.449732065201
22	1	0.46454501152
22	1	0.452371120453
22	1	0.514658927917
21	0	0.537708997726
22	0	0.489523887634
22	0	0.609648942947
21	1	0.547772884369
22	1	0.546005010605
22	1	0.52360200882
22	1	0.505707025528
21	1	0.516643047333
21	1	0.553409099579
21	0	0.602880954742
22	1	0.634009122849
22	1	0.570353984833
22	0	0.642745018005
22	1	0.592519044876
22	1	0.50804901123
22	1	0.761089086533
22	1	0.489531993866
22	0	0.73974609375
21	1	0.497565984726
22	1	0.578092098236
22	1	0.458925962448
22	1	0.427062988281
22	1	0.515158891678
21	1	0.409117937088
22	1	0.520999193192
21	1	0.421900987625
21	1	0.552260160446
22	1	0.444653987885
22	1	0.415858983994
22	1	0.387456893921
21	1	0.474132061005
22	1	0.508771896362
21	1	0.459175109863
22	1	0.449354887009
22	1	0.499762058258
21	1	0.544287919998
22	1	0.555965900421
22	1	0.474448919296
22	1	0.634924888611
22	1	0.433947086334
21	1	0.459994077682
22	1	0.473005056381
22	1	0.387732028961
21	1	0.593518018723
22	1	0.3561398983
22	1	0.424372911453
22	1	0.443850040436
22	1	0.370590925217
22	0	0.432689905167
21	1	0.45884013176
21	1	0.609933137894
21	1	0.409514904022
22	1	0.411362171173
21	0	0.394634008408
21	1	0.429204940796
21	1	0.657993078232
21	0	0.498000144958
22	0	0.472195863724
21	1	0.490230083466
21	1	0.499171972275
21	1	0.691137075424
22	1	0.722127914429
21	1	0.425594091415
22	1	0.507301092148
21	1	0.426374912262
21	1	0.491894960403
22	1	0.419455051422
22	1	0.435781002045
22	1	0.586678981781
21	0	0.436182022095
22	1	0.439696073532
21	0	0.411688804626
21	1	0.450345993042
21	1	0.499774932861
22	1	0.529151916504
21	1	0.51523399353
21	1	0.475077152252
22	1	0.642018079758
21	1	0.44254899025
21	1	0.476201057434
21	1	0.483375072479
22	1	0.616824150085
22	1	0.369899988174
21	1	0.492070198059
22	1	0.425610780716
21	1	0.491014957428
21	1	0.490475177765
21	1	0.491394996643
22	0	0.707111120224
21	1	0.636059045792
22	1	0.457748889923
21	1	0.493947029114
22	1	0.512456178665
21	1	0.482194900513
21	1	0.59530210495
22	0	0.441264152527
21	1	0.515039920807
21	1	0.660212039948
21	1	0.585858821869
22	1	0.509083032608
