5	1	2.45190691948
5	1	1.01288795471
5	1	0.986284017563
5	1	0.719508886337
5	1	0.759433984756
6	1	0.773366928101
5	1	0.745970964432
6	1	0.639466047287
5	1	0.63947892189
6	1	0.506258964539
6	1	0.612859010696
5	1	1.73272204399
6	1	0.692845106125
6	1	0.572694063187
5	1	0.586089134216
6	1	0.519564151764
6	1	0.946102142334
5	1	0.773152112961
6	1	0.719568014145
6	1	2.30542111397
6	1	0.85292506218
5	1	0.972790002823
5	1	1.17279696465
6	1	1.27934598923
5	1	0.812795162201
5	1	0.653251886368
5	1	1.42618894577
6	1	0.972792863846
5	1	1.91895294189
5	1	0.586594104767
5	1	0.706717967987
5	0	0.86611700058
5	1	1.09278988838
6	1	0.692816019058
5	1	0.692754030228
5	1	1.10610485077
6	1	0.786186933517
6	1	0.586152791977
6	1	0.826070070267
5	1	1.11943292618
6	1	0.812801122665
5	1	0.786638975143
5	1	0.559960842133
6	1	0.506458997726
6	1	0.812894105911
6	1	0.612873077393
5	1	0.999597072601
5	1	0.612900018692
6	1	0.692749977112
5	1	0.719561100006
5	1	0.919584035873
6	1	0.666258811951
5	1	1.26616501808
6	1	0.679677963257
5	1	0.639494180679
5	1	0.772783994675
5	1	0.639561891556
5	1	0.626548051834
6	1	0.560079097748
5	1	0.653457164764
5	1	0.546445846558
5	1	0.599549055099
5	1	0.532800912857
5	1	0.759493112564
6	1	0.532619953156
6	1	0.679500818253
5	1	0.599990129471
5	1	0.613354921341
5	1	0.932811975479
5	1	0.732862234116
6	1	0.626707077026
5	1	0.773290157318
6	1	0.812912940979
5	1	0.999429941177
5	1	0.812751054764
5	1	0.666238069534
6	1	0.612892150879
5	1	0.626149892807
6	1	0.599904060364
6	1	0.733386039734
5	1	0.679487943649
5	1	1.09282302856
5	1	0.546693086624
5	1	0.519947052002
6	1	0.613245010376
6	1	0.639592170715
6	1	0.559428930283
5	1	0.546083927155
6	1	0.599531888962
5	1	0.5728058815
5	1	0.506144046783
5	1	0.63951587677
6	1	0.719774007797
5	1	0.573406934738
6	1	0.533312082291
5	1	0.653185129166
6	1	0.599468946457
5	1	0.626183986664
5	1	0.599482059479
5	1	0.546288967133
6	0	0.559485912323
6	1	1.06597304344
5	1	0.626155138016
5	1	1.66563391685
5	1	0.626297950745
5	1	0.546413898468
6	1	0.519825935364
5	1	0.786654949188
5	1	0.573183059692
5	1	0.759683132172
5	1	0.63948392868
6	1	0.852907180786
5	1	0.546730995178
6	1	0.746382951736
6	1	0.572731018066
6	1	0.599497079849
5	1	0.5061378479
6	1	0.61282992363
5	1	0.506134033203
6	1	0.546261072159
6	1	0.772970914841
5	1	0.466705083847
6	1	0.493291139603
5	1	0.533277988434
5	1	0.706624984741
6	1	0.573180913925
5	1	2.75853204727
6	1	0.839495897293
6	1	0.800034999847
5	1	0.626363039017
5	1	0.972950935364
4	1	0.853075027466
4	1	0.679600954056
4	1	0.586245059967
4	1	1.01284813881
4	1	0.573379039764
4	1	3.30515909195
4	0	0.719961881638
4	1	0.613325119019
4	1	0.692938089371
4	1	0.652904987335
4	1	1.33239603043
4	1	0.719443798065
4	1	0.772778987885
4	1	0.59996509552
4	1	0.626654863358
4	1	0.853060007095
4	1	0.586147785187
4	1	0.612810134888
4	1	0.639547109604
4	1	0.666728973389
4	1	0.533257007599
4	1	0.560129880905
4	1	0.586639165878
4	1	0.546527862549
4	1	0.639488935471
4	1	0.612716913223
4	1	0.519590854645
4	1	0.506085157394
4	1	0.639406204224
4	1	0.506175041199
4	0	0.77277302742
4	1	2.3856818676
4	1	0.679961919785
4	1	0.839432954788
4	1	1.75897097588
4	1	0.719590902328
4	1	2.19904398918
4	1	5.11727905273
4	1	0.679488897324
4	1	1.01288104057
4	1	0.653213977814
4	1	0.653041124344
4	1	0.612714767456
4	1	0.639474153519
4	1	0.879536867142
4	1	1.03943014145
4	1	0.612809896469
4	1	0.599547147751
4	1	0.63948392868
4	0	0.760020971298
4	1	0.732737064362
4	1	0.759516954422
4	1	1.69237303734
4	1	0.799989938736
4	1	0.972892045975
4	1	0.666259050369
4	1	0.613131999969
4	1	0.679946184158
4	1	0.746228933334
4	1	0.559422016144
4	1	0.54623913765
4	1	0.546186923981
4	1	1.01286101341
4	1	0.560026168823
4	1	0.533365011215
4	1	1.07956814766
4	1	1.13227415085
4	1	0.70617890358
4	1	0.652902841568
4	1	0.639593839645
4	1	0.613350152969
4	1	0.53329205513
4	1	0.719685077667
4	1	0.51958489418
4	1	0.453035116196
4	1	0.559487819672
4	1	0.479653120041
4	1	0.612847089767
4	1	0.612867116928
4	1	0.57274889946
4	1	0.799524784088
4	0	0.573281049728
4	1	1.02615594864
4	1	0.892790079117
4	1	0.972935914993
4	1	1.29273080826
4	1	0.759496927261
4	1	2.46517491341
4	1	0.652739048004
4	1	0.5995221138
4	1	0.826323032379
4	1	0.560059070587
4	1	0.786092996597
4	1	0.639508008957
4	1	0.82626414299
4	1	0.746676921844
4	1	0.866274118423
4	1	0.972791910172
4	1	0.586637973785
4	1	0.586636066437
4	1	0.666263818741
4	1	0.666198015213
4	1	0.626075983047
4	1	0.959444999695
4	1	0.652886152267
4	1	0.719471216202
4	1	0.599569797516
4	1	0.586225986481
4	1	0.666305065155
4	1	1.01283097267
4	1	0.572760820389
4	1	0.66614985466
4	1	0.839536905289
4	1	0.639966964722
4	1	1.46619009972
4	1	1.29294800758
4	1	1.01297211647
4	1	1.15953397751
4	1	4.50469398499
4	1	1.47944307327
4	1	1.06613993645
4	1	0.959531068802
4	1	1.27945208549
4	1	0.720048904419
8	1	0.839580059052
8	1	0.586681127548
8	1	0.613379001617
8	1	2.71861195564
7	1	0.586287021637
8	1	0.879500865936
7	1	0.653342962265
8	1	0.586649894714
8	1	0.892947912216
8	1	0.546210050583
7	1	0.626167058945
7	1	0.746423006058
7	1	0.812972068787
8	1	0.572900056839
7	1	0.919471025467
7	1	0.626684188843
7	1	0.600028991699
7	1	0.732928991318
7	1	0.73272895813
7	1	0.692912101746
7	1	0.626345872879
8	1	0.613337993622
8	1	0.666678905487
8	1	0.586495161057
8	1	0.786170005798
8	1	0.666104078293
7	1	0.652899980545
7	1	0.586669921875
7	1	0.586651086807
8	1	0.573292970657
7	1	0.652887821198
7	1	0.692892074585
8	1	0.772897005081
7	1	1.98578691483
8	1	0.58619093895
7	1	0.639469146729
8	1	0.53292798996
8	1	1.01287889481
7	1	0.653274059296
8	1	0.61297416687
8	1	0.58612704277
7	1	0.599542856216
7	1	0.546153068542
8	1	0.61279797554
8	1	0.572862148285
8	1	0.50669503212
8	1	0.573309898376
7	1	0.65340590477
8	1	0.560018062592
8	1	0.652884960175
7	0	0.679506778717
7	1	0.8795170784
8	1	3.09181284904
8	1	2.01233291626
7	1	0.733179092407
8	1	1.49269485474
8	1	1.51931285858
7	1	0.706109046936
8	1	0.626174926758
8	1	1.19907689095
8	1	0.692734956741
8	1	0.692709922791
8	1	0.70619392395
8	1	0.626658916473
8	1	0.653263807297
8	1	0.53325510025
8	1	0.679401159286
7	1	0.599442005157
8	1	0.586143016815
7	1	0.572871923447
7	1	0.479537010193
7	1	0.519570112228
8	1	0.58637213707
7	1	0.61328291893
7	1	0.639872074127
8	1	0.86620593071
8	1	0.866072893143
7	1	0.506702899933
8	1	0.51993894577
7	1	0.439975976944
8	1	0.599987030029
7	1	0.466617822647
7	1	0.440057039261
8	1	0.586730003357
8	1	0.613325834274
7	1	0.426750898361
7	1	1.75929307938
7	1	0.746147871017
7	1	0.572803974152
8	1	0.612764120102
7	1	0.799570083618
7	1	0.65332698822
8	1	0.479968070984
8	1	0.573137998581
8	1	0.546350002289
7	1	0.559501171112
8	1	0.506186008453
7	1	0.5461769104
7	1	0.519556999207
7	1	0.519558906555
7	1	1.57235097885
8	1	0.906229019165
8	1	0.906125068665
8	1	0.506104946136
8	1	0.55957198143
8	1	0.586144924164
7	1	0.9728910923
7	1	1.93234705925
7	1	0.732752084732
8	1	1.06599211693
8	1	0.546082019806
7	1	0.839468002319
7	1	0.452877044678
7	1	0.972861051559
7	1	1.13282704353
8	1	0.586509943008
7	1	0.599962949753
7	1	0.626629114151
7	1	1.26614308357
7	1	0.746649980545
7	1	0.692901134491
7	1	0.879519939423
7	1	0.559648990631
8	1	0.666480064392
8	1	0.533335924149
7	1	0.972843885422
7	1	0.666261196136
7	1	0.932940006256
8	1	0.546656847
8	1	0.59986114502
8	1	0.612823009491
8	1	0.492853879929
7	1	1.26607990265
8	1	1.07919096947
8	1	0.692804098129
7	1	0.626066923141
8	1	0.719583034515
8	1	0.653372049332
7	1	0.799687147141
8	1	0.586179018021
8	1	0.599552869797
8	1	0.546104192734
7	1	0.639534235001
7	1	0.65279507637
8	1	0.680048942566
7	1	0.560009002686
8	1	0.599945068359
8	1	0.732850074768
8	1	0.653050899506
8	1	1.33243489265
7	1	0.626139879227
7	1	0.599493026733
8	1	0.572835922241
7	1	0.613155126572
8	1	0.653351068497
8	1	0.546653032303
8	1	0.639800071716
7	1	0.612847089767
7	1	0.532903909683
7	1	0.532963991165
7	1	0.612830877304
7	1	0.546169996262
7	1	0.679475069046
7	1	0.586692094803
7	1	0.506551980972
7	1	0.826544046402
7	1	1.13283705711
8	1	0.533343076706
7	1	0.546689987183
8	1	0.812951087952
8	1	0.479651927948
7	1	0.506268024445
7	1	0.546149969101
8	1	0.906172990799
7	1	0.599826097488
7	1	0.560002088547
8	1	0.520065069199
8	1	0.613370895386
7	1	0.679651975632
7	1	0.679457187653
8	1	0.559505939484
7	1	0.759445905685
7	1	0.533181905746
8	1	0.520004987717
7	1	0.879809856415
7	1	0.706233978271
8	1	0.706166028976
8	1	0.65296792984
7	1	1.35944199562
7	1	0.919569015503
8	1	0.63965010643
8	1	0.719507932663
7	1	0.75957608223
7	1	0.773150920868
8	1	0.560003042221
8	1	0.986152887344
7	1	0.572731018066
7	1	0.692769050598
8	1	0.706652164459
7	1	0.573276996613
8	1	0.57298707962
7	1	0.839502811432
8	1	0.892877817154
8	1	0.680101156235
8	1	0.612862110138
8	1	0.706160068512
8	1	0.572714090347
7	1	1.1060628891
7	1	0.559653997421
7	1	0.586086988449
7	1	0.519474029541
7	1	1.51890397072
8	1	0.679468870163
7	1	0.812832117081
8	1	0.706698894501
8	1	0.55993103981
7	1	0.639448881149
7	1	0.626121044159
8	1	0.492847919464
8	1	0.706146001816
8	1	0.533089876175
8	1	0.65314912796
8	1	0.519973039627
7	1	0.559997081757
7	1	3.31850600243
7	1	0.746691942215
8	1	0.74614906311
7	1	0.786081075668
8	1	0.532894134521
8	1	0.626347780228
8	1	0.533440113068
7	1	1.31954908371
8	1	0.5862159729
7	1	0.65327501297
8	1	0.653449058533
8	1	0.613352060318
8	1	0.586215019226
7	1	0.626173973083
8	1	0.61289191246
7	1	0.586201906204
7	1	0.652952194214
8	1	0.666688919067
7	1	0.573282957077
8	1	0.599961042404
8	1	0.639513015747
8	1	0.599499225616
8	1	0.559458017349
8	1	0.58615899086
8	1	0.546000957489
8	1	0.839509963989
8	1	0.533386945724
8	1	0.533483982086
7	0	0.533296108246
7	1	1.55953502655
8	1	0.612914800644
7	1	1.05281615257
8	1	0.626838922501
7	1	0.55999994278
8	1	0.892833948135
7	1	0.932847976685
8	1	0.626834154129
8	1	0.919476032257
7	1	0.586241960526
8	1	0.759495019913
7	1	0.706699132919
8	1	0.879515886307
7	1	0.746251106262
1	1	0.879477024078
1	1	1.13284182549
1	1	0.946100950241
1	1	0.573371887207
1	1	0.586147069931
1	1	0.599555015564
1	1	0.679476976395
1	1	0.599525928497
1	1	0.612894058228
1	1	0.560069799423
1	1	0.519988059998
1	1	0.559980869293
1	1	0.519953966141
1	1	0.666593074799
1	1	0.719522953033
1	1	0.679486989975
1	1	0.599438905716
1	1	0.599543094635
1	1	0.54666185379
1	1	0.600018024445
1	1	0.546617984772
1	1	0.60006403923
1	1	0.932793855667
1	1	0.559456825256
1	1	0.626225948334
1	1	0.546480894089
1	1	0.759994029999
1	1	0.679619073868
1	1	0.626183986664
1	1	0.572742938995
1	1	0.546031951904
1	1	0.679494857788
1	1	0.612923145294
1	1	0.506630897522
1	1	0.57333111763
1	1	0.560029029846
1	1	0.693298101425
1	1	0.453273057938
1	1	0.866007089615
1	1	0.599545001984
1	1	0.519491910934
1	1	0.74622297287
1	1	0.546672105789
1	1	0.520009994507
1	1	0.506633043289
1	1	0.746403932571
1	1	0.546159029007
1	1	0.652780056
1	1	0.652718067169
1	1	0.546071052551
1	1	0.599546909332
1	1	0.493273973465
1	1	0.520009040833
1	1	0.679988861084
1	1	0.786211967468
1	1	0.746136188507
1	1	0.559439182281
1	1	0.626180887222
1	1	0.599834918976
1	1	0.586720943451
1	1	0.693354129791
1	1	0.652866125107
1	1	0.572819948196
1	1	0.532700061798
1	1	0.532848834991
1	1	0.532713890076
1	1	1.06613206863
1	1	1.19945907593
1	1	0.773291110992
1	1	0.613321065903
1	1	0.63954615593
1	1	0.692893981934
1	1	0.626135826111
1	1	0.6661028862
1	1	0.573273181915
1	1	0.600014209747
1	1	0.559981822968
1	1	0.573434114456
1	1	0.533296108246
1	1	0.679465055466
1	1	0.412765979767
1	1	0.586199998856
1	1	0.599461078644
1	1	0.586144924164
1	1	1.50561881065
1	1	0.546194076538
1	1	0.839509963989
1	1	0.932779788971
1	1	0.7995429039
1	1	0.559924125671
1	1	0.600044965744
1	1	0.826190948486
1	1	2.11905097961
1	1	0.892945051193
1	1	0.919498205185
1	1	0.746353149414
1	1	0.640002012253
1	1	0.639652967453
1	1	0.559533119202
1	1	0.53283405304
1	1	0.692903995514
1	1	0.519520998001
1	1	0.586243867874
1	1	0.573074102402
1	1	0.653383970261
1	1	0.626746177673
1	1	0.759590864182
1	1	0.572896957397
1	1	0.572876930237
1	1	0.586192131042
1	1	0.586146831512
1	1	0.519533872604
1	1	0.652992010117
1	1	1.29273700714
1	1	0.5328540802
1	1	0.532987117767
1	1	0.479803085327
1	1	0.533201932907
1	1	0.586649179459
1	1	0.733273029327
1	1	0.666171073914
1	1	0.586193084717
1	1	0.666157960892
1	1	0.626138925552
1	1	0.546298980713
1	1	0.573272943497
1	1	0.59997010231
1	1	0.746824979782
1	1	1.35946798325
1	1	0.866300106049
1	1	0.772847890854
1	1	0.639678001404
1	1	0.760093927383
1	1	1.10619401932
1	1	0.639737129211
1	1	0.599988937378
1	1	0.599939107895
3	1	0.946216821671
3	1	0.599467992783
3	1	0.959532976151
3	1	0.746282815933
3	1	0.492941856384
3	1	0.532860994339
3	1	0.492864131927
3	1	0.612867832184
3	1	0.519444942474
3	1	0.546107053757
3	1	0.572772979736
3	1	0.51954293251
3	1	0.519487142563
3	1	0.772876024246
3	1	0.506670951843
3	0	0.493451118469
3	1	0.63996219635
3	1	0.480000019073
3	1	0.533308982849
3	1	0.493290901184
3	1	0.440020799637
3	1	0.520055055618
3	1	0.560013055801
3	1	0.413201093674
3	1	0.453338861465
3	1	0.533344984055
3	1	0.493260145187
3	1	0.692903995514
3	0	0.479619979858
3	1	0.546130180359
3	0	0.519505977631
3	1	2.17229390144
3	1	1.09275197983
3	1	0.719424009323
3	1	0.693176031113
3	1	0.573345184326
3	1	1.15941095352
3	1	0.600027799606
3	1	0.573345899582
3	1	1.45285701752
3	1	0.573373794556
3	1	0.479973077774
3	1	0.706463098526
3	1	0.546303987503
3	1	0.493062019348
3	1	0.679504156113
3	1	0.73278093338
3	1	0.492995023727
3	1	0.559663057327
3	1	0.51981306076
3	1	0.586629152298
3	1	1.35945320129
3	1	0.639845132828
3	1	0.520043134689
3	1	0.520066976547
3	1	0.480042934418
3	1	0.613343954086
3	1	0.479926109314
3	1	0.466606140137
3	1	0.586627960205
3	1	0.493352890015
3	1	0.506732940674
3	1	0.479981184006
3	1	0.533387899399
3	1	0.520029067993
3	1	0.519789934158
3	1	0.506341934204
3	1	1.27941703796
3	1	1.07938814163
3	1	0.519484996796
3	1	0.906134128571
3	1	0.533320188522
3	1	0.506657123566
3	1	0.54661488533
3	1	0.506633996964
3	1	0.559773921967
3	1	0.746293067932
3	1	0.479578018188
3	1	0.5460729599
3	1	0.481742143631
3	1	0.572889089584
3	1	0.719532012939
3	1	0.546640872955
3	1	0.506659030914
3	1	0.639950037003
3	1	0.706395149231
3	1	0.519545078278
3	1	0.506305932999
3	1	0.47965502739
3	1	0.453104972839
3	1	0.493100881577
3	1	0.426692008972
3	1	0.892823219299
3	1	0.532835006714
3	1	0.51943397522
3	1	0.626078128815
3	1	0.826561927795
3	1	1.46615004539
3	1	0.533264875412
3	1	0.613159179688
3	1	0.652861118317
3	1	0.679499149323
3	1	0.572828054428
3	1	0.479460000992
3	1	0.452840089798
3	1	0.51941204071
3	1	0.586180925369
3	1	0.479762077332
3	1	0.946308851242
3	1	0.879454135895
3	1	0.586051940918
3	1	0.652863025665
3	1	0.506750822067
3	1	0.626579999924
3	1	0.546624898911
3	1	0.666703939438
3	1	0.559694051743
3	1	0.546255111694
3	1	0.786195039749
3	1	0.599585056305
3	1	0.59960603714
3	1	0.613290071487
3	1	0.773256063461
3	1	0.546381235123
3	1	0.532919168472
3	1	0.759575843811
3	1	0.5594830513
3	1	0.492830038071
3	1	0.506213903427
3	1	0.506084918976
3	1	1.11909413338
3	1	0.746110916138
3	1	0.666115999222
3	1	0.612984895706
3	1	0.693350791931
3	1	0.640005111694
3	1	0.559696912766
3	1	0.639545917511
3	1	0.799466848373
3	1	0.54620885849
2	1	0.773165941238
2	1	0.519650936127
2	1	0.666189908981
2	1	0.519490003586
2	1	0.932831048965
2	1	0.852973937988
2	1	0.612838029861
2	1	0.559531927109
2	1	0.559566020966
2	1	0.599527835846
2	1	0.466032981873
2	1	0.452814102173
2	1	1.37224698067
2	1	0.492879152298
2	1	0.799529075623
2	1	0.639831066132
2	1	0.626710176468
2	1	1.26615190506
2	1	0.533296823502
2	1	0.613312959671
2	1	0.586694955826
2	1	0.573392868042
2	1	0.479995012283
2	1	0.652976036072
2	1	0.492907047272
2	1	0.572895050049
2	1	0.599445104599
2	1	0.546055078506
2	1	2.97188806534
2	1	0.892921209335
2	1	0.612809896469
2	1	0.599516868591
2	1	1.98559498787
2	1	0.719545125961
2	1	2.49183893204
2	1	0.626215934753
2	1	0.652812957764
2	1	0.572808980942
2	1	0.653034925461
2	1	2.05233097076
2	1	3.29158306122
2	1	0.692712068558
2	1	0.586141824722
2	1	0.719536066055
2	1	0.733167171478
2	1	0.959511995316
2	1	0.652826786041
2	1	0.719480037689
2	1	0.839886903763
2	1	0.679486036301
2	1	0.826238155365
2	1	3.07827377319
2	1	0.652777910233
2	1	0.692817211151
2	1	3.03824996948
2	1	0.559611797333
2	1	0.57284784317
2	1	0.719413995743
2	1	0.4927110672
2	1	0.546076059341
2	1	0.77281999588
2	1	1.22631597519
2	1	0.546190023422
2	1	0.586351156235
2	1	0.520007133484
2	1	0.466665029526
2	1	1.01273989677
2	1	0.546241998672
2	1	0.559525966644
2	1	0.599442005157
2	1	0.492712974548
2	1	0.546133041382
2	1	0.532832145691
2	1	0.572834968567
2	1	0.533085107803
2	1	0.439821958542
2	1	0.439691066742
2	1	0.506207942963
2	1	0.86607003212
2	1	0.533311128616
2	1	0.506723165512
2	1	0.573471069336
2	1	0.626152992249
2	1	0.786085128784
2	1	0.559449911118
2	1	0.506078958511
2	1	0.47961306572
2	1	0.546101093292
2	1	0.573086977005
2	1	0.720021009445
2	1	0.533278942108
2	1	0.453326940536
2	1	0.426575899124
2	1	0.373296022415
2	1	0.439982891083
2	0	0.373293876648
2	1	0.492865085602
2	1	0.506138801575
2	1	0.47948384285
2	1	0.585974931717
2	1	0.479825973511
2	1	0.493185043335
2	1	1.26600503922
2	1	0.652806043625
2	1	0.572868108749
2	1	0.666539907455
2	1	0.506724834442
2	1	1.0928812027
2	1	0.652897119522
2	1	0.613163948059
2	1	2.86559200287
2	1	2.26561188698
2	1	1.11953186989
2	1	1.06613898277
2	0	1.73236489296
2	1	1.19944596291
2	1	1.13282489777
2	1	0.933072090149
2	1	0.85276889801
2	1	1.39902281761
2	1	0.839560985565
2	1	0.946369171143
2	0	1.585709095
2	1	4.9040491581
2	1	1.59940505028
5	1	0.986181020737
5	1	0.732895851135
5	1	0.54615187645
5	1	0.492834091187
5	1	0.626217842102
6	1	0.653071880341
5	1	0.559946060181
6	1	0.533312797546
6	1	0.520028114319
5	1	0.53338599205
5	1	0.613242149353
6	1	0.506544113159
5	1	0.572924137115
5	1	0.492972135544
6	1	0.479619026184
6	1	0.492989063263
6	1	0.493017911911
5	1	0.63952422142
5	1	0.559526920319
6	1	0.732928991318
6	1	0.706466913223
5	1	0.573369026184
6	1	0.58657002449
6	1	1.2129099369
6	1	0.466763973236
5	1	0.573385953903
6	1	0.613400936127
5	1	0.759597063065
5	1	0.532835960388
6	1	0.586147785187
5	1	0.639537096024
5	1	0.506089925766
5	1	0.612806081772
5	1	0.839631080627
5	1	0.546548843384
5	1	0.573251008987
5	1	0.493294000626
6	1	0.466656923294
6	1	0.573271989822
5	1	1.35948801041
5	1	0.559991121292
6	1	0.520018815994
6	1	0.74613904953
6	1	1.33239293098
5	1	0.786135911942
6	1	0.612896203995
6	1	0.666297197342
6	1	0.600073099136
6	1	0.626749992371
5	1	0.653265953064
5	1	0.546219110489
6	1	1.62556815147
5	1	0.559439182281
5	1	1.05272388458
5	1	0.746024131775
5	1	0.559425115585
6	1	0.626188993454
6	1	0.572780132294
5	1	0.612701892853
5	1	0.612991094589
5	1	0.639989852905
6	1	1.02615404129
5	1	0.679600954056
6	1	0.586293935776
6	1	0.559972047806
6	1	0.560040950775
5	1	0.559996843338
6	1	0.573288202286
6	1	1.30613493919
6	1	0.53324007988
6	1	0.559895992279
6	1	0.533371210098
5	0	0.50679397583
5	1	0.666399002075
6	1	0.546118974686
6	1	0.692806005478
6	1	0.559514045715
6	1	0.826112031937
5	1	0.600034952164
6	1	0.626553058624
6	1	0.906276941299
5	1	0.546187877655
6	1	0.572777032852
6	1	0.546154975891
6	1	0.559677124023
5	1	0.5865650177
5	1	1.01285386086
5	1	0.559607028961
6	1	0.519490003586
5	1	0.559432029724
6	1	0.532828092575
5	1	0.586150884628
5	1	0.546196937561
6	1	0.506390094757
5	1	0.533270120621
5	1	0.53328704834
5	1	0.613285779953
5	1	0.533322095871
6	0	0.640002965927
5	1	0.453260183334
6	1	0.546607971191
5	1	0.986222982407
6	1	0.51958990097
6	1	0.692882061005
6	1	0.626659154892
6	1	0.639955997467
5	1	0.612946033478
6	1	0.572811126709
6	1	0.559481859207
6	1	0.533022165298
6	1	0.54617190361
5	1	0.692811965942
6	1	0.559658050537
6	1	0.933193206787
5	1	2.46554398537
6	1	0.652803897858
5	1	0.532779932022
5	1	1.0395321846
6	1	1.58618688583
6	1	0.586673021317
6	1	0.919523000717
6	1	3.67803692818
6	1	0.693242073059
6	1	1.11961102486
6	1	3.86476206779
5	1	0.64000082016
6	1	0.692853927612
6	1	0.746221065521
5	1	1.62566399574
6	1	1.07921695709
6	1	1.49250912666
6	1	0.692939043045
6	1	0.786205053329
15	1	0.544713973999
16	1	0.444442987442
15	1	0.587739944458
16	1	0.522855043411
16	1	0.492150783539
15	1	0.473821163177
16	1	0.440831899643
16	1	0.485356807709
16	1	0.47333407402
15	1	0.433516025543
15	1	0.469401836395
15	1	0.435060977936
15	1	0.427444934845
16	1	0.491430044174
16	1	0.433871984482
16	1	0.714928150177
16	1	0.547178983688
15	1	0.458352088928
16	1	0.460172891617
16	0	0.419061899185
16	1	1.17289304733
16	1	0.594362974167
16	1	0.537520885468
16	1	0.453038930893
16	1	0.464581012726
15	1	1.94897699356
16	1	0.552500009537
15	1	0.506561040878
16	1	0.453695058823
15	1	0.552031993866
15	1	0.460391044617
16	1	0.507014989853
16	1	0.443378925323
16	1	0.618782997131
16	1	0.420790195465
15	1	0.435578107834
16	1	0.489328145981
15	1	0.900278091431
16	1	0.548053979874
16	1	0.985780954361
15	1	0.532243013382
15	1	0.505509853363
15	1	0.540318965912
16	1	0.475096940994
16	1	0.459657907486
15	1	0.48516201973
15	1	0.489166975021
16	1	0.564476966858
16	1	0.474990844727
15	1	0.514885902405
15	1	0.728358983994
16	1	0.540912866592
15	1	0.658762931824
15	1	0.505782842636
15	1	0.653818130493
15	1	0.579345226288
15	1	0.54761505127
16	1	0.506634950638
15	1	0.85728096962
15	1	0.51481795311
16	1	0.585268974304
16	1	0.507902860641
15	1	0.674604892731
15	1	1.26722717285
15	1	0.499660968781
16	1	0.457973003387
16	1	0.571213006973
16	1	0.475847959518
15	1	1.908203125
16	1	0.585570812225
16	1	0.467168092728
16	1	0.513250112534
15	1	0.659685850143
15	1	0.602370977402
16	1	0.572708845139
16	1	0.793951034546
15	1	0.571988105774
16	1	0.593950033188
15	1	0.747018814087
16	1	0.500048875809
15	1	0.826459169388
15	1	0.652846097946
16	1	0.464257001877
15	1	1.55494093895
15	1	0.523119926453
16	1	0.653856039047
15	1	0.625051021576
16	1	0.604012966156
15	1	0.537636041641
15	1	0.618849992752
16	1	0.692232131958
16	1	0.690880060196
15	1	0.607792854309
15	1	0.56419801712
16	1	0.565030097961
15	1	0.561554908752
16	1	0.584514141083
16	1	0.525123119354
15	1	0.441572189331
16	1	0.489534139633
15	1	0.499679088593
15	1	0.557349920273
15	1	1.09788990021
16	1	0.532485961914
15	1	0.555963993073
15	1	1.11360192299
16	1	0.530287027359
15	1	1.59668183327
15	1	0.619033098221
16	1	0.656808137894
16	1	0.678023815155
16	1	0.561403989792
15	1	0.813237905502
15	1	0.60107088089
16	1	0.516202926636
16	1	0.720610141754
15	1	0.82706284523
16	1	0.659102201462
15	1	0.603042125702
15	1	0.531636953354
16	1	0.909216880798
15	1	0.553850889206
15	1	0.698022842407
15	1	0.484981060028
16	1	0.595893144608
16	1	0.6275370121
15	1	0.524183988571
15	1	0.499330043793
16	1	0.931553125381
15	1	1.37685704231
16	1	0.532735824585
15	1	0.634820222855
15	1	1.14667010307
15	1	0.555508136749
15	1	2.82845687866
15	1	0.977609872818
15	1	1.19687414169
16	1	1.88295292854
12	1	0.900111913681
12	1	0.634021997452
12	1	0.779702186584
12	1	0.539222002029
12	1	0.61870598793
12	1	0.506437063217
12	1	0.717277050018
12	1	0.540005922318
12	1	0.569594860077
12	1	0.572513103485
12	1	0.521628856659
12	1	0.530625104904
12	1	0.514794111252
12	1	0.54000210762
12	1	0.454102993011
12	1	0.618709087372
12	1	0.728672981262
12	1	0.564687013626
12	1	1.02030396461
12	1	0.604467153549
12	1	0.562076091766
12	1	0.650512218475
12	1	0.60321688652
12	1	0.738966941833
12	1	0.52943110466
12	1	0.834870100021
12	1	0.653898954391
12	1	0.568991184235
12	1	0.636428117752
12	1	0.571270942688
12	1	0.512821912766
12	1	0.509984016418
12	1	0.531580924988
12	1	0.57940196991
12	1	0.60306596756
12	1	0.492136955261
12	1	0.512914180756
12	1	0.71789598465
12	1	0.586040019989
12	1	0.731662988663
12	1	0.62771987915
12	1	0.539861917496
12	1	0.729489803314
12	1	0.627898216248
12	1	0.58025598526
12	1	0.69632601738
12	1	0.818796157837
12	1	0.643257856369
12	1	0.892049074173
12	1	0.531579971313
12	1	0.514491081238
12	1	0.572041988373
12	1	0.504259109497
12	1	0.525610923767
12	1	0.554188013077
12	1	0.706129074097
12	1	0.724312067032
12	1	0.644359111786
12	1	0.696964025497
12	1	0.605463981628
12	1	0.553480863571
12	1	1.04097080231
12	1	1.29255509377
12	1	0.492741107941
12	1	0.618473052979
12	1	0.529935121536
12	1	0.55669593811
12	1	0.498404979706
12	1	0.594527006149
12	1	0.754990100861
12	1	0.515064954758
12	1	0.52917098999
12	1	0.988216876984
12	1	0.523825883865
12	1	0.979044914246
12	1	0.546212911606
12	1	0.53892493248
12	1	0.707588911057
12	1	0.728908061981
12	1	0.508190870285
12	1	0.553133010864
12	1	1.25225400925
12	1	0.794528961182
12	1	0.507688999176
12	1	0.739964962006
12	1	0.753582000732
12	1	0.49077796936
12	1	0.891980886459
12	1	0.664248943329
12	1	0.660127162933
12	1	0.659356832504
12	1	0.610502958298
12	1	0.586871147156
12	1	0.637056827545
12	1	0.593328952789
12	1	0.565660953522
12	1	0.611055135727
12	1	0.60049700737
12	1	0.53368806839
12	1	0.584457874298
12	1	2.14970612526
12	1	0.777073860168
12	1	0.778562784195
12	1	0.522825956345
12	1	0.579454898834
12	1	0.506021976471
12	1	3.2264521122
12	1	0.564298868179
12	1	0.613147974014
12	1	0.890054941177
12	1	0.979398965836
12	1	0.907855987549
12	1	0.754180908203
12	1	0.556705951691
12	1	0.531294107437
12	1	0.674850940704
12	1	0.580377101898
12	1	1.17121911049
12	1	0.562107086182
12	1	0.659673929214
12	1	0.618443965912
12	1	1.15410900116
12	1	0.563443899155
12	1	0.564154148102
12	1	0.827804803848
12	1	1.55544090271
12	1	0.762891054153
12	1	0.723197937012
12	1	1.66442584991
12	1	0.587504863739
12	1	0.696957111359
12	1	0.667364120483
12	1	0.692667961121
12	1	0.594349145889
12	1	0.730694055557
12	1	0.642132997513
16	1	0.820914030075
16	1	0.535960912704
16	1	0.490227937698
16	1	0.444237947464
15	1	0.512305021286
16	1	0.468393087387
16	1	0.691235780716
15	1	0.436482906342
16	1	0.425961017609
16	1	0.92391705513
15	1	0.460260152817
15	1	0.522896051407
16	1	0.96365904808
16	1	0.538389921188
16	1	0.523454904556
16	1	0.497780799866
15	1	0.653479099274
16	1	0.497133970261
15	1	7.06069302559
15	1	1.61735105515
15	1	0.716331005096
16	1	0.723917961121
15	1	0.818922042847
16	1	0.579858779907
15	1	0.545219182968
15	1	0.884756088257
15	1	0.717031002045
16	1	0.641309022903
16	1	0.628484964371
16	1	0.658382177353
15	1	0.588298082352
15	1	1.09032988548
15	1	0.571347951889
16	1	0.610533952713
16	1	0.594606876373
16	1	0.595796108246
15	1	1.18767499924
15	1	0.515776157379
16	1	0.616723060608
15	1	0.732156991959
16	1	0.514932870865
16	1	0.923153877258
15	1	0.482769012451
15	1	0.467139005661
16	1	0.481700897217
15	1	0.501917123795
15	1	0.490521907806
15	1	0.49785399437
15	1	0.459949016571
15	1	0.418829202652
15	1	0.52247095108
15	1	0.529809951782
15	1	0.443331956863
16	1	0.483821153641
16	1	0.451042890549
16	1	0.50635099411
15	1	0.659883975983
16	1	0.473258018494
16	1	0.483023166656
15	1	0.468622922897
16	1	0.515671014786
15	1	0.433506965637
16	1	0.469298839569
15	1	0.481904029846
16	1	0.482439041138
15	1	0.731153964996
15	1	0.42641210556
15	1	0.404883861542
15	1	0.505872964859
16	1	0.450511932373
15	1	0.459537982941
15	1	0.460593938828
15	1	0.507695913315
16	1	0.490109920502
15	1	0.513997077942
15	1	0.867825031281
15	1	0.505610942841
15	1	0.451130151749
16	1	0.540474891663
15	1	0.536617994308
15	1	0.523133039474
15	1	0.508502960205
16	1	0.468306779861
15	1	0.516716003418
16	1	0.776183128357
15	1	0.547144889832
16	1	0.574051141739
16	1	0.575914144516
16	1	0.516593933105
16	1	0.979147911072
16	1	0.748254060745
15	1	0.569533824921
15	1	0.507200956345
15	1	0.515137910843
15	1	0.738110780716
16	1	0.588723897934
16	1	0.610144853592
15	1	0.529732942581
15	1	0.555751085281
15	1	0.529546022415
16	1	0.581351995468
15	1	0.609332084656
16	1	2.05016994476
15	1	0.747595071793
15	1	0.84389591217
16	1	0.611681222916
16	1	0.709267854691
16	1	0.539261817932
15	1	0.523257017136
15	1	0.570243835449
15	1	0.680123806
15	1	0.689869165421
16	1	0.890999078751
16	1	0.618968963623
15	1	0.547344923019
15	1	0.652937889099
16	1	0.546076059341
16	1	0.553535223007
15	1	2.01871204376
15	1	0.570208072662
15	1	0.884434938431
16	1	0.554033994675
16	1	0.668296813965
15	1	1.31273388863
16	1	0.483635902405
16	1	0.81193113327
15	1	0.586585998535
16	1	0.554468154907
15	1	0.898241043091
16	1	0.564285993576
16	1	0.50007390976
15	1	0.460390806198
16	1	0.449380159378
15	1	0.428462982178
16	1	0.378351926804
15	1	0.588340997696
16	1	0.468240022659
15	1	0.452510118484
9	1	0.787528991699
9	1	0.493266105652
9	1	0.409817934036
9	1	0.460224151611
9	1	0.481955051422
9	1	0.421472072601
9	1	0.546000003815
9	1	0.48907494545
9	1	0.522083044052
9	1	0.429615974426
9	1	0.427515029907
9	1	0.4510679245
9	1	0.489872932434
9	1	0.491872787476
9	1	0.44427895546
9	1	0.66895198822
9	1	0.514150857925
9	1	0.432840824127
9	1	0.604346990585
9	1	1.30685305595
9	1	0.418814897537
9	1	0.490031957626
9	1	0.500928878784
9	1	0.491209030151
9	1	0.453933000565
9	1	0.505921125412
9	1	0.514461040497
9	1	0.516499996185
9	1	0.553848028183
9	1	0.538942098618
9	1	0.502093076706
9	1	0.522824048996
9	1	0.490063905716
9	1	0.505209922791
9	1	0.563643932343
9	1	0.547701120377
9	1	0.458644151688
9	1	0.578731060028
9	1	0.531512022018
9	1	0.692123889923
9	1	0.52043390274
9	1	0.533312082291
9	1	0.513787984848
9	1	0.518187046051
9	1	0.45020198822
9	1	0.435637950897
9	1	0.451612949371
9	1	0.539900064468
9	1	0.449419975281
9	1	0.507649898529
9	1	0.443521976471
9	1	0.463844060898
9	1	0.725547075272
9	1	0.464462995529
9	1	0.443564891815
9	1	0.476602077484
9	1	0.490593194962
9	1	0.618690013885
9	1	0.50400519371
9	1	0.541523933411
9	1	0.530827999115
9	1	0.474214076996
9	1	0.505817174911
9	1	0.498181819916
9	1	0.817713975906
9	1	0.837568044662
9	1	0.698844909668
9	1	0.50658416748
9	1	0.585752010345
9	1	0.514301776886
9	1	0.506751060486
9	1	0.821475028992
9	1	0.505813121796
9	1	0.547122001648
9	1	0.577196121216
9	1	0.515855073929
9	1	0.554256916046
9	1	0.722908973694
9	1	0.466078996658
9	1	0.813303947449
9	1	1.93735098839
9	1	0.492131948471
9	1	0.444032907486
9	1	0.457633972168
9	1	0.531494140625
9	1	0.658874034882
9	1	0.706825017929
9	1	0.561800956726
9	1	0.477675914764
9	1	0.592449903488
9	1	0.506865978241
9	1	0.619014978409
9	1	0.523524999619
9	1	0.52969789505
9	1	0.509500980377
9	1	0.466177940369
9	1	0.475019931793
9	1	0.474837064743
9	1	0.443788051605
9	1	0.554867982864
9	1	0.445522069931
9	1	0.880575895309
9	1	0.540520906448
9	1	0.531774044037
9	1	0.579201936722
9	1	0.693228960037
9	1	0.456902980804
9	1	0.427621841431
9	1	0.450078010559
9	1	0.564064025879
9	1	0.413161039352
9	1	0.400382995605
9	1	0.444370031357
9	1	0.410725831985
9	1	0.443331003189
9	1	0.713891983032
9	1	0.476191997528
9	1	0.490735054016
9	1	0.459913015366
9	1	0.50696015358
9	1	0.466756820679
9	1	0.54691195488
9	1	0.409277915955
9	1	0.476443052292
9	1	0.484134912491
9	1	0.571753025055
9	1	0.506600141525
9	1	0.479817867279
9	1	0.475389003754
9	1	0.45116186142
9	1	0.53155207634
9	1	0.489613056183
9	1	0.443153142929
9	1	0.64276099205
9	1	0.450716972351
9	1	0.578863859177
9	1	0.427102088928
9	1	0.612627029419
9	1	0.514528036118
9	1	0.473209857941
9	1	0.468822956085
9	1	0.515084028244
9	1	0.44401216507
9	1	0.441924095154
9	1	0.493260145187
9	1	0.401613950729
9	1	0.461319923401
11	1	0.852684020996
11	1	0.442819833755
11	1	0.380677938461
11	1	0.47488284111
11	1	0.426769971848
11	1	0.448679924011
11	1	0.442709922791
11	1	0.489964008331
11	1	0.501261949539
11	1	0.452167987823
11	1	0.464405059814
11	1	0.493571043015
11	1	0.650892019272
11	1	0.818938970566
11	1	0.411364078522
11	1	0.443930864334
11	1	0.39185500145
11	1	0.418890953064
11	1	0.443586111069
11	1	0.427241802216
11	1	0.467350959778
11	1	0.506216049194
11	1	0.401262998581
11	1	0.443228960037
11	1	0.47656917572
11	1	0.570336103439
11	1	0.396259069443
11	1	0.473901033401
11	1	0.428560018539
11	1	0.456712007523
11	1	0.427661180496
11	1	0.403475046158
11	1	0.420684099197
11	1	0.490723133087
11	1	0.378832101822
11	1	0.421061992645
11	1	0.442981004715
11	1	0.45138502121
11	1	0.465774774551
11	1	0.405321121216
11	1	0.458652019501
11	1	0.369566917419
11	1	0.41240811348
11	1	0.379214048386
11	1	0.473677158356
11	1	0.39439201355
11	1	0.402918100357
11	1	0.526841163635
11	1	0.378880023956
11	1	0.537985086441
11	1	0.472887992859
11	1	0.541517972946
11	1	0.473181962967
11	1	0.443979978561
11	1	0.459887981415
11	1	0.643605947495
11	1	0.514171123505
11	1	0.465948104858
11	1	0.501160860062
11	1	0.450099945068
11	1	0.538581848145
11	1	0.468688011169
11	1	0.488228797913
11	1	0.609607934952
11	1	0.499524116516
11	1	0.538443088531
11	1	0.510231018066
11	1	0.561892032623
11	1	0.485012054443
11	1	0.506578922272
11	1	0.531272888184
11	1	0.459553003311
11	1	0.51442193985
11	1	0.613605976105
11	1	0.561354160309
11	1	0.514965057373
11	1	0.492695093155
11	1	0.484227180481
11	1	0.419381141663
11	1	0.450359106064
11	1	0.762263059616
11	1	0.410778045654
11	1	0.676182031631
11	1	0.514126062393
11	1	0.53644990921
11	1	0.509292840958
11	1	0.508471012115
11	1	0.490094900131
11	1	0.481724023819
11	1	0.508267879486
11	1	0.433650970459
11	1	0.54896903038
11	1	0.412566184998
11	1	0.450661897659
11	1	0.466011047363
11	1	0.458944797516
11	1	0.413119077682
11	1	0.465654850006
11	1	0.380813837051
11	0	0.505487918854
11	1	0.404588937759
11	1	0.586333990097
11	1	0.571499824524
11	1	0.5159740448
11	1	0.634016036987
11	1	0.466958045959
11	1	0.418200969696
11	1	0.462016105652
11	1	0.465759992599
11	1	0.424559116364
11	1	0.430005073547
11	1	0.7950091362
11	1	0.498440027237
11	1	0.425375938416
11	1	0.477550029755
11	1	0.450512170792
11	1	0.578846931458
11	1	0.444275856018
11	1	0.626027822495
11	1	0.420174837112
11	1	0.489659786224
11	1	0.444052934647
11	1	0.475361824036
11	1	0.457914113998
11	1	0.395741939545
11	1	0.412449121475
11	1	0.47509598732
11	1	0.562193155289
11	1	0.4021089077
11	1	0.59396314621
11	1	0.459431886673
11	1	0.547922849655
11	1	0.498775005341
11	1	0.578723907471
11	1	0.595309972763
11	1	0.402097940445
11	1	0.523498058319
11	1	0.459427118301
11	1	0.466758966446
11	1	0.514856100082
11	1	0.507515907288
11	1	0.668762207031
11	1	0.520744085312
11	1	0.467703819275
11	1	0.464588880539
11	1	0.468842983246
11	1	0.505787134171
11	1	0.411935091019
11	1	0.442328929901
11	1	0.499841213226
14	1	0.97946190834
14	1	0.739764928818
13	1	0.442440986633
13	1	0.46518611908
14	1	0.435685157776
14	1	0.421277046204
13	1	0.499891996384
14	1	0.563185930252
13	1	0.538365840912
13	1	0.459051847458
13	1	0.618949890137
14	1	0.458050966263
14	1	0.467264175415
13	1	0.475964069366
13	1	0.433735132217
13	1	0.741780042648
13	1	0.346192121506
13	1	0.355714082718
13	1	0.442626953125
14	1	0.426836967468
13	1	0.516131162643
14	1	0.522907972336
13	1	0.520127058029
14	1	0.60413813591
13	1	0.445197105408
13	1	0.458046197891
14	1	0.514517068863
14	1	0.525181055069
13	1	0.554476976395
14	1	0.419193029404
14	1	0.570996046066
14	1	0.468845129013
13	1	0.44239783287
13	1	0.500319004059
14	1	0.450669050217
13	1	0.585702896118
13	1	0.491014957428
13	1	0.548696041107
14	1	0.498131036758
13	1	0.665199995041
13	1	0.586717844009
13	1	0.459403038025
14	1	0.396325111389
13	1	0.401391029358
13	1	0.420049905777
14	1	0.410509824753
13	1	0.396914958954
14	1	0.385358810425
14	1	0.492701053619
14	1	0.491171121597
13	1	0.51556801796
13	1	0.466423988342
14	1	0.60089802742
13	1	0.484100818634
14	1	0.411339998245
13	1	0.699100017548
14	1	0.396133899689
13	1	0.403903007507
13	1	0.52247595787
13	1	0.449162006378
13	1	0.411772012711
13	1	0.43559384346
14	1	0.451350927353
14	1	0.565154075623
13	1	0.49920296669
14	1	0.475094079971
14	1	0.488639116287
13	1	0.546528100967
14	1	0.58625292778
14	1	0.730236053467
13	1	0.44385099411
14	1	0.57115316391
13	1	0.483538150787
14	1	0.467562913895
13	1	0.698539972305
14	1	0.482244968414
13	1	0.553348064423
13	1	0.531485080719
13	1	0.460525989532
13	1	0.635447025299
14	1	0.466722011566
14	1	0.490924119949
13	1	0.492443084717
13	1	0.546737909317
13	1	0.560334920883
13	1	0.500433921814
14	1	0.570559024811
13	1	0.578586101532
14	1	0.557777166367
14	1	0.42560005188
14	1	1.03696513176
13	1	0.418645858765
13	1	0.498427867889
13	1	0.490506887436
13	1	0.411056041718
13	1	1.08239293098
14	1	1.09882378578
13	1	0.642023086548
14	1	0.532407045364
14	1	0.568562030792
14	1	0.63630604744
13	1	0.491890192032
13	1	0.960698127747
14	1	0.44490814209
13	1	0.506341934204
13	1	0.451277971268
13	1	0.524984121323
13	1	0.529500961304
14	1	0.477211952209
14	1	0.600907087326
14	1	0.659268856049
14	1	0.452361822128
14	1	0.482604980469
13	1	0.44388794899
14	1	0.45864200592
14	1	0.411432027817
14	1	0.497393131256
13	1	0.411505937576
14	1	0.433670043945
14	1	0.46037197113
14	1	0.450213909149
13	1	0.497031927109
13	1	0.378062963486
13	1	0.380481004715
13	1	0.42597413063
13	1	0.501363039017
14	1	0.63200879097
13	1	0.4853951931
14	1	0.506697893143
13	1	0.514945983887
14	1	0.52942109108
13	1	0.46884393692
13	1	0.476227998734
14	1	0.409100055695
14	1	0.386680841446
13	1	0.385120868683
14	1	0.470093011856
13	1	0.433333158493
14	1	0.65342092514
13	1	0.352294921875
13	1	0.403709888458
14	1	0.452267885208
13	1	0.818341016769
14	1	0.499109983444
14	1	0.468174934387
13	1	0.704805850983
13	1	0.453202009201
13	1	0.452219963074
13	1	0.978541851044
14	1	0.532074928284
13	1	0.490402936935
13	1	0.446485042572
13	1	0.456829071045
13	1	0.55625295639
13	1	0.666652917862
14	1	0.424972057343
13	1	0.594662904739
13	0	0.673968791962
14	1	0.413557052612
13	1	0.427083969116
13	1	0.649060964584
14	1	0.434213161469
13	1	0.442718029022
13	1	0.476834058762
13	1	0.491050958633
14	1	0.393588066101
14	1	0.452535867691
13	1	0.386858940125
14	1	0.514138221741
13	1	0.482856988907
13	1	0.397468090057
13	1	0.392426013947
13	1	0.429326057434
13	1	0.489866018295
13	1	0.653268814087
14	1	0.537518024445
14	1	0.450032949448
13	1	0.460035085678
13	1	0.482861042023
14	1	0.524339914322
14	1	0.493121147156
13	1	0.449321985245
14	1	0.515131950378
14	1	0.468681097031
14	1	0.410166025162
14	1	0.445270776749
14	1	0.417418003082
14	1	0.507954120636
13	1	0.498151063919
13	1	0.531666994095
14	1	0.547759056091
14	1	0.489759922028
13	1	0.498783826828
14	1	0.483438968658
14	1	0.417757987976
14	1	0.563319921494
14	1	0.44916510582
14	1	0.418618917465
14	1	0.522218942642
13	1	0.622510910034
13	1	0.503961086273
13	1	0.419361114502
14	1	0.445374965668
13	1	0.570357084274
13	1	0.555714130402
14	1	0.474617004395
13	1	0.450850963593
14	1	0.515963077545
14	1	0.418023109436
14	1	0.418065071106
13	1	0.643906116486
13	0	0.729971885681
14	1	0.451980113983
14	1	0.442682027817
13	1	0.513262987137
13	1	0.714999914169
14	1	0.733369112015
13	1	0.459754943848
13	1	0.444286108017
14	1	0.472119092941
14	1	0.571069002151
14	1	0.436299085617
14	1	0.380231142044
14	1	0.417767047882
13	1	0.490880966187
14	1	0.467762947083
13	1	0.499295949936
14	1	0.58754491806
13	1	0.434498071671
13	1	0.529111146927
13	0	0.529378890991
14	1	0.47447514534
13	1	0.507678985596
13	1	0.547050952911
14	1	0.483216047287
13	1	0.44176197052
14	1	0.516892910004
13	1	0.531511068344
14	1	0.458758115768
14	1	0.498312950134
13	1	0.601199865341
13	1	0.540177822113
14	1	0.435142993927
13	1	0.45271396637
13	1	0.474039077759
13	1	0.435669898987
13	1	0.467097043991
13	1	0.450484991074
13	1	0.460716962814
14	1	0.467124938965
13	1	0.433454036713
13	1	0.41947889328
14	1	0.404152870178
13	1	0.388996124268
13	1	2.04397702217
13	1	0.410981893539
13	1	0.416302919388
13	1	0.372174024582
14	1	0.378265142441
13	1	0.419594049454
13	1	0.475904941559
13	1	0.403603076935
14	1	0.393699169159
13	1	0.489504814148
14	1	0.538957118988
14	1	0.412687063217
13	1	0.848697900772
14	1	0.476495027542
14	1	0.458064079285
13	1	0.420289039612
14	1	0.37793302536
13	1	0.540246009827
14	1	0.467060089111
14	1	0.416676044464
14	1	0.475997924805
13	1	0.467247009277
13	1	0.354747056961
13	1	0.40136885643
13	1	0.515074014664
14	1	0.420188903809
14	1	0.714710950851
14	1	0.370388031006
14	1	0.436484098434
13	1	0.345301866531
14	1	0.452690124512
14	1	0.464910984039
14	1	0.363234996796
14	1	0.501457929611
13	1	0.410557985306
14	1	0.385611057281
14	1	0.371733903885
13	1	0.436362028122
13	1	0.363760948181
13	1	0.47407412529
13	1	0.41048002243
14	1	0.397423028946
14	1	0.378796100616
13	1	0.418273925781
10	1	0.637056112289
10	1	0.515821933746
10	1	0.515050888062
10	1	0.577566146851
10	1	0.466487884521
10	0	0.564337015152
10	1	0.513112783432
10	1	0.404560089111
10	1	0.424952983856
10	1	0.410669803619
10	1	0.370361089706
10	1	0.594179868698
10	1	0.361715078354
10	1	0.508656978607
10	1	0.361109018326
10	0	0.396105051041
10	1	0.416986942291
10	1	0.378089904785
10	1	0.405078172684
10	1	0.465935230255
10	1	0.484750986099
10	1	0.348445892334
10	1	0.427045106888
10	0	0.560979127884
10	1	1.73924088478
10	1	0.827555179596
10	1	0.749616861343
10	1	0.563076972961
10	1	0.818119049072
10	1	0.523645877838
10	1	0.506432056427
10	1	0.47492814064
10	1	0.46457195282
10	1	0.531666040421
10	1	0.498227119446
10	1	0.441122055054
10	1	0.539901971817
10	1	0.563332080841
10	1	0.595576047897
10	1	0.536490917206
10	1	0.467662096024
10	1	0.454250812531
10	1	0.842258930206
10	1	0.491037130356
10	1	0.427527189255
10	1	0.44922208786
10	1	0.516263008118
10	1	0.633881807327
10	1	0.645524978638
10	1	0.649727106094
10	1	0.419750928879
10	1	0.428367853165
10	1	1.10684108734
10	1	0.418138980865
10	1	0.413170099258
10	1	0.404904127121
10	1	0.57755613327
10	1	0.371725797653
10	1	0.362561941147
10	1	0.458662986755
10	1	0.468008995056
10	1	0.515085935593
10	1	0.458626031876
10	1	0.396110057831
10	1	0.393292188644
10	1	0.379359006882
10	1	0.483726978302
10	1	0.45916891098
10	1	0.547894954681
10	1	0.467624902725
10	1	0.393560171127
10	1	0.426377058029
10	1	0.499705076218
10	1	0.620512962341
10	1	0.337351083755
10	1	0.451826810837
10	1	0.369803190231
10	0	0.257787942886
10	1	0.940927028656
10	1	0.451847076416
10	1	0.369928121567
10	1	0.40367102623
10	1	0.401912212372
10	1	0.564208984375
10	1	0.625340938568
10	1	0.500066041946
10	1	0.443834066391
10	1	0.392740011215
10	1	0.412616968155
10	1	0.387348890305
10	1	0.531949996948
10	1	0.450123071671
10	1	0.526099920273
10	1	0.416948080063
10	1	0.41867685318
10	1	0.435542106628
10	1	0.716465950012
10	1	0.514362096786
10	1	0.418411970139
10	1	0.392784118652
10	1	0.45955491066
10	1	0.396757125854
10	1	0.410521030426
10	1	0.395087957382
10	1	0.412794113159
10	1	0.451514959335
10	1	0.602709054947
10	1	0.715478897095
10	1	0.509375095367
10	1	0.497976064682
10	1	0.418347120285
10	1	0.417974948883
10	1	0.732370138168
10	1	0.394325971603
10	1	0.417657852173
10	1	0.410946846008
10	1	0.418633937836
10	1	0.508630037308
10	1	0.42810177803
10	1	0.372331142426
10	1	0.379935979843
10	1	0.491681098938
10	1	0.451488018036
10	0	0.522375106812
10	1	0.514975070953
10	1	0.442120075226
10	1	0.907243013382
10	1	0.450841903687
10	1	0.636411905289
10	1	0.384517908096
10	1	0.748857975006
10	1	0.530957937241
10	1	1.49956011772
10	1	0.40177321434
10	1	0.370064973831
10	1	0.466592788696
10	1	0.397727966309
10	0	0.371999025345
10	1	0.937514066696
10	1	0.49684381485
10	1	0.429152965546
10	1	0.378257989883
10	1	0.452226161957
10	1	0.436342954636
10	1	0.643968105316
10	1	0.577435016632
10	1	0.411684036255
10	1	0.538859844208
10	1	0.563910961151
19	1	0.715997219086
19	1	0.505970954895
19	1	0.336983919144
19	1	0.37059211731
19	1	0.346568107605
19	1	0.353978157043
19	1	0.427147865295
19	1	0.530580043793
19	1	0.412788152695
19	1	0.344683885574
19	1	0.395321130753
19	1	0.418110132217
19	1	0.347232103348
19	1	0.403943061829
19	1	0.416030883789
19	1	0.427159070969
19	1	0.367866039276
19	1	0.419675111771
19	1	0.34850692749
19	1	0.377128839493
19	1	0.443560123444
19	1	0.371320009232
19	1	0.402670145035
19	1	0.380026102066
19	1	0.329905986786
19	1	0.443544864655
19	1	0.434133768082
19	1	0.468065977097
19	1	0.378108024597
19	1	0.400907039642
19	1	0.453853130341
19	1	0.359607934952
19	1	0.473870992661
19	1	0.394790887833
19	1	0.354727983475
19	1	0.385954856873
19	1	0.404507875443
19	1	0.404329776764
19	1	0.505516052246
19	1	0.378568172455
19	1	0.460587978363
19	1	0.314655065536
19	1	0.426759958267
19	1	0.378205060959
19	1	0.403131008148
19	0	0.395770072937
19	1	1.00938105583
19	1	0.514481067657
19	1	0.608996152878
19	1	0.402537822723
19	1	0.408984899521
19	1	0.412179946899
19	1	0.362061023712
19	1	0.383771181107
19	1	0.531177043915
19	1	0.507632017136
19	1	0.386634111404
19	1	0.40189409256
19	1	0.36945605278
19	1	0.435793876648
19	1	0.467001914978
19	1	0.545344114304
19	0	0.323107004166
19	1	0.419178962708
19	1	0.376899957657
19	1	0.458456039429
19	1	0.37909913063
19	1	0.393344163895
19	1	0.443938016891
19	1	0.46520614624
19	1	0.394567012787
19	1	0.452076911926
19	1	0.490685939789
19	1	0.378150939941
19	1	0.434826850891
19	1	0.433120012283
19	1	0.369830131531
19	1	0.387749910355
19	1	0.43295788765
19	1	0.387443065643
19	1	0.322154998779
19	1	0.349478006363
19	1	0.402698040009
19	1	0.377663135529
19	1	0.402158975601
19	1	0.428401947021
19	1	0.434125900269
19	1	0.337917089462
19	1	0.381133079529
19	1	0.369884967804
19	1	0.344522953033
19	1	0.379628181458
19	1	0.364130020142
19	1	0.436954021454
19	1	0.329334020615
19	1	0.331015825272
19	1	0.448517799377
19	1	0.419389009476
19	1	0.410469055176
19	1	0.365726947784
19	1	0.35951590538
19	1	0.387625932693
19	1	0.474083900452
19	0	0.538846969604
19	1	0.39496088028
19	1	0.418198823929
19	1	0.395640134811
19	1	0.362835168839
19	1	0.362413167953
19	1	0.476467132568
19	1	0.416568040848
19	1	0.362247943878
19	1	0.458796977997
19	1	0.34916806221
19	1	0.610686063766
19	1	0.347275972366
19	1	0.361012935638
19	0	0.369313955307
19	1	0.515127182007
19	1	0.387403964996
19	1	0.447139024734
19	1	0.444687128067
19	1	0.476341962814
19	1	0.407855033875
19	1	0.570363998413
19	1	0.403375864029
19	1	0.458807945251
19	1	0.376710891724
19	1	0.378633975983
19	1	0.379310131073
19	0	0.395514011383
19	1	0.441853046417
19	1	0.387596130371
19	1	0.421387195587
19	1	0.465247869492
19	1	0.435250043869
19	1	0.361918210983
19	1	0.354652881622
19	1	0.355530977249
19	0	0.29802107811
19	1	0.395295858383
19	1	0.397420883179
19	1	0.393131017685
19	1	0.353976011276
19	1	0.346307992935
19	1	0.361737966537
19	1	0.380542039871
19	1	0.34689617157
19	1	0.521468162537
19	1	0.355151176453
19	1	0.354514122009
19	1	0.355916976929
19	1	0.443580150604
19	1	0.61866402626
19	1	0.961761951447
19	1	0.611304044724
23	1	0.667493104935
23	1	0.595966100693
23	1	0.480942964554
24	1	0.417904138565
24	1	0.361549139023
23	1	0.428260087967
23	1	0.418799161911
24	0	0.45961689949
24	1	0.449223041534
23	1	0.378943920135
23	1	0.396057844162
24	1	0.473072052002
24	1	0.434448003769
24	1	0.471394062042
24	1	0.428097009659
24	1	0.416640043259
23	1	0.426318883896
23	1	0.514997959137
24	1	0.392302036285
24	1	0.315017938614
24	1	0.346899032593
24	0	0.354777097702
23	1	0.475932121277
24	1	0.433991193771
24	1	0.450723171234
24	1	0.351896047592
23	1	0.494073867798
24	1	0.345775842667
24	1	0.482658147812
24	1	0.450869083405
23	1	0.38606595993
24	1	0.404759883881
23	1	0.393754959106
24	1	0.378840923309
23	1	0.425756931305
24	1	0.393647909164
23	0	0.538589000702
23	1	0.403429985046
24	1	0.369440078735
23	1	0.339690923691
24	1	0.378674030304
24	1	0.384701013565
23	1	0.493082046509
23	1	0.399791002274
24	1	0.339329957962
23	1	0.386843919754
23	1	0.32306098938
24	1	0.584272861481
24	1	0.369349956512
23	1	0.395297050476
24	1	0.498160123825
24	1	0.321505069733
23	1	0.636631965637
23	1	0.352885961533
24	1	0.346106052399
23	1	0.482530832291
24	1	0.386810064316
24	1	0.441217899323
23	1	0.442558050156
24	1	0.514420986176
24	0	0.457103967667
24	1	0.507168054581
24	1	0.403755903244
23	1	0.370832920074
24	1	0.425931930542
24	1	0.44188284874
24	0	0.451018095016
24	1	0.580064058304
23	1	0.409861087799
24	1	0.387182950974
24	1	0.38620018959
23	1	0.36157989502
24	1	0.402369976044
24	1	0.58770108223
24	1	0.402763128281
24	1	0.458544015884
24	1	0.397193908691
23	1	0.368529081345
24	1	0.324104785919
23	1	0.361040115356
23	1	0.395977020264
23	1	0.355276823044
23	1	0.456933021545
24	1	0.387398958206
23	1	0.443607807159
23	1	0.360893011093
24	1	0.363450050354
23	1	0.36483502388
23	1	0.463786840439
23	1	0.378038167953
24	1	0.460118055344
24	1	0.377757072449
23	0	0.419651031494
24	1	0.771051168442
23	1	0.449156045914
24	1	0.43515086174
23	1	0.459573030472
23	1	0.497497797012
23	1	0.41872382164
24	1	0.508013963699
23	1	0.489208936691
24	1	0.400572061539
24	1	0.404887199402
24	1	0.489039897919
24	1	0.426720142365
23	1	0.418571949005
23	1	0.44976401329
24	1	0.435818910599
23	1	0.482080936432
24	1	0.474882125854
23	1	0.515374898911
23	1	0.395519018173
23	1	0.386991024017
23	1	0.642668962479
23	1	0.434254169464
24	1	0.473834991455
23	1	0.449355840683
23	1	0.418540000916
24	1	0.346393108368
23	1	0.426489830017
23	1	0.369056940079
24	1	0.468831062317
23	1	0.569351911545
23	1	0.468049049377
23	0	0.546678066254
24	1	0.433348894119
23	1	0.442357778549
24	1	0.409950971603
23	1	0.41890001297
24	1	0.418556928635
24	1	0.432673215866
24	1	0.67595410347
24	1	0.442715167999
23	1	0.354927062988
23	1	0.443739175797
23	1	0.37125992775
23	1	0.386564016342
24	1	0.394173145294
24	1	0.354042053223
23	1	0.395737171173
23	1	0.418382883072
23	1	0.61060500145
23	1	0.498381853104
24	1	0.340068101883
24	1	0.408740997314
23	1	1.04421901703
23	1	0.4590280056
24	1	0.754692792892
23	1	0.385764122009
23	1	0.347052097321
23	1	0.361667871475
24	1	0.394857883453
24	1	0.417793989182
24	1	0.357366085052
21	1	0.570050001144
21	1	0.3814868927
21	1	0.345641851425
21	1	0.579149007797
21	1	0.404162168503
22	1	0.546214818954
22	0	0.338798046112
21	1	0.332292079926
22	1	0.561243057251
21	1	0.393935918808
22	1	0.403747081757
22	1	0.340126037598
21	1	0.425827026367
21	1	0.361014127731
22	1	0.370922088623
22	1	0.378545999527
22	1	0.41838312149
22	1	0.346992015839
22	1	0.434247016907
22	1	0.368172883987
22	1	0.341578960419
22	1	0.44064283371
21	1	0.363093137741
21	0	0.300184011459
22	1	0.401869058609
22	1	0.377779006958
22	1	0.427287101746
22	1	0.362234115601
21	1	0.36141705513
21	1	0.354131937027
22	1	0.595301151276
22	1	0.978239059448
21	1	0.417667150497
22	1	0.432518005371
22	1	0.370532035828
22	1	0.381760835648
22	1	0.377159833908
21	1	0.348029136658
22	1	0.370901107788
22	1	0.457236051559
22	0	0.396797895432
21	1	0.441954135895
21	1	0.539757966995
21	1	0.371175050735
22	1	0.37110710144
22	1	0.370059013367
21	0	0.955317974091
22	1	0.407874822617
22	1	0.410995006561
22	0	0.372875928879
22	1	0.40956401825
22	1	0.434968948364
21	1	0.419538021088
22	1	0.35418510437
21	1	0.853349924088
21	1	0.425786018372
21	1	0.472138881683
21	1	0.418877840042
22	1	0.345100164413
21	1	0.355473041534
22	1	0.379435062408
22	1	0.439908027649
21	1	0.428375959396
22	1	0.378254890442
21	1	0.435369968414
21	1	0.483378887177
22	1	0.376399040222
21	1	0.459598064423
21	1	0.434571027756
21	1	0.420728206635
22	1	0.409838914871
22	1	0.442224979401
21	1	0.459765911102
22	1	0.44251704216
22	1	0.36320400238
22	1	0.395874977112
22	1	0.417953968048
22	1	0.432296037674
21	1	0.523934841156
22	1	0.650084018707
22	1	0.562661170959
21	1	0.907777786255
21	1	0.401458978653
22	1	0.410220146179
21	1	0.585819959641
22	1	0.915768861771
22	1	0.434197187424
22	1	0.394694805145
21	1	0.427872896194
22	1	0.401596069336
21	1	0.458084821701
22	1	0.490180015564
21	1	0.482814073563
22	1	0.395482063293
22	1	0.369887113571
22	1	0.424447059631
21	1	0.437376976013
22	1	0.442903995514
22	1	0.41848897934
22	1	0.408082962036
22	1	0.421183824539
22	1	0.36060500145
21	1	0.378573894501
22	1	0.428537130356
22	1	0.656249046326
22	1	0.570264101028
21	1	0.412436008453
22	1	0.465649843216
22	1	0.395569086075
21	1	0.384919881821
21	1	0.3625228405
21	1	0.403813838959
22	0	0.329900026321
21	1	0.410536050797
22	1	0.360320091248
22	1	0.443079948425
22	1	0.443089962006
21	1	0.340642929077
21	1	0.385014057159
22	1	0.346503019333
21	1	0.371583938599
22	1	0.345783948898
21	1	0.403415203094
21	1	0.411837100983
21	1	0.498413085938
21	1	0.322199106216
21	1	0.355005979538
22	1	0.385571956635
22	1	0.41210103035
22	1	0.391940832138
22	1	0.373084068298
22	1	0.39518404007
22	1	0.377264022827
21	0	0.689167022705
22	1	0.491855144501
22	1	0.474159002304
21	1	0.378792047501
21	1	0.315176010132
21	1	0.435354948044
22	1	0.388251781464
21	1	0.497033834457
22	1	0.37176990509
21	1	0.392337083817
22	1	0.381425857544
22	1	0.393098831177
21	1	0.458302021027
21	1	0.379979848862
22	1	0.330040931702
22	1	0.368959188461
22	1	0.36451292038
21	1	0.354809045792
21	1	0.402657032013
21	1	0.297981023788
21	1	0.35771894455
22	1	0.417953014374
24	1	0.436766862869
24	0	0.352828979492
24	1	0.385607004166
23	1	0.515185117722
24	1	0.457843065262
24	1	0.458558082581
23	1	0.402341127396
24	1	0.362373828888
24	1	0.379846096039
24	1	0.539188861847
24	1	0.481657981873
23	1	0.37225985527
23	1	0.408998012543
23	1	0.339324951172
24	1	0.472476959229
23	1	0.378104925156
23	1	0.321333169937
24	1	0.34765791893
23	1	0.305521965027
24	1	0.332221031189
24	1	0.362419128418
23	1	0.418669939041
23	1	0.400772809982
24	1	0.364555120468
23	1	0.321096897125
23	1	0.33890914917
24	1	0.299702882767
24	1	0.419730901718
24	1	0.336155891418
23	1	0.444730997086
23	1	0.331613063812
24	1	0.466176986694
24	1	0.3614590168
24	1	0.450300931931
24	1	0.377043962479
24	1	0.396393060684
23	1	0.402661085129
23	1	0.386940002441
23	1	0.38486289978
23	1	0.396242856979
24	1	0.394196033478
23	1	0.545495986938
23	1	0.377683877945
23	1	0.307565927505
24	1	0.354400873184
24	1	0.360605955124
23	1	0.402740001678
24	1	0.330765962601
24	1	0.372731924057
24	1	0.361019849777
23	1	0.395461797714
24	1	0.57075881958
23	1	0.36029791832
23	1	0.410557985306
23	1	0.482846975327
24	1	0.557453155518
24	1	0.490962028503
23	1	0.409651041031
24	1	0.385545015335
24	1	0.492166996002
23	1	0.353213071823
23	1	0.348851919174
23	1	0.378192901611
24	1	0.385719060898
23	1	0.410473108292
24	1	0.331689834595
24	1	0.532705068588
23	1	0.496848106384
24	1	0.412432909012
23	1	0.379384994507
24	1	0.395187854767
23	1	0.577091932297
23	1	0.570480823517
23	1	0.418668031693
23	1	0.331611871719
23	1	0.482754945755
24	1	0.426422119141
24	1	0.650327205658
24	1	0.388226032257
23	1	0.426259040833
23	1	0.388381958008
23	1	0.385574102402
24	1	0.435361146927
23	1	0.432960033417
23	1	0.387104034424
24	1	0.408478021622
23	1	0.436873912811
23	1	0.280146121979
24	1	0.353977918625
23	1	0.940513134003
23	1	0.458902835846
23	1	0.497014045715
23	1	0.378545045853
24	1	0.348190069199
23	1	0.410396099091
23	0	0.681955099106
23	1	0.4337849617
24	1	0.452441930771
23	1	0.458153009415
24	1	0.36149096489
24	1	0.370148897171
24	1	0.387979984283
23	1	0.475102186203
23	1	0.458703994751
24	1	0.355632781982
23	1	0.417186021805
24	1	0.354071140289
23	1	0.499199151993
23	1	0.373563051224
23	1	0.360774993896
24	1	0.514961004257
24	1	0.466701984406
23	1	0.362494945526
23	1	0.435597896576
23	1	0.450218915939
24	1	0.396069049835
24	1	0.483382940292
24	1	0.407742023468
23	1	0.979371786118
23	1	0.464110136032
24	1	0.332539081573
23	1	0.378530979156
23	1	0.451039791107
23	1	0.411557197571
24	1	0.410449981689
23	1	0.371460914612
23	1	0.409347057343
24	1	0.41135597229
23	1	0.522939920425
23	1	0.38737487793
23	0	0.451994180679
23	1	0.719748020172
24	1	0.387643814087
23	1	0.450291156769
24	1	0.370222806931
24	1	0.404032945633
23	1	0.345475912094
23	1	0.403142929077
24	1	0.29912519455
24	1	0.339400053024
23	1	0.362255096436
23	1	0.444124937057
24	1	0.402080774307
24	1	0.37680888176
24	1	0.363749980927
23	1	0.35542178154
24	0	0.306384086609
23	1	0.37782907486
23	1	0.458312988281
23	1	0.386178016663
23	1	0.732827186584
24	1	0.337836027145
24	1	0.434596061707
24	1	0.505120038986
24	1	0.436721086502
23	1	0.391891002655
17	1	0.714612960815
17	1	0.37902712822
17	1	0.637046098709
17	1	0.433512926102
17	1	0.476800918579
17	1	0.331576824188
17	1	0.368894100189
17	1	0.37949514389
17	1	0.371252059937
17	1	0.425436019897
17	1	0.394641876221
17	1	0.458325862885
17	1	0.397510051727
17	1	0.376438856125
17	1	0.378890037537
17	1	0.31453204155
17	1	0.436084032059
17	1	0.620500087738
17	1	0.402683019638
17	1	0.335957050323
17	1	0.394387960434
17	1	0.484735965729
17	1	0.391602993011
17	0	0.34600186348
17	1	0.428859949112
17	1	0.443245887756
17	1	0.395476102829
17	1	0.331228971481
17	1	0.31379199028
17	1	0.463464021683
17	1	0.523600101471
17	1	0.499033927917
17	1	0.361620903015
17	1	0.338165044785
17	1	0.469063997269
17	0	0.379721164703
17	1	0.398587942123
17	1	0.363432884216
17	1	0.444422006607
17	1	0.36751294136
17	1	0.33895111084
17	1	0.434273004532
17	1	0.459532976151
17	1	0.425278186798
17	1	0.498175859451
17	1	0.85910987854
17	1	0.362147808075
17	1	0.451564788818
17	1	0.408540964127
17	0	0.388072967529
17	1	0.434917926788
17	0	0.442066907883
17	1	0.434392929077
17	1	0.434748888016
17	1	0.426898956299
17	0	0.443692922592
17	1	0.395660161972
17	1	0.392982006073
17	1	0.50036907196
17	1	0.403506994247
17	1	0.472854852676
17	1	0.403367996216
17	1	0.589328050613
17	1	0.56068110466
17	1	0.411205053329
17	1	0.469126939774
17	1	0.423724889755
17	1	0.482372045517
17	1	0.436216115952
17	1	0.441128015518
17	1	0.418812990189
17	1	0.404509067535
17	1	0.442471981049
17	1	0.41846203804
17	1	0.48877620697
17	1	0.412585020065
17	1	0.40251994133
17	1	0.515653848648
17	1	0.459118843079
17	1	0.418059110641
17	1	0.435893058777
17	1	0.409357070923
17	1	0.4337849617
17	1	0.442312002182
17	1	0.5161921978
17	1	0.57692193985
17	1	0.405136108398
17	1	0.538185834885
17	1	0.35470199585
17	1	0.466071844101
17	1	0.507835865021
17	1	0.425592184067
17	1	0.465852975845
17	1	0.394879102707
17	1	0.484955072403
17	1	0.433461904526
17	1	0.395401000977
17	1	0.425042152405
17	1	0.571296930313
17	1	0.4341340065
17	1	0.388120174408
17	1	0.481869935989
17	1	0.561845064163
17	1	0.467226028442
17	1	0.443581104279
17	1	0.401561975479
17	1	0.401287078857
17	1	0.324744939804
17	1	0.346262931824
17	1	0.31470489502
17	1	0.435820102692
17	1	0.322285175323
17	1	0.331686019897
17	1	0.321269989014
17	0	0.285259008408
17	1	0.394227027893
17	1	0.363832950592
17	1	0.344799995422
17	1	0.337656974792
17	1	0.475156068802
17	1	0.417107105255
17	1	0.37001991272
17	1	0.381493091583
17	0	0.344064950943
17	0	0.460371017456
17	1	0.42726111412
17	1	0.434362888336
17	1	0.441737890244
17	1	0.464825153351
17	1	0.36408495903
17	1	0.497611045837
17	1	0.363384962082
17	1	0.466068029404
17	1	0.458564996719
17	1	0.40379691124
17	1	0.73138999939
17	1	0.411083936691
17	1	0.361649990082
17	1	0.481891155243
17	1	0.508111000061
17	1	0.448444843292
17	1	0.396169185638
17	1	0.362813949585
17	1	0.393129825592
17	1	0.394670009613
17	1	0.410618066788
17	1	0.346256017685
17	1	0.322525024414
17	1	0.377532958984
17	1	0.31572508812
17	1	0.354804992676
17	1	0.496028900146
17	1	0.371849060059
17	1	0.554522037506
17	1	0.489249944687
18	1	0.851007938385
18	1	0.402053833008
18	1	0.458115100861
18	1	0.43456697464
18	0	0.339727163315
18	1	0.449809074402
18	1	0.418511152267
18	1	0.37091588974
18	1	0.450162887573
18	1	0.379184961319
18	0	0.330487966537
18	1	0.443756103516
18	1	0.450047016144
18	1	0.385859012604
18	1	0.570366859436
18	1	0.427726984024
18	1	0.368854045868
18	1	0.393365859985
18	1	0.341051101685
18	1	0.449459075928
18	1	0.348338127136
18	1	0.571667194366
18	1	0.376749992371
18	1	0.361689090729
18	0	0.354584932327
18	1	0.37193107605
18	1	0.393045902252
18	1	0.705923080444
18	1	0.523746013641
18	1	0.402685880661
18	1	0.403637886047
18	1	0.416559934616
18	1	0.458863019943
18	1	0.378700971603
18	1	0.354717969894
18	1	0.373032808304
18	1	0.384397983551
18	1	0.458407878876
18	1	0.339818000793
18	1	0.322398900986
18	1	0.419659852982
18	1	0.595174074173
18	0	0.385374069214
18	1	0.394217014313
18	1	0.411284923553
18	1	0.424138069153
18	1	0.356518030167
18	1	0.380885839462
18	1	0.378340005875
18	1	0.371030092239
18	1	0.417127132416
18	1	0.403279066086
18	1	0.435178995132
18	1	0.738614797592
18	1	0.356667995453
18	1	0.423403978348
18	1	0.466690063477
18	1	0.396352052689
18	1	0.705538034439
18	1	0.30867600441
18	1	0.386335849762
18	1	0.314730882645
18	0	0.329294919968
18	1	0.379271030426
18	1	0.371420145035
18	1	0.386648178101
18	1	0.354335069656
18	1	0.443953990936
18	1	0.385545015335
18	1	0.403879165649
18	1	0.384114980698
18	1	0.396129131317
18	1	0.377151966095
18	1	0.380515098572
18	1	0.387020111084
18	1	0.6561191082
18	1	0.380107879639
18	1	0.442636966705
18	1	0.466743946075
18	1	0.35327911377
18	1	0.418676137924
18	1	0.335808038712
18	1	0.452839851379
18	1	0.401479005814
18	1	0.418996810913
18	1	0.680209875107
18	1	0.436321020126
18	1	0.570349931717
18	1	0.476451873779
18	1	0.35246014595
18	1	0.404329061508
18	1	0.361840963364
18	1	0.362078905106
18	1	0.402028083801
18	1	0.509479045868
18	1	0.351662874222
18	1	0.403721094131
18	1	0.499428987503
18	1	0.377572059631
18	1	0.44934296608
18	1	0.371465921402
18	1	0.44957113266
18	1	0.429642915726
18	1	0.377846002579
18	1	0.612072944641
18	1	0.353384017944
18	1	0.329303026199
18	1	0.338656187057
18	1	0.372674942017
18	1	0.378213882446
18	1	0.602339029312
18	1	0.387080907822
18	1	0.444474935532
18	1	0.308247804642
18	1	0.354403972626
18	1	0.4416680336
18	1	0.44309592247
18	0	0.451784133911
18	1	0.378530979156
18	1	0.359381914139
18	1	0.443670988083
18	1	0.419546127319
18	1	0.441979885101
18	1	0.451095104218
18	0	0.426331996918
18	1	1.23315501213
18	1	0.506208896637
18	1	1.05280399323
18	1	0.593038082123
18	1	0.858688116074
18	1	0.476855993271
18	1	0.490782022476
18	1	0.352952957153
18	1	0.403074979782
18	1	0.410675048828
18	1	0.393443822861
18	1	0.394609928131
18	1	0.453184127808
18	1	0.569537162781
18	1	0.3858730793
18	0	0.644402980804
18	1	0.385488986969
18	1	0.428501844406
18	1	0.408123016357
18	1	0.53874206543
18	1	0.418518066406
18	1	0.339205980301
18	1	0.4328789711
18	1	0.412184000015
18	1	0.404134988785
18	1	0.562732934952
18	1	0.418730974197
18	1	0.418928861618
18	1	0.427454948425
20	1	0.731740951538
20	1	0.522978067398
20	1	0.36105799675
20	1	0.346349954605
20	1	0.29887509346
20	1	0.442451953888
20	1	0.417772054672
20	1	0.395119905472
20	1	0.393499135971
20	1	0.379034042358
20	1	0.459975004196
20	1	0.402348995209
20	1	0.441960096359
20	1	0.419028043747
20	1	0.400582075119
20	1	0.403573036194
20	1	0.380208969116
20	1	0.369385004044
20	1	0.344796895981
20	1	0.404885053635
20	1	0.352532863617
20	1	0.395545005798
20	0	0.459702968597
20	1	0.35374712944
20	1	0.535912036896
20	1	0.3884370327
20	1	0.471601009369
20	1	0.451112031937
20	1	0.325109958649
20	1	0.482414007187
20	1	0.392472982407
20	1	0.412258148193
20	1	0.537006139755
20	1	0.372323989868
20	1	0.393513202667
20	0	0.458966970444
20	1	0.955324888229
20	1	0.410259962082
20	1	0.386659145355
20	1	0.47628903389
20	1	0.545346975327
20	1	0.46026301384
20	1	0.408666133881
20	1	0.394437789917
20	1	0.371544122696
20	0	0.385478973389
20	1	0.602341890335
20	1	0.732892990112
20	1	0.402942895889
20	1	0.401232004166
20	1	0.580774068832
20	1	0.429491043091
20	1	0.451741933823
20	1	0.50733089447
20	1	0.41930603981
20	1	0.442794799805
20	1	0.572151899338
20	1	0.37047791481
20	1	0.371210098267
20	1	0.450636148453
20	1	0.394639015198
20	1	0.528394937515
20	1	0.389026880264
20	1	0.410289049149
20	0	0.634744882584
20	1	0.450458049774
20	1	0.401375055313
20	1	0.39528298378
20	1	0.355075120926
20	1	0.378238916397
20	1	0.41681599617
20	1	0.434956073761
20	1	0.564225912094
20	1	0.978467941284
20	1	0.441384077072
20	1	0.659192085266
20	1	0.714885234833
20	1	1.04927778244
20	1	0.587184906006
20	1	0.50105214119
20	1	1.09027600288
20	1	0.408699035645
20	1	0.595129966736
20	0	0.845010042191
20	1	0.543822050095
20	1	0.515117168427
20	1	0.450908899307
20	1	0.402408123016
20	1	0.442044019699
20	1	0.428521871567
20	1	0.380037784576
20	1	0.418215990067
20	1	0.407716989517
20	1	0.86758184433
20	1	0.498923063278
20	1	0.72833609581
20	1	0.405652046204
20	1	0.403036832809
20	1	0.40928196907
20	1	0.380856990814
20	1	0.567578077316
20	1	0.436756134033
20	1	0.474162101746
20	1	0.569060087204
20	1	0.436715126038
20	1	0.386355876923
20	1	0.442213058472
20	1	0.433193922043
20	1	0.387877941132
20	1	0.385188817978
20	0	0.410699129105
20	1	2.30746889114
20	1	0.39897608757
20	1	0.428187131882
20	1	0.402209997177
20	1	0.419676065445
20	1	0.466294050217
20	1	0.377795934677
20	1	0.347061157227
20	1	0.386895895004
20	1	0.339428901672
20	1	0.488909006119
20	1	0.426002025604
20	1	0.402270078659
20	1	0.404432058334
20	1	0.434043169022
20	1	0.490844964981
20	1	0.35591006279
20	1	0.370985031128
20	1	0.432433128357
20	1	0.372853040695
20	1	0.395208120346
20	1	0.329802036285
20	1	0.401322126389
20	0	0.507685899734
20	1	0.562124967575
20	1	0.394078969955
20	1	0.403183937073
20	1	0.402637004852
20	1	0.452491998672
20	1	0.39948797226
20	1	0.364498853683
20	1	0.475204229355
20	1	0.401587963104
20	1	0.37823009491
20	1	0.435321092606
20	1	0.603160142899
20	1	0.705976963043
20	1	0.395807981491
20	1	0.360987901688
20	1	0.524636983871
22	1	0.585881948471
21	1	0.428124904633
22	1	0.375784158707
21	1	0.354490995407
22	1	0.378644943237
21	1	0.354465961456
21	1	0.387604951859
22	1	0.330664157867
22	1	0.354830980301
21	1	0.441054821014
22	1	0.338311910629
22	1	0.399904966354
21	1	0.35465502739
21	1	0.348533153534
21	1	0.339133024216
21	1	0.401679039001
21	1	0.572317123413
21	1	0.531039953232
22	1	0.682058095932
22	1	0.458628177643
22	1	0.4176030159
21	1	0.377505064011
22	1	0.356122970581
21	1	0.337232112885
22	1	0.442729949951
22	1	0.444044113159
22	1	0.371253967285
22	1	0.385848045349
21	1	0.452530145645
22	1	0.387562036514
22	1	0.722215175629
21	1	0.338106155396
21	1	0.411202907562
21	1	0.395004034042
22	1	0.370680093765
22	0	0.354099988937
21	1	0.378067016602
22	1	0.353760957718
21	1	0.418251991272
22	1	0.337208032608
21	1	0.427184820175
22	1	0.427050828934
21	1	0.425930023193
21	1	0.347467899323
22	1	0.368324995041
21	1	0.460019111633
22	1	0.410519123077
22	0	0.321660041809
21	1	0.460751056671
22	1	0.55281496048
22	1	0.436257839203
22	1	0.425594091415
22	1	0.458839893341
21	1	0.410347938538
21	1	0.426419973373
21	1	0.65239405632
22	1	0.352679014206
21	1	0.498075008392
21	1	0.379320859909
21	1	0.595530033112
21	1	0.434607982635
22	1	0.380469083786
22	1	0.40031504631
22	1	0.45268201828
21	1	0.393792152405
21	1	0.417122840881
21	1	0.428651094437
22	1	0.483079910278
21	1	0.459542989731
21	1	0.399694919586
21	1	0.450932025909
22	1	0.402292966843
21	1	0.379372119904
22	1	0.396826982498
22	1	0.48279094696
22	1	0.424859046936
22	1	0.426467180252
22	1	0.46651506424
22	1	0.42023897171
21	1	0.44077706337
22	1	0.372151136398
22	1	0.376432180405
22	1	0.421517133713
22	1	0.4901471138
22	1	0.394639968872
22	1	0.369864940643
21	1	0.39380812645
22	1	0.34792304039
22	1	0.354345798492
21	0	0.354553937912
22	1	0.395797014236
21	1	0.529847145081
21	1	0.753601074219
22	1	0.403403043747
22	1	0.41964507103
22	1	0.321995973587
21	1	0.525319099426
21	1	0.433485031128
21	1	0.394587993622
21	1	0.42632484436
21	1	0.512157917023
22	1	0.397291183472
21	1	0.403017044067
21	1	0.634600877762
21	1	0.472165107727
22	1	0.435800075531
21	1	0.379945039749
21	1	0.458931922913
22	1	0.385343074799
21	1	0.41855096817
22	1	0.479142904282
21	1	0.38062787056
21	1	0.332529067993
22	1	0.344378948212
21	1	0.395187854767
21	1	0.476114034653
22	1	0.433056116104
22	1	0.387449979782
22	1	0.665285825729
21	1	0.489753961563
21	1	0.411557912827
22	1	0.449291944504
22	1	0.371204137802
21	1	0.467365026474
22	1	0.385687828064
22	1	0.379552841187
22	1	0.450747966766
21	1	0.410607814789
22	1	0.400424003601
22	1	0.451709985733
22	1	0.401398897171
22	1	0.354504823685
21	0	0.411363124847
21	1	0.659889936447
22	1	0.488847970963
21	1	0.410655021667
22	1	0.419373035431
21	1	1.02446818352
22	1	0.396697044373
21	1	0.481890201569
22	1	0.41982293129
22	1	0.442879915237
21	1	0.553050041199
21	1	0.451995849609
21	1	0.418607950211
22	1	0.435846090317
22	1	0.39403796196
21	1	0.723963975906
21	1	0.393332004547
21	1	0.396529197693
22	1	0.39409995079
21	1	0.411561965942
22	1	0.457216024399
21	1	0.443176031113
