5	1	0.498517036438
5	0	0.420031070709
5	1	0.392802000046
6	1	0.594549179077
5	1	0.396052837372
6	1	0.584846019745
5	1	0.52253484726
5	1	0.537873029709
5	1	0.517157077789
6	1	0.479196071625
6	1	0.547202110291
5	1	0.476733922958
5	0	0.712911128998
6	1	0.651431798935
5	1	1.22563695908
5	1	1.28357005119
6	1	0.505628108978
5	0	0.619145154953
5	1	2.18693304062
6	1	0.660264968872
6	1	0.505549907684
6	1	0.802139997482
5	1	0.552822828293
6	1	0.516216993332
6	1	0.442279100418
5	0	0.627954006195
6	1	0.576350212097
6	1	0.571323156357
5	1	0.537848949432
6	1	0.515967130661
5	1	0.650468111038
5	1	0.394006967545
6	1	0.739204883575
5	1	0.530370950699
5	1	0.403445959091
5	1	0.633503198624
6	1	0.49084186554
6	1	0.676343917847
5	0	0.416507959366
6	1	0.451510906219
5	1	0.460700035095
6	0	0.455426931381
5	1	0.660759925842
6	1	2.05032396317
5	1	0.620028018951
5	0	0.672771930695
6	1	0.62762594223
6	1	0.907347917557
5	1	2.02622294426
6	1	0.625957012177
6	1	1.61815500259
6	0	0.514195919037
5	0	0.555323123932
5	0	1.34440398216
5	1	1.73042201996
5	1	0.441259145737
5	0	0.410681962967
5	1	3.02855801582
5	0	1.10389518738
5	0	1.25825691223
5	1	1.46054410934
5	0	1.66559004784
5	1	3.42600297928
6	0	0.62038397789
5	0	6.32016396523
6	1	0.802427053452
5	1	1.08230900764
5	1	0.492619037628
5	1	0.611492156982
6	1	0.472852945328
5	1	0.451217889786
5	1	0.56537604332
5	0	0.466553211212
6	1	0.642600059509
5	1	0.625289916992
6	1	0.498224020004
5	0	0.600967884064
6	1	0.660240888596
6	1	0.546317815781
5	1	0.586543083191
6	1	0.674755811691
5	1	0.78511095047
5	1	0.668172121048
6	1	0.4974629879
5	1	3.07510900497
6	1	0.467053174973
5	1	0.441637039185
5	0	0.586960077286
5	1	1.03494286537
6	1	0.442971944809
6	1	0.553737878799
6	1	0.515805959702
6	1	0.946712017059
6	1	0.489445209503
6	1	0.617620944977
5	1	0.523122787476
5	1	0.554819107056
6	1	0.466818809509
6	0	0.497493982315
5	0	0.474321842194
5	1	0.441834926605
6	1	0.476161956787
6	1	0.492107152939
6	1	0.528239011765
5	0	0.778316020966
5	0	0.474452972412
5	0	0.512938022614
6	1	1.02804899216
5	1	0.483914852142
6	1	0.472614049911
6	1	0.522965908051
6	1	0.449458122253
6	1	0.875699996948
6	1	0.516498804092
5	1	0.705368995667
5	1	0.547996044159
5	1	0.539929866791
6	1	0.474164009094
5	1	0.460030078888
6	1	0.617702960968
5	1	0.595002889633
6	0	0.498655080795
6	1	0.739633083344
6	1	0.431873083115
6	1	0.466117858887
5	1	0.493283033371
6	1	0.67305803299
6	0	0.426119089127
5	1	0.466548919678
6	1	0.545668840408
5	1	0.497725963593
5	1	0.532242059708
6	1	0.508413076401
6	1	0.442224025726
6	1	0.467285871506
6	1	0.35435795784
5	1	0.4265229702
5	1	0.82438993454
6	1	0.409044027328
5	1	0.48492193222
5	1	0.434594869614
6	1	0.491741895676
5	1	0.458568096161
5	1	0.473133087158
5	1	0.612998008728
6	1	0.448284864426
6	1	0.469619989395
5	1	0.441879034042
5	1	0.472153186798
5	1	0.426448822021
5	1	0.427601099014
5	1	0.465896844864
5	1	0.47495007515
6	1	0.593061923981
6	1	0.460796117783
5	1	0.42510008812
5	1	0.395390987396
5	1	0.39346909523
6	1	0.427255868912
5	1	0.404036998749
6	1	0.512907028198
6	1	0.451197862625
6	1	0.426120996475
5	0	0.393884897232
6	1	0.443841934204
5	1	0.418758869171
6	1	0.46871805191
6	1	0.449546813965
6	1	0.442294120789
6	1	0.481785058975
5	1	0.450929880142
6	1	1.21911287308
6	1	0.467580080032
6	1	0.691745996475
6	1	0.519556999207
5	1	0.515201091766
6	1	0.499402046204
5	1	0.499018907547
6	1	0.521259069443
5	1	0.570389986038
5	0	1.09234905243
5	1	1.16218900681
6	1	0.570078134537
5	1	1.93155384064
5	1	0.49050116539
6	1	0.768903970718
5	1	0.748166799545
5	1	0.85530591011
6	1	0.533408880234
5	1	0.562095165253
5	0	0.506119966507
5	1	2.53856682777
5	1	1.19375610352
6	1	0.498955011368
6	1	0.516880989075
5	1	0.680319070816
6	1	0.532376050949
6	0	0.882539987564
6	1	0.683478116989
5	1	0.575376033783
5	1	0.675764083862
6	1	0.70716714859
5	1	0.545460939407
5	1	0.515208959579
6	1	0.584866046906
5	1	0.473908901215
5	1	0.482442140579
6	1	0.612206935883
5	0	0.506681919098
6	1	0.408649206161
5	1	0.516066789627
5	0	0.673655986786
5	1	0.460993051529
6	1	0.515449047089
5	1	0.41934800148
6	1	0.552669048309
6	1	0.634817123413
5	1	0.378639936447
5	1	0.562555789948
6	1	0.499291181564
5	1	0.482505083084
6	1	0.648192882538
6	1	0.676622152328
5	1	0.697697877884
5	1	0.715129852295
5	1	0.531748056412
5	1	0.514127969742
6	1	0.591930866241
6	1	0.547170877457
6	1	0.49768280983
5	1	0.418031930923
6	1	0.41997718811
5	1	0.404289007187
5	1	0.448796987534
6	1	0.640702962875
6	1	0.469310998917
5	1	0.522680997849
5	1	0.548038005829
6	1	0.506204128265
5	1	0.515898942947
5	1	0.537329912186
6	1	0.545779943466
5	1	0.698292970657
6	1	0.658643007278
5	1	0.808994054794
5	1	0.522909879684
5	1	0.61999797821
5	1	0.498631000519
6	1	0.859831809998
6	1	0.754635095596
5	1	0.497610092163
5	1	0.704820156097
6	1	0.404227018356
6	1	0.451564073563
6	0	0.450776100159
6	0	0.387365102768
5	0	0.427268981934
6	1	0.618540048599
6	1	0.378463029861
6	0	0.385859966278
5	1	0.449857950211
6	1	0.476248025894
6	0	0.474614858627
5	1	0.969721078873
6	1	0.435549974442
5	1	0.410457849503
5	1	0.427217960358
6	0	0.43540096283
6	1	0.706583976746
6	1	0.609920978546
5	1	0.459663152695
5	1	0.592867136002
5	1	0.46742105484
6	1	0.397322177887
5	1	0.449849128723
6	1	0.451680898666
6	1	0.443279027939
8	1	1.28193306923
8	1	0.683295965195
7	0	0.732194185257
8	1	0.513278961182
8	1	0.554880857468
7	1	0.483408927917
7	1	0.426998853683
7	1	0.545819044113
7	1	0.578972101212
7	1	0.492733001709
7	1	0.546611070633
8	1	0.449734926224
7	1	0.459817886353
8	0	0.784046173096
7	1	0.555386066437
8	1	0.426012992859
8	1	0.835312128067
8	1	0.795567989349
8	1	0.488862991333
8	1	0.803734064102
8	0	0.818353176117
7	0	0.605082035065
8	1	1.95255708694
8	1	1.67255496979
8	0	0.836061000824
8	0	3.23592114449
8	1	1.28990292549
8	0	1.26595187187
7	0	1.13100004196
7	1	1.71400403976
7	0	1.08403801918
8	1	0.47282409668
7	1	0.46817111969
7	1	0.41969704628
7	1	0.4818379879
7	1	0.441341876984
7	1	0.410825967789
8	1	0.386826038361
8	0	0.625312805176
7	0	0.779501914978
7	1	0.866943836212
8	1	0.738340854645
7	0	1.42699503899
8	1	0.642645835876
8	1	0.504801988602
8	1	0.578077077866
7	1	0.585452795029
8	0	0.579504966736
8	1	0.570188045502
7	1	0.571870088577
8	1	0.546788930893
8	1	0.491842985153
7	1	0.521396875381
8	1	0.437138795853
7	1	0.44126200676
8	1	0.643137931824
8	1	0.547714948654
8	1	0.523283004761
7	1	0.473278999329
7	1	0.547509908676
7	0	0.553771972656
8	1	0.613414049149
8	1	0.536356925964
8	1	1.4020960331
8	1	0.601907968521
8	1	0.93837594986
8	1	0.525552034378
7	1	0.506162881851
7	1	0.49874997139
8	1	0.643509864807
7	1	0.691445827484
7	1	0.585602998734
7	1	0.554019927979
7	1	1.09676098824
8	1	0.523411989212
8	1	0.524019956589
7	1	0.505938053131
8	1	0.413071155548
8	1	0.473081111908
7	1	0.443213939667
7	1	0.59365606308
7	1	0.93927192688
7	1	0.458415985107
7	1	0.499977827072
8	1	0.425679922104
7	1	0.403913021088
8	1	0.547574996948
7	1	0.449949026108
8	1	0.55476808548
8	0	0.737884998322
8	1	0.411859035492
7	1	0.721477031708
8	0	0.699609994888
8	1	0.50628900528
8	1	0.434703111649
8	1	0.524765014648
8	1	0.552195072174
8	1	0.43582701683
7	1	0.491533041
7	1	0.474112033844
7	1	0.675227165222
7	1	0.729328155518
7	1	0.480974912643
7	0	0.860673904419
8	1	1.39374899864
8	1	0.568984031677
7	1	1.72388291359
7	1	0.689568042755
8	0	1.05872011185
7	1	1.03495883942
8	1	0.587498903275
7	1	0.641531944275
8	1	0.62735080719
8	1	0.584896087646
7	1	0.677164793015
8	1	1.20123100281
7	1	0.530827999115
7	1	0.617043972015
8	1	0.69887804985
8	1	0.458548784256
8	1	0.515408992767
8	1	0.520927906036
7	1	0.47441983223
7	1	0.555989980698
7	1	1.00857615471
8	1	0.587964057922
7	1	0.536597013474
8	0	0.841078996658
7	1	0.531825065613
7	1	0.691879034042
7	1	0.538869142532
8	1	1.69918489456
7	1	0.50475692749
8	1	0.468022823334
7	1	0.530918121338
8	1	0.428514003754
3	1	0.666223049164
3	1	0.443350076675
3	1	0.434088945389
3	1	0.585572004318
3	1	0.506141901016
3	1	0.426709890366
3	1	0.425358057022
3	1	0.405523061752
3	1	0.384176969528
3	1	0.388864994049
3	1	0.394706010818
3	1	0.458967924118
3	1	0.546787977219
3	1	0.448871850967
3	1	0.371261119843
3	1	0.41777920723
3	1	0.460439920425
3	1	0.378559827805
3	1	0.433659076691
3	1	0.484300136566
3	1	0.569039106369
3	1	0.355023860931
3	1	0.442354917526
3	1	0.443448066711
3	1	0.56164598465
3	1	0.666589975357
3	1	0.433387041092
3	0	0.338657140732
3	1	0.42952299118
3	1	0.378021001816
3	1	0.426249980927
3	1	0.529428958893
3	1	0.472306966782
3	1	0.563330888748
3	1	0.570680856705
3	1	0.467299938202
3	1	0.507037878036
3	1	0.460013866425
3	1	0.489192962646
3	0	2.17051792145
3	1	0.459099054337
3	1	0.44328212738
3	1	0.48298406601
3	1	0.511996984482
3	0	1.13840007782
3	1	0.685167074203
3	1	0.489505052567
3	1	0.723258018494
3	1	0.714751005173
3	1	0.504954099655
3	1	0.492223024368
3	1	0.474005937576
3	1	0.42760181427
3	1	0.530119895935
3	1	0.530717134476
3	1	0.580393791199
3	1	0.46563911438
3	1	0.627999067307
3	1	0.46390414238
3	0	0.459229946136
3	1	0.724472999573
3	1	1.02636599541
3	1	0.459228038788
3	0	0.498217105865
3	1	0.929030179977
3	1	0.676995038986
3	1	0.489223003387
3	1	0.466340065002
3	1	0.570401191711
3	1	0.708239078522
3	1	0.651582956314
3	1	0.473378896713
3	1	0.610363006592
3	1	0.508000135422
3	1	0.548251867294
3	1	0.489236831665
3	0	0.51592206955
3	1	0.7317237854
3	1	0.456501960754
3	1	0.491101026535
3	1	0.459763050079
3	1	0.498829841614
3	1	0.617015838623
3	1	0.668217897415
3	1	0.504770994186
3	0	1.5639770031
3	1	0.641509056091
3	1	0.402395009995
3	1	0.467949867249
3	1	0.476819992065
3	1	0.505659103394
3	1	0.450891017914
3	1	0.570574045181
3	1	0.498260974884
3	1	0.472310066223
3	1	0.587044000626
3	1	0.401340961456
3	1	0.395111083984
3	1	0.39529299736
3	0	0.403519868851
3	1	0.394016981125
3	1	0.386412143707
3	1	0.460383176804
3	1	0.482123851776
3	1	0.580107927322
3	1	0.46741604805
3	1	0.49147605896
3	0	0.641381025314
3	1	0.586116075516
3	1	0.433995008469
3	1	0.40332698822
3	1	0.55619096756
3	0	1.28920602798
3	1	0.428108215332
3	1	0.402306079865
3	1	0.393401861191
3	1	0.404727935791
3	1	0.418198108673
3	1	0.532758951187
3	1	0.4724650383
3	1	0.508816957474
3	1	0.434672832489
3	1	0.770317792892
3	1	0.897603988647
3	1	0.46506690979
3	1	0.450360059738
3	1	0.465939998627
3	1	0.418119907379
3	1	0.539332151413
3	1	0.449903011322
3	1	0.460539102554
3	1	0.50473690033
3	1	0.500971078873
3	1	0.558968067169
3	1	0.42812204361
3	1	0.496780872345
3	1	0.443779945374
3	1	0.432690143585
3	1	0.387469768524
3	1	0.49264383316
3	1	0.452931165695
3	1	0.661427021027
3	1	0.3948969841
3	0	0.427084922791
3	1	0.491641044617
3	1	1.94460201263
2	1	0.634653091431
2	1	1.14613604546
2	0	0.684304952621
2	1	0.673901081085
2	1	2.35391807556
2	1	0.459973096848
2	1	0.394637107849
2	1	0.386537075043
2	1	0.434844970703
2	0	0.458333015442
2	0	0.672518014908
2	1	0.54731798172
2	0	0.570779085159
2	1	0.53093791008
2	0	0.545279026031
2	0	0.637513875961
2	1	0.577329874039
2	1	0.434546947479
2	0	0.716209173203
2	1	3.90489387512
2	1	0.499324083328
2	0	0.484188079834
2	0	1.5220208168
2	0	1.72936701775
2	1	4.46664714813
2	1	1.30509305
2	1	0.700098991394
2	1	0.640629053116
2	1	0.523430109024
2	1	0.420731067657
2	1	0.450794219971
2	0	0.64079618454
2	1	0.529741048813
2	0	0.507100105286
2	1	1.75543808937
2	1	0.512791156769
2	1	0.393805980682
2	0	0.42809510231
2	1	0.385469913483
2	1	0.400938987732
2	1	0.350487947464
2	0	0.329332113266
2	0	0.425687074661
2	1	0.668968915939
2	1	0.505780935287
2	1	0.458415985107
2	0	0.740305900574
2	1	0.739208936691
2	1	0.56936788559
2	1	0.523347854614
2	1	0.548967123032
2	1	0.479593992233
2	1	0.426320075989
2	1	0.48353600502
2	1	0.419669866562
2	1	0.465389966965
2	1	0.482492923737
2	1	0.408263921738
2	1	0.412786006927
2	1	0.426483869553
2	1	0.418585062027
2	1	0.40944981575
2	1	0.443140983582
2	1	0.387866973877
2	1	0.459466934204
2	1	0.459728956223
2	1	0.530353069305
2	1	0.458935022354
2	1	0.476104021072
2	1	0.434830188751
2	1	0.490013837814
2	0	0.386876106262
2	1	0.55353307724
2	1	1.37133193016
2	1	0.506578922272
2	1	0.568670988083
2	1	0.49205493927
2	1	0.659440040588
2	1	0.544085979462
2	0	0.843549013138
2	1	1.69168186188
2	1	0.696370840073
2	1	0.525474071503
2	1	2.49078798294
2	1	0.632309913635
2	1	0.618857145309
2	0	0.748438835144
2	1	0.770443916321
2	1	1.20177412033
2	1	0.562563896179
2	1	0.530966997147
2	1	0.491154193878
2	1	2.42663478851
2	1	0.665741205215
2	1	1.8604619503
2	1	0.434287071228
2	1	0.465797901154
2	0	0.39773607254
2	0	0.304879903793
2	1	0.338123083115
2	1	0.387704133987
2	1	0.418320178986
2	1	0.48147892952
2	0	0.433352947235
2	1	0.555688142776
2	1	0.411770105362
2	1	0.419614076614
2	1	0.657275915146
2	1	0.473028898239
2	1	0.452471017838
2	1	0.465446949005
2	1	0.452237129211
2	1	0.481708049774
2	1	0.465893030167
2	1	0.540367841721
2	1	0.457124948502
2	1	0.426537036896
2	0	0.418972969055
2	1	0.506433010101
2	1	0.587396860123
2	1	0.579264879227
2	1	0.708472967148
2	1	0.825112819672
2	1	0.842540025711
2	1	0.796340942383
2	1	0.539000034332
2	1	0.442259073257
2	1	0.553508996964
2	1	0.48300909996
2	1	0.46897482872
2	0	0.696928977966
2	1	0.945753097534
2	1	0.564648151398
2	1	0.515254020691
2	1	0.466719865799
2	1	0.561222076416
2	1	0.460923910141
1	1	0.459655046463
1	1	0.371431827545
1	1	0.468519926071
1	1	0.440873861313
1	1	0.389683008194
1	1	0.409729957581
1	1	0.531351089478
1	1	0.419228076935
1	1	0.440433979034
1	1	0.362174034119
1	1	0.372404098511
1	1	0.402139902115
1	1	0.339432954788
1	1	0.367837905884
1	1	0.40989780426
1	1	0.403676986694
1	1	0.457792043686
1	1	0.393790960312
1	1	0.378901004791
1	1	0.525012016296
1	1	0.353651046753
1	1	0.442427873611
1	1	0.434119939804
1	1	0.354856014252
1	1	0.420210123062
1	1	0.359966039658
1	1	0.412662029266
1	1	0.360458135605
1	1	0.371233940125
1	1	0.362954854965
1	1	0.354889154434
1	1	0.409075021744
1	1	0.411810874939
1	1	0.421149969101
1	1	0.376338005066
1	1	0.364253044128
1	1	0.338782787323
1	1	0.355890989304
1	0	0.297770023346
1	1	0.402092933655
1	1	0.339735031128
1	1	0.387233972549
1	1	0.45684504509
1	1	0.388305902481
1	1	0.42659497261
1	1	0.36287689209
1	1	0.394196987152
1	0	0.346503973007
1	1	0.38768696785
1	1	0.441976070404
1	1	0.445141077042
1	0	0.370741844177
1	1	0.578627109528
1	1	0.424299001694
1	1	0.434998035431
1	1	0.421042919159
1	1	0.504890918732
1	1	0.346829891205
1	1	0.522717952728
1	1	0.467705011368
1	1	0.498251914978
1	1	0.395802974701
1	1	0.452045917511
1	1	0.344269037247
1	0	0.324858188629
1	1	0.354337930679
1	1	0.411372900009
1	1	0.399813890457
1	1	0.412940979004
1	1	0.404216051102
1	1	0.408766031265
1	1	0.524972915649
1	1	0.489542007446
1	1	0.403595924377
1	1	0.38595199585
1	1	0.466458082199
1	1	0.429569959641
1	1	0.417769908905
1	1	0.3635430336
1	1	0.441843032837
1	1	0.459103107452
1	1	0.433974981308
1	0	0.466771125793
1	1	0.466193914413
1	1	0.321925878525
1	1	0.403346061707
1	1	0.378249883652
1	1	0.506232023239
1	1	0.385587930679
1	1	0.420277833939
1	1	0.424803972244
1	1	0.346973896027
1	1	0.315417051315
1	1	0.354431152344
1	1	0.380825996399
1	1	0.55443406105
1	1	0.401068925858
1	1	0.412869930267
1	1	0.4244120121
1	1	0.400996923447
1	1	0.340402841568
1	1	0.306307077408
1	0	0.338631153107
1	1	0.36325097084
1	1	0.372018098831
1	1	0.617947101593
1	1	0.416099786758
1	0	0.435141086578
1	1	0.497164011002
1	1	0.394761800766
1	1	0.451237916946
1	1	0.403719902039
1	1	0.419369935989
1	1	0.393676042557
1	1	0.380801916122
1	1	0.392235994339
1	1	0.427527189255
1	1	0.451607942581
1	1	0.402651071548
1	1	0.377336978912
1	1	0.418385982513
1	1	0.560886859894
1	1	0.412086009979
1	1	0.425868988037
1	1	0.419592142105
1	1	0.41179394722
1	1	0.370464086533
1	1	0.459186077118
1	1	0.424947023392
1	1	0.484550952911
1	1	0.480912208557
1	1	0.403723955154
1	1	0.442002058029
1	1	0.419331789017
1	1	0.433761835098
1	1	0.4350669384
1	1	0.417409181595
1	1	0.413289070129
1	1	0.386082172394
1	1	0.459237098694
1	1	0.393360137939
1	1	0.38803601265
1	1	0.346097946167
1	1	0.315953016281
1	1	0.378561973572
1	1	0.473250865936
1	1	0.363837003708
1	0	0.410741090775
1	1	0.379451036453
1	1	0.601725816727
1	1	0.40248298645
1	1	0.40230679512
1	1	0.501708030701
1	1	0.440473079681
1	1	0.469002962112
1	1	0.473686933517
4	1	0.612501144409
4	1	0.41944694519
4	1	0.433208942413
4	1	0.419594049454
4	1	0.345300912857
4	1	0.408937931061
4	1	0.436367988586
4	1	0.515094995499
4	1	0.391778230667
4	1	0.381214857101
4	1	0.434285879135
4	1	0.571112155914
4	1	0.384613990784
4	1	0.418802976608
4	1	0.395158052444
4	1	0.402356863022
4	1	0.587532997131
4	1	0.563369989395
4	1	0.521478891373
4	1	0.473301887512
4	1	0.595561027527
4	1	0.392948865891
4	1	0.482738018036
4	0	0.372404098511
4	1	0.538544893265
4	1	0.515173912048
4	1	0.533046007156
4	1	0.41074514389
4	1	0.816889047623
4	1	0.675837993622
4	1	0.451682090759
4	1	0.377786874771
4	1	0.539880037308
4	1	0.977595806122
4	1	0.436478853226
4	1	0.529618024826
4	1	0.434586048126
4	1	0.493180990219
4	1	0.439914941788
4	1	0.371140003204
4	1	0.601193189621
4	1	0.387299060822
4	1	0.425833940506
4	1	0.356304883957
4	1	0.403082847595
4	1	0.377865076065
4	1	0.395565032959
4	1	0.385971069336
4	0	0.36940908432
4	1	0.444175958633
4	1	0.416494846344
4	1	0.532096147537
4	1	0.634280204773
4	1	0.593631982803
4	0	0.492271900177
4	1	0.432713985443
4	0	0.629033088684
4	1	0.604041814804
4	1	0.394010066986
4	1	0.378077030182
4	1	0.475901126862
4	1	0.370247125626
4	1	0.380023956299
4	1	0.488507032394
4	1	0.434107065201
4	1	0.514684915543
4	1	0.436527967453
4	1	0.401708841324
4	1	0.419762849808
4	1	0.588133096695
4	1	0.59477686882
4	1	0.442033052444
4	1	0.34087395668
4	1	0.512120962143
4	0	0.740288972855
4	0	0.417809009552
4	1	0.426909923553
4	1	0.377943992615
4	1	0.486076831818
4	1	0.392530918121
4	1	0.387734889984
4	1	0.506645917892
4	1	0.416254997253
4	1	0.467818021774
4	1	0.426203966141
4	1	0.444573879242
4	1	0.474922895432
4	1	0.418059110641
4	1	0.484837055206
4	1	0.553282022476
4	1	0.642014980316
4	1	0.42069196701
4	1	0.713158845901
4	1	0.458839893341
4	1	0.441758871078
4	0	0.459179878235
4	1	0.641360998154
4	1	0.433417081833
4	1	0.434952020645
4	1	0.460044145584
4	0	0.617471933365
4	1	0.620157957077
4	1	0.491844892502
4	1	0.424712181091
4	1	0.412631034851
4	1	0.448760032654
4	1	0.523547887802
4	1	0.570075035095
4	0	0.392335891724
4	1	1.53181314468
4	1	0.538905143738
4	1	0.432389974594
4	1	0.52915096283
4	1	0.421670913696
4	0	0.473647117615
4	1	0.707193851471
4	0	0.458082914352
4	1	0.570631980896
4	1	0.50841999054
4	1	0.499058961868
4	0	0.529068946838
4	0	0.715255022049
4	1	0.905086040497
4	1	0.554301977158
4	1	0.483450174332
4	1	0.554877996445
4	1	0.754786968231
4	0	0.698786973953
4	1	0.523662805557
4	1	0.602217197418
4	1	0.426229000092
4	1	0.409295082092
4	0	0.602680921555
4	1	0.714280128479
4	1	0.529937028885
4	1	0.467669963837
4	1	0.453210115433
4	1	0.400192022324
4	1	0.490649938583
4	0	0.371273040771
4	1	0.46524810791
4	1	0.429010868073
4	0	0.458754062653
4	1	0.61882519722
4	1	0.385422945023
4	1	0.55410194397
4	1	0.475656032562
4	1	0.456864118576
4	1	0.420774936676
7	1	0.450527906418
8	1	0.372887849808
8	1	0.463917016983
7	1	0.451687097549
7	1	0.376975059509
8	1	0.412626981735
7	1	0.482149124146
8	1	0.39426612854
8	1	0.42919588089
7	1	0.385445833206
7	1	0.380656003952
8	1	0.434725999832
7	1	0.490144014359
8	0	0.376709938049
7	1	0.386229038239
7	1	0.412967920303
7	1	0.410387992859
7	0	0.704800844193
7	1	0.459254980087
7	1	0.48317694664
8	1	0.449167013168
7	1	0.674427032471
7	1	0.579088926315
7	0	0.451756954193
8	0	0.424731969833
7	1	0.451374053955
7	1	0.467754125595
7	1	0.648185968399
8	1	0.603421926498
7	1	0.443521976471
8	1	0.424322843552
7	1	0.481775999069
7	1	1.29811286926
7	1	0.403141021729
8	1	0.394090890884
8	1	0.404720783234
8	1	0.473644971848
8	1	0.819742918015
7	1	0.456759929657
8	1	0.444113016129
7	1	0.409221887589
8	1	0.418381214142
7	1	0.411828994751
7	1	0.498768806458
8	0	0.449137926102
8	1	0.531188011169
8	1	0.658098936081
7	1	0.675459861755
7	1	0.539371967316
7	1	0.536875963211
7	1	0.402537822723
7	1	0.499216794968
8	1	0.628952026367
7	1	1.03202414513
7	1	0.499960184097
7	1	0.473654985428
7	1	0.443030118942
7	1	0.514235019684
8	1	0.460875034332
8	1	0.631269931793
7	1	0.500436067581
8	1	0.385993003845
7	1	0.450305938721
8	1	0.475308895111
7	1	0.435561180115
7	1	0.370370149612
7	1	0.428735017776
8	1	0.426104068756
8	1	0.474831104279
7	0	0.410127878189
7	0	0.724282026291
8	1	0.505295991898
8	1	0.499196052551
8	1	0.489937067032
7	1	0.44894194603
8	1	0.45984005928
8	1	0.426531076431
8	0	0.394348144531
8	1	0.38636803627
8	1	0.364730119705
7	1	0.441356897354
8	1	0.506427049637
7	1	0.859485149384
8	1	0.386505126953
7	1	0.498421192169
8	1	0.55489897728
7	1	0.47390794754
7	1	0.922300100327
8	1	0.777095079422
7	0	0.946856975555
8	1	0.553891897202
7	1	2.01641511917
8	1	0.500624895096
8	1	0.491243839264
8	1	0.511601924896
8	0	0.708518028259
7	0	0.683974027634
8	1	0.922795057297
8	1	0.512037992477
7	1	0.547963857651
7	1	0.538249969482
8	1	0.721935033798
7	1	0.498976945877
7	1	0.580742120743
7	1	0.505391836166
8	1	0.523824930191
8	1	0.48335814476
7	1	0.553599119186
7	1	0.50022983551
8	1	0.544214963913
8	0	0.538155078888
7	1	0.724874019623
7	1	1.06639695168
7	1	0.919600009918
7	1	0.55709195137
7	1	0.625581979752
8	1	0.65823507309
8	1	0.498515844345
8	0	0.400835990906
8	1	0.749566078186
7	1	0.472712993622
8	1	0.474103927612
7	1	0.466513156891
7	1	0.571191072464
7	1	0.666811943054
8	1	0.594996929169
8	1	0.44352388382
8	1	0.449568986893
7	1	0.555384874344
7	0	0.73814702034
7	1	0.537743091583
7	1	0.474613904953
8	1	0.493011951447
8	1	0.59369301796
7	1	0.556720972061
7	1	0.585400819778
8	1	0.47444486618
8	1	0.554530143738
8	1	0.508030176163
7	0	0.617822885513
7	1	0.522461891174
8	1	0.507234096527
7	1	1.65902090073
8	1	0.666743993759
7	1	0.570158004761
8	1	0.379446029663
15	1	0.866208076477
16	1	0.560022115707
16	1	0.600058078766
15	1	0.506629943848
15	0	0.706346035004
15	1	0.692919015884
15	1	0.932863950729
15	1	0.639932155609
16	1	0.639967918396
16	1	0.572968006134
16	0	1.07952404022
16	1	0.466730833054
15	1	0.679989099503
15	0	0.98620891571
15	0	0.679502010345
16	0	1.49243402481
15	1	0.879558086395
15	1	0.639763116837
16	1	1.29287290573
15	1	0.666525840759
16	0	0.612716197968
16	1	0.852740049362
16	1	1.02596592903
15	1	0.65284204483
16	1	0.89285993576
15	0	0.933025121689
16	0	1.26619911194
15	1	0.733138084412
16	1	0.546235084534
15	0	0.666126966476
16	1	0.58615899086
15	1	0.586155891418
15	1	0.559543132782
15	0	0.746335029602
15	1	0.520051002502
15	1	0.493558883667
16	1	0.560077905655
16	1	0.692931175232
15	1	0.692867040634
16	0	1.14609313011
16	1	1.18616986275
15	1	0.719997882843
15	1	0.732945203781
16	0	1.2528731823
16	1	0.679774045944
16	1	0.77271604538
15	1	0.572752952576
15	0	0.839521169662
16	1	0.746685028076
15	1	0.666105985641
15	1	0.612828969955
15	1	0.612893819809
15	1	0.786194086075
16	1	1.46616196632
16	1	0.626572132111
16	1	0.759664058685
15	0	0.759382009506
15	1	0.612911939621
15	1	0.599506139755
15	1	0.573256969452
15	1	0.799918889999
15	1	0.639663934708
16	1	0.919435977936
15	1	0.653002023697
15	1	0.599993944168
16	0	0.626500844955
15	1	0.639718055725
16	1	0.519654035568
16	0	0.559543848038
15	1	0.746234893799
16	1	0.506217002869
16	0	0.639516830444
15	1	1.67936086655
16	1	0.733211994171
15	1	0.572901964188
15	1	0.439880847931
15	1	0.892889976501
15	0	1.5457508564
15	1	1.05256605148
16	1	0.51963186264
16	1	0.706155061722
16	1	0.50618314743
15	1	0.85282087326
15	1	0.559998989105
15	1	0.506608963013
16	0	0.706717014313
15	0	1.41286611557
15	1	0.586669921875
16	1	0.706022024155
15	1	0.706294059753
16	1	0.852915048599
15	1	0.826256036758
15	0	1.07947683334
15	1	0.653481960297
16	0	1.43955302238
15	0	0.799635887146
16	1	0.82609295845
16	1	1.59898591042
16	0	2.55864810944
16	1	0.50665307045
16	1	0.586636066437
15	1	0.706696033478
16	1	0.759523153305
16	1	0.586157083511
15	0	0.852833986282
15	1	0.919788122177
15	1	1.27952194214
15	1	0.613426923752
16	1	0.586444139481
16	0	0.5461769104
15	0	1.15959596634
15	1	1.09274601936
16	1	0.786089897156
16	1	0.546693086624
16	1	0.799870967865
15	0	0.986337900162
15	1	0.532998085022
16	0	0.653184175491
16	1	0.773377180099
15	1	0.519872903824
16	1	0.732831001282
16	1	0.692850112915
16	1	0.519468069077
15	0	0.706233978271
15	1	0.626668930054
16	1	0.573235034943
16	1	0.520018815994
15	1	0.666238069534
16	1	0.559600114822
15	1	0.532837152481
15	1	0.546232938766
11	1	0.253330230713
11	1	0.453179121017
11	1	0.453118085861
11	1	0.559649944305
11	1	0.493458032608
11	1	0.426545143127
11	1	0.43958902359
11	1	0.412818908691
11	1	0.466258049011
11	1	0.4794049263
11	1	0.57297205925
11	1	0.732854127884
11	1	0.58665394783
11	1	0.53345990181
11	1	0.453357934952
11	1	0.506762981415
11	1	0.439934968948
11	1	0.440003156662
11	1	0.426728963852
11	1	0.639994859695
11	0	0.799848079681
11	1	0.559543848038
11	1	0.812952041626
11	0	0.679590940475
11	1	0.653301954269
11	1	0.573387861252
11	1	0.493371009827
11	1	0.533382177353
11	1	0.479916095734
11	1	0.49324798584
11	1	0.666309833527
11	1	0.453155040741
11	0	0.612855911255
11	1	0.466201066971
11	1	0.479473114014
11	1	0.586225986481
11	1	0.679533004761
11	1	0.506249904633
11	1	0.586122989655
11	0	0.786177158356
11	0	0.852844953537
11	1	0.532876014709
11	0	0.852794885635
11	0	0.986176013947
11	0	0.533004045486
11	1	1.29278802872
11	1	0.772836923599
11	1	0.639559030533
11	1	0.919512033463
11	1	0.999505996704
11	1	0.69277715683
11	1	0.492828130722
11	1	0.466292858124
11	0	0.466092824936
11	1	1.19908595085
11	1	0.492963075638
11	1	0.772906064987
11	0	0.826216936111
11	1	0.506688117981
11	1	0.56015920639
11	1	0.626655817032
11	1	0.679358959198
11	1	0.706243991852
11	1	0.626145124435
11	1	0.679600954056
11	1	1.59944200516
11	1	0.546679973602
11	1	0.519953012466
11	1	0.679909944534
11	1	0.546402931213
11	1	0.786128997803
11	1	0.559569835663
11	1	0.586098194122
11	1	0.479662895203
11	1	0.679530143738
11	1	0.439993858337
11	1	0.49321103096
11	0	0.693308115005
11	1	0.46666097641
11	1	0.586749792099
11	1	0.506592035294
11	1	1.22603297234
11	1	1.23949384689
11	0	0.692723035812
11	1	0.799949884415
11	1	0.999494075775
11	1	0.679432868958
11	1	1.17262792587
11	1	1.51893091202
11	1	0.652804851532
11	1	0.93289399147
11	0	2.67859601974
11	1	0.506208896637
11	1	0.546169042587
11	0	0.612706899643
11	0	0.639532089233
11	1	0.572861909866
11	0	0.839601039886
11	1	1.35944914818
11	1	0.733253002167
11	1	0.612939119339
11	1	0.466372013092
11	1	0.59949016571
11	1	0.666155815125
11	1	0.639453887939
11	1	0.639506101608
11	1	0.853359937668
11	1	0.852849006653
11	1	0.666140079498
11	1	0.7196829319
11	1	1.05284714699
11	1	0.786169052124
11	1	0.65328502655
11	1	0.559926986694
11	1	0.533295869827
11	1	0.506620168686
11	1	0.586701154709
11	1	0.786202907562
11	1	0.82622885704
11	0	1.99903702736
11	1	0.599472045898
11	1	0.479444980621
11	1	0.546247959137
11	1	0.466099023819
11	1	0.452710151672
11	0	0.719509124756
11	1	0.586148023605
11	0	0.932986974716
11	0	0.719479084015
11	1	0.546150922775
11	1	0.559536933899
11	0	0.559505939484
11	0	1.18591690063
11	1	1.69228196144
11	1	0.82613992691
11	1	0.746618032455
10	0	0.81289100647
10	1	0.466096878052
10	1	0.532763004303
10	1	0.519440889359
10	1	0.51953792572
10	1	0.492802143097
10	1	0.53284907341
10	1	0.506201982498
10	1	0.532974004745
10	1	0.599596977234
10	1	0.612842798233
10	1	0.439885139465
10	1	0.54634809494
10	1	0.573194026947
10	1	0.506775856018
10	0	0.680011987686
10	1	0.866245985031
10	1	0.692823886871
10	0	0.452868938446
10	1	0.572961091995
10	1	0.479426860809
10	0	0.506221055984
10	1	0.759451150894
10	1	0.58668088913
10	1	0.493299007416
10	0	1.27952599525
10	1	0.986219882965
10	1	0.719483137131
10	0	0.612750053406
10	1	0.972862958908
10	1	0.493228912354
10	1	0.7594871521
10	1	0.826168060303
10	1	0.519762992859
10	1	0.613246917725
10	1	0.773310184479
10	1	0.519956111908
10	1	0.626229047775
10	1	0.626228809357
10	1	1.29243898392
10	1	0.546048879623
10	1	0.692862987518
10	1	0.572776079178
10	1	0.759578943253
10	1	0.62667798996
10	1	0.679985046387
10	1	0.54648399353
10	0	3.19850897789
10	1	0.852837085724
10	1	0.54613494873
10	1	1.29283022881
10	1	0.493335008621
10	1	0.55980014801
10	0	0.439927816391
10	0	0.506656169891
10	0	0.812765836716
10	1	1.2258541584
10	0	0.919524908066
10	0	0.652724981308
10	0	0.55997800827
10	0	2.57243299484
10	1	0.719962120056
10	0	1.17289209366
10	1	1.77290606499
10	1	0.999494075775
10	1	1.86563014984
10	1	0.892730951309
10	0	0.559541940689
10	0	0.612890005112
10	0	0.546241998672
10	1	0.479426860809
10	1	0.799526929855
10	1	0.50664806366
10	1	3.18519997597
10	1	0.599523067474
10	1	0.573267936707
10	1	0.653330087662
10	0	0.759608030319
10	1	0.47972202301
10	1	0.49302983284
10	1	0.426515102386
10	1	0.692800045013
10	1	0.479567050934
10	1	0.49290895462
10	0	0.452846050262
10	0	0.732797145844
10	1	1.09285902977
10	1	0.53316617012
10	1	0.826158046722
10	1	1.07953214645
10	1	1.97235417366
10	1	0.759508132935
10	1	0.586782217026
10	1	0.719795942307
10	1	0.426733970642
10	0	0.493357896805
10	1	0.599694013596
10	1	0.493004798889
10	1	0.546175003052
10	1	0.586173057556
10	1	0.599563121796
10	0	0.75954914093
10	1	0.77330493927
10	1	0.586807012558
10	1	1.99905610085
10	0	0.586222171783
10	1	0.839888095856
10	1	0.440033912659
10	0	0.693140983582
10	1	0.519737005234
10	1	0.572926998138
10	1	3.61139798164
10	1	0.559501171112
10	1	0.652765989304
10	1	0.46627497673
10	0	1.79901385307
10	0	0.386708974838
10	1	0.653390169144
10	1	1.55953121185
10	1	0.466643095016
10	1	0.58664894104
10	1	0.986090183258
10	1	1.47897195816
10	0	0.972740888596
10	1	0.959524869919
10	0	0.452936172485
10	1	0.812970876694
10	0	0.439991235733
10	1	0.666661024094
10	0	0.972899198532
9	1	0.533282995224
9	1	0.560017108917
9	1	0.600003957748
9	1	0.479984998703
9	1	0.493268013
9	1	0.426717042923
9	1	0.439970970154
9	1	0.453390836716
9	1	0.466578006744
9	1	0.639964103699
9	1	0.439894914627
9	1	0.493427991867
9	0	0.426774978638
9	1	0.573330163956
9	1	0.42658495903
9	1	0.453340053558
9	1	0.720000982285
9	0	0.426637172699
9	1	0.559997081757
9	1	0.546677827835
9	1	0.919566869736
9	1	0.559547901154
9	1	0.479507923126
9	1	0.412892103195
9	1	0.492805957794
9	1	0.47950720787
9	1	0.466073036194
9	1	0.65293097496
9	1	0.679558038712
9	1	0.479880094528
9	1	0.493389844894
9	0	0.839829921722
9	1	0.480017900467
9	1	0.466599941254
9	0	0.466801166534
9	1	0.466708898544
9	1	0.586663961411
9	1	0.453429937363
9	1	0.466682910919
9	1	0.426738977432
9	0	0.70655798912
9	0	0.413277864456
9	1	0.479959964752
9	0	0.93282699585
9	1	0.466044902802
9	1	0.519453048706
9	1	0.439487934113
9	1	0.466241121292
9	1	0.506057024002
9	1	0.572821855545
9	0	0.506224870682
9	0	0.932895183563
9	1	0.733242988586
9	0	0.58611702919
9	1	1.37272119522
9	1	0.506447076797
9	0	0.826319217682
9	0	1.31903004646
9	0	1.10626387596
9	1	1.0528550148
9	1	0.759433031082
9	1	1.35948514938
9	1	4.58429980278
9	1	0.55992102623
9	1	0.653381824493
9	1	0.520054101944
9	1	0.573409795761
9	1	0.480003118515
9	1	0.652881860733
9	0	0.519549846649
9	1	0.493007898331
9	0	0.492871999741
9	0	0.692894935608
9	1	0.426157951355
9	0	0.492789030075
9	0	0.546170949936
9	1	0.466193199158
9	1	0.692802906036
9	0	0.772872209549
9	1	0.70671081543
9	1	0.48003411293
9	1	0.439969062805
9	1	0.732877016068
9	1	0.679502010345
9	1	0.559648036957
9	1	0.65288901329
9	0	0.786321163177
9	1	0.852641105652
9	0	0.626152992249
9	0	0.786214828491
9	1	0.586602926254
9	0	0.680045843124
9	1	0.959519863129
9	1	0.959553956985
9	1	0.999372005463
9	1	1.33238101006
9	1	1.01289200783
9	0	0.573506116867
9	1	0.586620092392
9	0	0.53332901001
9	1	0.852989196777
9	0	0.932902097702
9	1	1.11945509911
9	0	3.33129501343
9	0	1.71904611588
9	0	0.906080961227
9	1	0.586791992188
9	0	0.719496965408
9	1	0.466154813766
9	1	0.559528827667
9	0	0.532798051834
9	1	0.626287937164
9	1	0.87954211235
9	1	0.546576976776
9	1	0.573304176331
9	1	0.599910020828
9	0	0.746192932129
9	1	0.5862159729
9	1	0.519551992416
9	1	0.572918891907
9	0	0.559462070465
9	1	0.519632101059
9	1	0.546402215958
9	1	1.02604007721
9	1	0.413097858429
9	1	0.559627056122
9	1	0.452985048294
9	1	0.852699995041
9	0	0.612815856934
9	1	0.653030157089
9	1	0.706719875336
9	1	0.506732940674
9	0	0.586512088776
9	1	1.71900415421
9	0	1.22617220879
13	1	0.786643028259
14	1	0.480025053024
13	0	0.65296792984
13	1	0.479563951492
13	1	0.479753017426
14	1	0.47976398468
13	1	0.439960002899
13	1	0.533316135406
13	1	0.493259191513
13	1	0.586275100708
13	0	1.0260989666
14	1	0.733273029327
14	1	1.27954101562
14	1	0.760076999664
13	0	0.87948012352
14	1	1.33226299286
13	1	0.572851896286
14	0	0.532850027084
14	1	0.559568881989
13	1	0.54612493515
13	1	0.332851886749
14	0	0.319670915604
14	1	0.586088895798
14	1	0.452805995941
13	1	0.572901964188
14	0	0.506194114685
14	0	0.559459924698
14	0	2.37185096741
13	0	1.865639925
14	0	1.27911615372
13	0	1.09287405014
13	1	0.652951955795
14	1	0.626148939133
13	1	0.75957608223
13	1	0.612900972366
13	0	1.93272900581
14	1	0.493098974228
14	1	1.026252985
14	1	1.14599895477
13	1	2.35856604576
13	0	0.999545097351
14	1	0.840007781982
14	0	0.986166954041
13	1	0.892853975296
14	1	0.693125009537
13	1	0.839597940445
14	1	0.666119098663
13	1	1.42607688904
14	0	0.586237192154
14	1	0.679899930954
14	0	0.733349084854
14	1	1.17282485962
13	1	0.626692056656
14	1	0.772912025452
14	0	1.90567994118
13	1	0.559725999832
13	1	0.733114004135
13	1	3.65180206299
13	1	0.466560840607
13	1	0.586533069611
13	1	3.42518901825
14	1	0.453229188919
13	1	0.49329996109
13	0	0.386618852615
13	0	0.879486083984
13	0	0.639451980591
14	1	0.612927913666
13	0	0.506278991699
13	0	0.612904071808
13	1	0.932975053787
13	1	1.1861371994
13	0	0.706633090973
13	1	1.47957587242
14	1	0.480026960373
14	1	0.48001909256
14	0	0.852843999863
14	0	3.38463711739
13	1	0.559534788132
14	1	0.572808980942
14	1	0.532876968384
13	1	0.559545040131
14	0	0.932835817337
14	1	0.666333913803
13	1	0.8794298172
13	1	0.519556045532
13	0	0.586144924164
13	1	1.51918077469
13	1	0.506530046463
14	0	0.61333990097
13	1	0.57327914238
13	1	0.626465082169
14	1	1.14628601074
13	0	1.18606305122
14	1	2.13231611252
14	0	1.47943401337
14	1	1.02611899376
13	1	0.746119976044
14	0	0.53332901001
13	1	1.03944087029
13	1	0.559487104416
13	1	0.50617313385
14	1	0.732797861099
14	1	0.839846134186
14	1	0.533370018005
14	1	0.479991912842
14	1	0.626251935959
13	0	0.946191072464
13	1	2.63886904716
14	1	0.986048936844
14	0	0.839432954788
13	0	1.99891090393
14	1	0.559516906738
13	0	0.546185016632
14	1	0.5860850811
14	1	0.572737932205
14	0	0.852752923965
13	0	0.653349876404
13	1	0.439968824387
13	1	0.546627044678
14	0	0.892642021179
13	1	1.37233400345
14	0	0.65271282196
13	1	0.626088857651
13	1	0.506184101105
14	1	0.493008852005
12	1	0.439921855927
12	1	0.546581983566
12	1	0.493402957916
12	0	0.480041027069
12	1	0.586656093597
12	1	0.520080089569
12	0	0.413144111633
12	1	0.546610832214
12	1	0.479976892471
12	0	1.10617613792
12	1	0.933089017868
12	1	1.69226098061
12	1	0.519460916519
12	1	0.692800045013
12	0	0.572726964951
12	1	0.732809066772
12	1	0.799598932266
12	1	0.786151170731
12	1	0.972793102264
12	0	0.626668930054
12	1	0.519849061966
12	1	0.706146001816
12	1	0.972831964493
12	0	0.98620891571
12	0	2.54513502121
12	1	1.23950195312
12	1	0.679442882538
12	0	1.02614402771
12	1	0.600015878677
12	1	0.693196058273
12	1	0.612863063812
12	1	0.772840023041
12	0	0.852738857269
12	0	0.61324596405
12	0	0.480112075806
12	1	0.506669998169
12	1	0.506611824036
12	1	0.520006895065
12	0	0.679697990417
12	1	0.626113176346
12	1	0.612781047821
12	1	0.519545078278
12	1	0.786110162735
12	0	0.533256053925
12	0	0.892891168594
12	1	0.906095981598
12	1	0.519637823105
12	1	0.533094882965
12	1	0.506614923477
12	1	0.880053043365
12	1	0.51987195015
12	0	0.732913970947
12	1	1.50563502312
12	0	0.559533119202
12	1	0.55949306488
12	1	0.412785053253
12	0	0.466133832932
12	0	0.692785024643
12	1	0.57288479805
12	0	1.27933812141
12	1	4.07802915573
12	1	0.559798002243
12	1	0.732931137085
12	1	2.41192293167
12	0	2.61198186874
12	0	1.73234200478
12	0	2.45208406448
12	1	0.826246023178
12	1	1.63944816589
12	1	0.49334192276
12	1	0.58628988266
12	0	0.519514799118
12	1	0.719590902328
12	1	0.479542016983
12	0	0.599562168121
12	0	0.506191968918
12	1	0.559705018997
12	1	1.0526740551
12	1	0.652888774872
12	1	0.73289513588
12	1	0.626196861267
12	0	1.47955989838
12	1	2.30563402176
12	0	0.559473991394
12	1	1.02607297897
12	0	0.572787046432
12	1	0.799482107162
12	1	0.532885074615
12	1	0.559538125992
12	1	1.18585109711
12	1	0.532890796661
12	1	0.559527873993
12	1	0.466282129288
12	1	0.466187953949
12	1	0.466251134872
12	0	0.599436044693
12	1	2.21207690239
12	1	1.29276490211
12	1	0.493304014206
12	1	0.653174161911
12	0	0.559705972672
12	1	2.97181200981
12	1	0.69305896759
12	1	0.453305006027
12	0	0.4666659832
12	1	0.493283987045
12	1	0.506627082825
12	1	0.720054149628
12	1	0.240071058273
12	0	0.266762971878
12	1	0.772773981094
12	1	0.466634988785
12	0	0.653337955475
12	0	1.38622093201
12	0	1.14617490768
12	1	0.972784996033
12	1	1.19956111908
12	0	0.733308076859
12	0	1.57284116745
12	0	6.74324607849
12	1	0.626183986664
12	0	0.559486865997
12	1	0.812867879868
12	1	0.680105924606
12	1	0.413301944733
13	1	0.532811880112
13	1	0.479520082474
13	0	0.666121006012
13	0	0.732800006866
13	1	0.773313045502
13	0	0.919482946396
13	1	0.532835960388
13	1	0.692692041397
14	1	0.640053987503
13	1	0.586714982986
13	1	0.479844093323
13	1	0.39996099472
13	1	0.479995965958
14	1	0.413393974304
14	1	0.453348875046
14	0	0.5066010952
14	1	0.586606025696
13	1	0.533352136612
13	1	0.53334903717
14	1	0.559937953949
13	1	0.560019016266
13	1	0.692867040634
13	1	0.61277794838
14	1	0.679465055466
13	1	0.586076021194
13	1	0.599747896194
13	0	0.546652078629
14	1	0.613298177719
14	1	0.573437929153
14	1	0.613090991974
13	1	0.572887897491
13	1	0.612830877304
13	1	0.839536190033
14	1	0.693181991577
14	1	0.586627960205
14	0	0.693049192429
13	1	0.572914123535
13	1	0.559459924698
13	0	0.706035852432
14	0	2.31844997406
14	1	0.986074924469
14	1	0.493402004242
14	1	0.533322095871
14	1	0.573311805725
14	1	0.546730995178
14	1	0.706228017807
14	1	0.879646062851
13	1	1.55924701691
13	0	0.773169994354
13	0	0.65313911438
13	1	7.36988592148
13	0	4.15804004669
14	1	0.586565971375
14	1	5.78422212601
13	0	0.626271009445
13	0	0.666124105453
13	0	0.372833013535
13	1	0.892912864685
14	1	0.626439094543
14	1	0.479933023453
14	1	0.440066099167
14	1	0.51988697052
14	1	0.786737918854
14	0	1.61254310608
13	1	2.02572202682
13	1	2.15887999535
13	0	0.586097002029
14	0	0.492885828018
14	1	0.492882966995
14	1	0.972887992859
13	1	0.493273973465
13	1	0.520036220551
13	0	2.26569700241
14	0	0.453325033188
13	0	0.733177185059
13	1	0.573271036148
14	0	0.506709098816
13	0	1.35956287384
14	1	1.05282306671
13	1	3.78466892242
13	1	0.919667959213
14	1	0.772827148438
14	1	0.519572973251
14	1	1.05278515816
13	0	0.586380958557
13	1	0.63942193985
14	1	0.559421062469
13	0	0.772825956345
14	0	0.719691991806
14	1	0.87948513031
14	1	0.639503955841
13	1	1.25262880325
14	1	0.55958199501
14	1	0.559540987015
13	1	0.866166114807
13	0	0.933031082153
14	1	0.866199970245
13	0	0.812911987305
14	1	0.653352975845
13	1	0.560039997101
14	1	0.61318898201
14	1	0.533055067062
13	1	0.612823963165
13	1	0.732782125473
14	0	0.81289100647
13	1	0.653291940689
14	1	0.546711206436
13	0	0.812876939774
13	0	1.71903705597
13	0	0.692826032639
14	1	0.653439998627
14	1	0.90623998642
14	0	1.11954689026
13	1	3.45191383362
13	0	5.14422512054
14	1	0.732934951782
14	1	0.413311004639
13	1	0.666660785675
13	1	0.439999103546
14	1	0.519942045212
14	1	0.533315181732
14	1	0.746151924133
15	1	0.506717920303
15	1	0.520088911057
16	0	0.506689071655
15	1	0.613412857056
15	1	0.866145133972
15	1	0.719472169876
16	1	0.533107995987
15	1	0.493137121201
15	0	0.599885940552
15	1	0.560026884079
15	0	0.546636104584
15	1	0.586780071259
16	1	0.892925024033
16	1	0.959502220154
15	1	0.519996166229
15	1	0.666686058044
16	0	0.506755828857
15	1	0.599630832672
15	1	0.532829046249
15	0	0.58610701561
15	1	0.532857894897
15	1	0.492850065231
16	1	0.466192960739
15	1	0.506078958511
16	0	0.506197929382
16	1	0.852880001068
15	1	0.68009519577
15	0	0.972801923752
16	0	0.639402151108
16	1	0.559508085251
16	1	0.55953502655
15	1	0.506311893463
16	1	0.9330971241
16	0	0.5596139431
15	1	0.559505224228
16	1	0.986187934875
16	1	0.893033027649
15	0	0.799518108368
16	1	0.706142902374
16	0	0.986182928085
15	1	0.679478883743
16	1	0.572777032852
16	1	0.732708930969
15	1	1.23930501938
15	1	0.639497041702
15	1	0.799471139908
15	0	0.666642904282
16	1	0.986140966415
15	1	0.73282289505
15	1	1.39957809448
16	1	1.06601285934
16	1	2.30559515953
16	1	0.559829950333
16	1	0.59946513176
16	1	0.652750968933
16	1	0.47949886322
16	1	1.1461379528
15	0	0.812876939774
15	1	1.01289200783
16	0	0.666630029678
15	0	0.79953122139
16	1	0.679515838623
15	1	0.546040058136
15	1	0.572890043259
15	0	0.519773960114
16	1	0.453123092651
15	1	0.466357946396
16	1	0.453006982803
15	0	0.519478082657
16	1	0.812868118286
15	1	0.812889814377
15	0	2.14560413361
16	1	0.560019016266
16	1	1.50607013702
16	1	0.546649932861
16	1	0.440029859543
16	1	0.479956865311
15	1	0.466686964035
15	1	0.732875108719
15	1	0.706228971481
16	1	0.546227931976
15	0	0.572825908661
15	1	0.492807149887
15	1	0.746155023575
16	1	0.519925117493
15	0	0.653337001801
16	1	0.639932155609
16	1	0.519809007645
16	0	0.599482059479
16	0	0.719535827637
15	1	0.759485960007
16	1	1.05274581909
15	1	1.21280884743
15	1	1.18615412712
16	1	0.693300962448
16	1	0.639976024628
15	0	0.799452066422
15	0	0.852877140045
15	1	0.773325920105
15	1	0.706129074097
16	1	1.71896719933
15	0	1.38576793671
16	1	0.679430961609
16	1	0.54612493515
15	1	0.412825107574
15	0	0.439530849457
15	1	0.586114883423
16	1	0.546116828918
15	1	0.599597930908
16	1	0.613348007202
16	1	0.479918956757
15	0	0.466592073441
15	1	0.493409156799
15	0	0.54679107666
16	1	0.480009078979
16	0	0.55995798111
15	1	0.533313035965
16	1	0.586585044861
15	1	1.03951311111
15	0	2.30515313148
16	1	2.1857509613
15	0	1.43960213661
15	1	0.653020143509
16	0	0.812834978104
16	0	0.586310863495
15	1	1.62572789192
16	0	3.85178089142
16	1	2.89179897308
15	1	1.46555089951
17	1	0.429275989532
17	1	0.64982008934
17	1	0.404366970062
17	0	0.626361846924
17	1	0.443873882294
17	1	0.363901138306
17	1	0.514706134796
17	1	0.475250959396
17	1	0.553952932358
17	1	0.508450031281
17	1	0.627384901047
17	1	0.489463090897
17	0	1.06187105179
17	0	0.683414936066
17	1	0.496514081955
17	0	0.673837900162
17	1	0.579843044281
17	1	0.651470899582
17	0	0.546391963959
17	0	0.658246994019
17	1	0.540296077728
17	1	0.475612878799
17	1	0.604202032089
17	1	0.529271125793
17	1	0.788537979126
17	1	1.02602481842
17	1	2.76366996765
17	1	0.649210929871
17	1	0.531584024429
17	1	0.49862909317
17	1	0.73174905777
17	1	0.595721960068
17	1	0.586910963058
17	1	0.691891908646
17	1	0.508151054382
17	1	0.627722978592
17	1	0.514266967773
17	1	0.70018696785
17	1	0.722831964493
17	1	0.699934005737
17	1	0.48118686676
17	1	0.555208921432
17	1	0.539849042892
17	1	0.586736917496
17	1	0.53927397728
17	1	0.643890857697
17	1	0.570842027664
17	1	0.547560930252
17	1	0.554119825363
17	1	0.620105981827
17	1	0.867267131805
17	0	0.466274023056
17	1	0.475646018982
17	1	1.290102005
17	1	0.517766952515
17	1	0.488778114319
17	1	0.555938959122
17	1	0.498514175415
17	1	0.490854978561
17	1	0.573820114136
17	1	0.561231136322
17	1	0.572144985199
17	1	0.552497148514
17	1	0.66698718071
17	1	0.476147890091
17	1	0.755303144455
17	0	0.724714994431
17	1	1.58604097366
17	1	0.858237028122
17	1	0.508856058121
17	1	0.497157812119
17	1	0.507081985474
17	1	1.0776219368
17	1	0.514909982681
17	1	0.537407159805
17	0	0.652857065201
17	0	1.7388689518
17	1	0.659080982208
17	1	0.842559099197
17	1	0.716403961182
17	1	0.479902029037
17	1	0.570635080338
17	1	0.597324848175
17	1	0.545424938202
17	1	0.484899044037
17	1	0.499660015106
17	1	0.547367811203
17	1	0.497621059418
17	1	0.62859916687
17	0	0.788056850433
17	0	0.578682899475
17	1	0.532155036926
17	1	0.539973020554
17	1	0.650991201401
17	1	0.41908788681
17	1	0.386519908905
17	1	0.499905109406
17	1	0.441354036331
17	1	0.490172863007
17	1	0.778588056564
17	1	0.473798036575
17	0	0.668213129044
17	1	0.69167304039
17	1	0.442831993103
17	1	0.512591123581
17	1	0.443958997726
17	1	0.348453998566
17	1	0.488955974579
17	1	0.42774105072
17	0	0.355156898499
17	1	0.54597401619
17	0	0.523895025253
17	1	0.892059803009
17	1	0.555743932724
17	1	0.466559886932
17	1	0.491963148117
17	1	0.545734167099
17	1	0.5150578022
17	0	1.24612402916
17	1	0.433746099472
17	1	0.506701946259
17	1	0.441876888275
17	1	0.629487991333
17	1	0.769285917282
17	1	0.554790019989
17	1	0.54632806778
17	1	0.581715106964
17	1	0.529084920883
17	0	0.499311208725
17	1	0.523553133011
17	0	0.684398889542
17	1	0.507136106491
17	1	0.556298017502
17	1	0.448905944824
17	1	0.420291900635
17	1	0.579320907593
17	1	0.460613012314
17	1	1.03251504898
17	1	0.501067876816
17	0	0.3394510746
19	0	0.612642049789
19	1	0.58615899086
19	1	0.885272026062
19	1	0.482772827148
19	1	0.483306884766
19	1	0.396259069443
19	1	0.498907089233
19	1	0.425902843475
19	1	0.452543973923
19	1	0.409603118896
19	0	0.523369073868
19	1	0.441706180573
19	1	0.459233999252
19	1	0.433946847916
19	1	0.699229955673
19	1	0.39352107048
19	0	0.652054071426
19	0	0.386069059372
19	0	0.419533014297
19	0	0.467144012451
19	1	0.388284921646
19	1	0.418427944183
19	1	0.540544986725
19	0	0.449528217316
19	1	0.651614904404
19	1	0.675497055054
19	1	0.899310112
19	1	0.906121015549
19	0	0.468215942383
19	1	0.651500940323
19	1	0.657800197601
19	0	0.99474811554
19	1	0.714735984802
19	0	0.7697930336
19	1	0.900305986404
19	1	0.874435901642
19	0	0.499812841415
19	1	0.522700071335
19	1	0.449928998947
19	1	0.444305896759
19	0	0.690775156021
19	1	0.704916000366
19	1	0.451539993286
19	1	0.581265926361
19	1	0.507485866547
19	1	0.59429693222
19	1	0.488988161087
19	1	0.499656200409
19	1	0.467296123505
19	1	0.531132936478
19	1	0.612715005875
19	1	0.456148147583
19	1	0.498700857162
19	1	0.530593156815
19	0	0.626755952835
19	1	0.483152151108
19	1	0.467876911163
19	1	0.443458795547
19	1	0.474757909775
19	0	0.642790079117
19	1	0.619916915894
19	0	0.586869955063
19	1	0.588152170181
19	1	0.474337100983
19	1	0.609241962433
19	1	0.571670055389
19	1	0.444466114044
19	1	0.762116909027
19	0	0.724522829056
19	1	1.63407588005
19	1	0.515363931656
19	1	0.499290943146
19	1	1.28136992455
19	1	0.826761007309
19	1	0.555269002914
19	0	0.890830039978
19	1	0.76458978653
19	1	0.43706202507
19	0	0.608599185944
19	1	0.643542051315
19	1	0.620220184326
19	1	1.21065402031
19	1	0.6747610569
19	0	0.788628101349
19	1	0.897104978561
19	1	0.531056165695
19	1	0.557296037674
19	0	0.601448059082
19	0	1.71505093575
19	1	1.16230797768
19	0	1.18117713928
19	1	0.785129070282
19	1	1.16308403015
19	0	2.3805680275
19	1	1.14596199989
19	1	1.45730996132
19	1	1.57112908363
19	1	0.890902042389
19	0	1.03728604317
19	1	0.698663949966
19	1	0.609492063522
19	0	1.17211508751
19	1	1.07462501526
19	1	0.946259975433
19	1	0.618368148804
19	1	0.858352899551
19	1	0.482923030853
19	1	0.644490003586
19	1	0.505261898041
19	1	0.650986909866
19	1	0.549152135849
19	1	0.745973110199
19	1	0.490697860718
19	1	0.498867034912
19	1	0.778833150864
19	1	0.674373865128
19	1	0.500504970551
19	1	0.458482027054
19	0	0.748418092728
19	1	0.672810077667
19	1	0.522279977798
19	1	0.907076835632
19	1	0.475629091263
19	1	1.26677489281
19	0	0.897237062454
19	1	5.52987790108
19	1	1.01248812675
19	0	2.00998997688
19	1	1.43485307693
19	1	0.713042020798
19	1	0.619714975357
19	1	0.436664819717
19	1	0.553174972534
18	1	0.388067960739
18	1	0.481942176819
18	1	0.436493873596
18	1	0.425554990768
18	1	0.508400917053
18	1	0.490611076355
18	1	0.465756893158
18	1	0.500201940536
18	1	0.434741020203
18	1	0.460839986801
18	0	0.499202013016
18	1	0.529985904694
18	0	0.644273996353
18	0	0.624490976334
18	1	0.786195039749
18	1	0.555722951889
18	1	0.906888961792
18	0	0.64279794693
18	1	0.636355161667
18	1	0.523128986359
18	1	1.27357602119
18	1	1.07738399506
18	1	1.41079688072
18	1	2.47469687462
18	1	1.32408595085
18	1	0.986716032028
18	0	0.760224819183
18	1	1.20217680931
18	1	0.459161996841
18	1	3.5641040802
18	0	2.21157693863
18	0	3.71445608139
18	1	6.23582220078
18	1	2.75439214706
18	1	3.17835307121
18	1	7.3254430294
18	1	7.87395381927
18	1	0.476444959641
18	0	7.16301608086
18	0	9.88864994049
18	1	0.610368967056
18	1	0.612125873566
18	1	0.836249113083
18	0	5.86734294891
18	0	8.34688901901
18	1	0.497661828995
18	0	4.70051598549
18	1	0.69379901886
18	1	7.52269911766
18	1	0.859075069427
23	0	0.676113843918
23	1	0.483873128891
23	1	0.505940914154
23	1	0.596017837524
23	1	0.541523933411
24	1	0.464621067047
24	1	0.493172168732
23	1	0.504595041275
24	1	0.562072992325
23	1	0.450862884521
23	0	0.491277933121
23	0	0.451499938965
23	0	0.402604818344
24	1	0.546165943146
23	1	0.685282945633
23	1	0.497620820999
23	1	0.460844993591
23	1	0.483295202255
24	0	0.391088008881
23	1	0.419447898865
24	1	0.484005212784
23	1	0.530009031296
23	1	0.476073026657
24	1	0.499181032181
24	1	0.449506044388
24	1	0.389502048492
24	1	0.44044303894
24	1	0.435970067978
23	1	0.62913107872
24	1	0.499032020569
23	1	0.754379034042
24	1	0.514302968979
24	1	0.426732778549
24	1	0.56507396698
23	1	0.512995004654
23	1	0.473875045776
23	1	0.529950141907
23	1	0.523730993271
24	1	0.645024061203
23	1	0.464420080185
24	1	0.541356086731
23	1	0.554012060165
23	1	0.458690881729
23	1	0.4206199646
24	1	0.394966125488
23	1	0.411489009857
23	1	0.402746915817
24	1	0.427031993866
24	1	0.43571305275
24	1	0.555028915405
24	1	0.426568984985
24	1	0.451767921448
24	1	0.471782922745
24	1	0.459995985031
23	1	0.443228006363
23	1	0.37210392952
23	1	0.402163982391
23	1	0.400156021118
24	1	0.451362133026
23	1	0.388066053391
24	1	0.412205934525
24	1	0.626812934875
23	1	0.46617102623
23	1	0.401671171188
23	1	0.469341993332
23	1	0.42623591423
23	1	0.412163972855
23	1	0.777649879456
24	1	0.427366018295
23	1	0.457093954086
24	1	0.428447961807
24	1	0.489310026169
23	1	0.405472040176
23	1	0.466644048691
23	0	0.562668085098
24	1	0.501390218735
24	1	0.441490888596
24	1	0.451743125916
23	0	1.14610791206
24	1	0.44979596138
24	1	0.539364099503
23	0	0.485599994659
24	0	0.969071865082
24	1	0.452940940857
23	1	0.440706968307
23	1	0.410973072052
24	1	0.454607009888
23	1	0.425967931747
24	1	0.320434093475
24	1	0.405301094055
23	1	0.426995038986
23	1	1.01771807671
23	1	0.418333053589
23	1	0.636007070541
24	1	0.554789066315
24	1	0.458919048309
23	1	0.468527078629
23	0	0.411977052689
23	0	0.595890045166
24	1	0.452085018158
23	1	0.402009010315
24	1	0.484560012817
24	1	0.43420290947
23	1	0.466934919357
24	1	0.50049495697
23	1	0.458363056183
23	1	0.410056114197
24	1	0.433721780777
23	1	0.508281946182
23	1	0.459057092667
24	1	0.380940914154
23	0	0.418767929077
23	0	0.387663125992
23	0	0.386455059052
23	1	0.492275953293
23	0	0.460222959518
23	1	0.401032924652
24	1	0.396106958389
23	1	0.442997932434
24	1	0.482774972916
23	1	0.611526966095
24	1	0.475988864899
24	1	0.337797164917
23	1	0.459698200226
24	1	0.537388086319
23	1	0.571895122528
24	1	0.419131040573
23	1	0.468637943268
23	1	0.545569896698
23	1	0.427360057831
24	1	0.486253023148
24	1	0.416813135147
23	0	0.681840896606
24	1	0.437772035599
24	1	0.352885961533
23	1	1.17874193192
23	1	0.539352893829
23	1	1.14638209343
23	1	0.56579709053
23	0	0.521380186081
24	1	0.915952920914
23	1	0.485419034958
24	1	0.483531951904
23	1	0.602718114853
23	1	0.396209955215
23	1	0.481362104416
23	1	0.419500827789
23	1	0.467983007431
23	1	0.404111862183
23	1	0.3796210289
24	0	0.378226995468
23	1	0.443510055542
23	1	0.436494112015
23	1	0.427892923355
24	1	0.376661062241
24	1	0.381224870682
23	1	0.505589008331
23	1	0.408918857574
24	1	0.451930999756
24	1	0.52458691597
23	1	0.731506109238
24	0	0.36918091774
24	1	0.38932299614
24	1	0.450679779053
24	1	0.457025051117
24	0	0.539556026459
23	1	0.410494089127
23	1	0.339208841324
24	1	0.364750862122
24	0	0.538483858109
24	1	1.13846611977
23	1	0.683315992355
23	1	0.579668045044
23	1	0.467157125473
24	1	0.524131059647
24	1	0.777943134308
24	0	1.42718482018
24	1	0.777505874634
23	1	0.91594004631
24	1	0.552925109863
24	1	0.573495864868
23	1	1.21052193642
24	1	0.920895814896
23	0	0.698434114456
23	1	0.508511066437
23	0	0.643088102341
23	1	1.00086712837
24	1	0.829369068146
23	1	0.738729953766
24	1	0.595369100571
23	0	0.89035320282
23	1	0.739140033722
23	0	0.860862970352
24	1	0.442252159119
23	1	0.786664962769
23	1	0.675860881805
23	1	1.00321102142
24	1	0.836251020432
24	1	0.908339977264
24	1	0.642575979233
24	1	1.90589904785
23	1	0.490763902664
24	0	0.643610954285
24	0	1.48461699486
24	1	0.57683801651
23	1	0.498918056488
23	1	0.601999998093
23	1	0.692848205566
24	1	0.467226982117
23	0	0.546205043793
23	0	0.66624712944
24	1	0.611529827118
23	1	0.442862033844
24	1	0.469056129456
24	0	0.650372028351
23	1	0.555554151535
24	1	0.55565404892
24	1	0.553658008575
24	1	0.660718917847
24	1	0.826992988586
23	1	0.649893045425
24	0	0.795648097992
23	1	0.692445993423
24	1	0.794405937195
23	1	1.59641695023
24	0	1.00221991539
23	1	0.468372106552
24	1	0.754547119141
23	1	0.876724004745
24	1	0.802922964096
24	0	0.643970012665
24	1	1.79429602623
23	1	0.464767932892
23	0	0.699686050415
23	1	0.482440948486
24	1	0.451020002365
23	1	0.380032062531
24	1	0.42635178566
24	1	0.413492202759
24	1	0.449737787247
23	1	0.498859882355
24	1	0.556612014771
24	1	0.52928185463
24	1	0.45156788826
24	1	0.485450983047
24	1	0.75482583046
24	0	1.13691401482
24	0	0.548938989639
24	1	0.480772018433
23	1	0.565510034561
23	1	0.672684907913
24	1	0.548901081085
24	1	0.450489997864
23	1	0.43289899826
23	1	0.644448041916
24	1	0.516329050064
23	1	0.418585062027
24	1	0.417580842972
23	1	0.436522006989
24	1	0.336621046066
23	1	0.35422706604
24	1	0.362725973129
23	1	0.372570037842
24	1	0.579425096512
24	1	0.363363027573
24	1	0.403932094574
24	0	0.473847150803
23	1	0.392678976059
23	1	0.435060024261
23	1	0.426342010498
24	1	0.388334989548
24	1	0.306874990463
23	0	0.339938163757
23	1	0.473953962326
23	1	0.394649028778
24	1	0.388607978821
24	1	0.419983863831
24	1	0.434522867203
23	1	0.481813907623
24	1	0.477560043335
24	1	0.417569160461
24	1	0.62033200264
23	1	0.483330965042
23	1	0.385769128799
23	1	0.434601068497
23	1	0.435623884201
23	1	0.649563074112
24	1	0.475173950195
24	1	0.30672287941
24	1	0.442823171616
24	0	0.365082025528
24	0	0.395575046539
20	1	0.433563947678
20	1	0.394885063171
20	1	0.436747074127
20	0	0.507261991501
20	1	0.372862815857
20	1	0.419764041901
20	1	0.475791931152
20	0	0.523474931717
20	1	0.633963108063
20	1	0.748347043991
20	1	0.50469493866
20	1	0.530920028687
20	1	0.501167058945
20	1	0.424908876419
20	1	0.681860923767
20	1	0.498502016068
20	1	0.498563051224
20	1	0.413099050522
20	0	0.786797046661
20	0	0.482544898987
20	1	0.499418973923
20	1	0.640582084656
20	1	0.467661857605
20	1	0.737941026688
20	1	0.444521903992
20	1	0.602613925934
20	1	0.514830112457
20	1	0.941613197327
20	1	0.457260131836
20	1	0.508020877838
20	1	0.914169073105
20	1	0.619265079498
20	1	0.5147960186
20	1	0.476889848709
20	1	0.490880966187
20	0	0.562316179276
20	1	0.681674003601
20	1	0.451271057129
20	1	0.466516017914
20	1	0.507837057114
20	1	0.625854969025
20	1	0.595686912537
20	1	0.692875146866
20	1	0.482484102249
20	1	0.473937988281
20	0	0.978624105453
20	1	0.500452041626
20	1	0.595345973969
20	0	0.648772001266
20	1	1.1316421032
20	1	0.452028989792
20	1	0.490545988083
20	0	0.780103206635
20	1	0.43598985672
20	1	0.570832967758
20	1	0.522540807724
20	1	0.961770057678
20	1	0.475435018539
20	1	0.781275987625
20	0	1.20104193687
20	1	0.939432144165
20	1	0.556442975998
20	1	0.443690061569
20	1	0.442978143692
20	0	0.489398002625
20	1	0.419336080551
20	1	0.580236911774
20	1	0.506445884705
20	1	0.747036933899
20	1	0.467976093292
20	1	1.02561807632
20	1	1.73472619057
20	1	0.363119125366
20	1	0.449950218201
20	1	0.433419942856
20	1	0.509385108948
20	0	0.43313908577
20	1	0.630111932755
20	1	0.504220962524
20	1	0.573562145233
20	1	0.961491107941
20	0	0.666262865067
20	1	0.924909114838
20	1	0.583653926849
20	0	1.16535210609
20	1	0.794914960861
20	1	0.641601085663
20	1	1.23564505577
20	1	0.5932970047
20	1	1.0136179924
20	1	0.586423158646
20	1	0.395846128464
20	1	0.842298984528
20	1	0.459668159485
20	0	0.379709005356
20	0	0.563101053238
20	1	0.475507974625
20	0	0.49150800705
20	1	0.442469120026
20	0	0.475232124329
20	1	0.389055967331
20	1	0.426111936569
20	1	0.388256072998
20	1	0.482717037201
20	1	0.491706848145
20	1	0.434647083282
20	1	0.395233869553
20	1	0.388687133789
20	1	0.490709066391
20	1	0.356029033661
20	1	0.426405906677
20	1	0.394147872925
20	1	0.412911176682
20	0	0.346274137497
20	0	0.306415081024
20	1	0.436309099197
20	1	0.618493080139
20	1	0.571410179138
20	1	0.490059137344
20	1	0.505967140198
20	0	0.411604881287
20	1	0.402856111526
20	0	0.355751037598
20	1	0.443420171738
20	1	0.450699806213
20	1	0.394304990768
20	1	0.46706700325
20	0	0.388642072678
20	0	0.418756008148
20	0	0.497888088226
20	1	0.778923034668
20	1	0.460161209106
20	1	0.498686790466
20	1	0.418930053711
20	1	0.546957969666
20	1	0.469317913055
20	1	0.530648946762
20	1	0.658124923706
20	1	0.58895611763
20	1	1.01232194901
20	1	0.444025039673
20	1	0.546213150024
20	1	0.369914054871
20	1	0.443027019501
20	1	0.417278051376
21	0	0.459394216537
22	1	0.613299846649
21	1	0.459494113922
22	1	0.665745973587
22	0	0.560920953751
21	1	0.533796072006
22	1	0.745783090591
21	1	0.548758029938
22	1	0.547769069672
22	0	0.706306934357
21	1	0.691203117371
22	1	0.786784172058
22	1	0.636496782303
22	0	0.548051834106
21	1	0.426463127136
22	0	0.450232982635
21	1	0.569702148438
22	1	0.532105922699
21	1	0.529826164246
22	1	0.587859869003
21	1	0.48393702507
21	0	0.465177059174
21	0	0.689883947372
21	1	0.529350996017
22	1	0.434460163116
22	0	0.490967035294
21	1	0.476259946823
21	0	0.540565013885
22	1	0.456567049026
21	1	0.514533996582
22	0	0.515357017517
22	1	0.505168199539
21	1	0.51508307457
21	0	0.770718812943
22	1	1.27556610107
22	1	0.410845041275
21	1	0.418404102325
22	1	0.621150016785
21	0	0.640806913376
22	1	0.636754989624
22	1	0.619657039642
22	0	0.755200147629
22	1	0.595445156097
22	1	0.563345909119
21	1	0.44450211525
22	0	0.504393100739
21	1	0.405304908752
21	0	0.514343976974
21	1	0.54175901413
21	0	0.616687059402
22	1	0.594989061356
21	0	0.476227998734
21	1	0.875060081482
22	1	0.986939191818
22	1	0.714230060577
21	1	0.531753063202
22	0	0.420197963715
22	1	0.482369184494
22	1	0.532345056534
21	1	0.568681955338
22	1	0.522974967957
22	0	0.483247995377
22	1	0.67537522316
22	1	0.980845928192
21	1	0.545830011368
22	0	0.795985937119
21	1	0.738718986511
22	1	0.586237192154
22	1	0.483695030212
21	1	1.09249997139
21	1	0.609227895737
22	1	0.537309885025
21	1	0.515397071838
22	1	0.5481300354
21	1	0.644523143768
22	1	0.4657330513
21	1	0.536546945572
22	1	0.493054866791
21	1	0.712581157684
22	1	0.53927397728
21	0	0.675394058228
22	1	0.794421195984
21	1	0.476692199707
22	1	0.466776847839
22	1	0.433484792709
21	0	0.355581998825
21	1	0.500190019608
21	0	0.649843931198
22	0	0.516125917435
21	1	0.55370593071
21	1	0.626397132874
21	1	0.557355165482
21	1	0.545534133911
22	1	0.395364046097
21	0	0.379451036453
21	0	0.604363918304
21	0	0.802279949188
22	1	0.523802995682
21	1	0.58745598793
22	1	0.434479951859
22	0	0.514243841171
21	1	1.33325099945
22	1	0.593643188477
22	1	0.460683107376
21	1	0.724412918091
22	1	0.425229072571
21	1	1.05169987679
22	1	0.490576028824
22	1	0.492480993271
21	1	0.450860023499
22	1	0.466382980347
21	1	0.491545915604
21	1	0.515948057175
22	1	0.475424051285
21	0	1.30751395226
22	1	0.612070083618
21	0	0.640357017517
21	1	0.525118112564
22	1	1.05044078827
22	1	0.91752409935
22	1	0.498508930206
22	1	0.62513589859
21	1	0.515423059464
22	1	0.597477197647
21	1	0.730062961578
21	1	0.60401892662
21	0	1.14508080482
22	1	0.436398029327
22	1	0.544484853745
22	1	0.642931938171
21	1	0.482699155807
21	1	0.474848031998
21	0	0.540241956711
21	1	0.801483869553
21	0	0.522168159485
22	1	0.458850860596
22	1	0.461403131485
22	1	0.401345968246
22	1	0.412204027176
22	1	0.517243862152
22	1	0.442274093628
22	0	0.32183098793
22	1	0.387862205505
22	1	0.515825986862
22	1	0.442842006683
22	0	0.408533096313
22	1	0.458667039871
22	1	0.475021123886
21	1	0.411165952682
21	1	0.410900831223
21	1	0.427156925201
21	1	0.419625997543
22	1	0.394737958908
21	1	0.424349784851
22	1	0.380628824234
22	1	0.466767072678
21	1	0.408802986145
22	1	0.363420009613
21	1	0.363899946213
21	1	0.43617105484
22	1	0.449109077454
21	1	0.475014925003
22	1	0.464938163757
21	1	0.429128170013
21	1	1.4450469017
21	1	0.417222976685
21	1	0.449467897415
21	1	0.534279108047
21	1	0.450305938721
21	1	0.474677085876
21	1	0.460155963898
21	1	0.40079498291
21	1	0.45995593071
22	1	0.484040021896
22	1	0.514919996262
22	1	0.619969129562
22	1	0.490813970566
21	1	0.525266885757
22	1	0.49010682106
21	1	0.593856096268
21	1	0.428544998169
21	1	0.666002035141
21	1	0.548928976059
22	1	0.656997919083
21	1	0.435186862946
22	1	0.418210983276
21	1	0.522264003754
21	1	0.547453165054
21	1	0.466797113419
22	1	0.562301158905
22	1	0.483354091644
22	1	0.409312009811
21	1	0.353754997253
22	0	0.467210054398
22	1	0.626257896423
21	1	0.394973039627
22	1	0.475479125977
21	1	0.39623093605
22	1	0.601696968079
22	0	0.435716152191
21	1	0.459319114685
21	1	0.401080131531
22	1	0.466172933578
22	1	0.498881816864
22	1	0.421444892883
21	1	0.538042068481
22	1	0.450951099396
21	1	0.531371116638
22	1	0.42644906044
22	1	0.595455169678
21	0	0.62531208992
22	1	0.404361009598
22	1	0.442589044571
21	1	0.433688879013
22	1	0.489584207535
21	0	0.468386888504
22	1	0.557415962219
22	1	0.450411081314
21	1	0.43390083313
22	1	0.445138931274
22	1	0.433199167252
21	1	0.516377925873
22	1	0.493556976318
22	0	0.489179849625
22	0	0.65968298912
21	1	0.539607048035
21	1	0.435606956482
21	1	0.435281991959
21	0	0.4591319561
22	1	0.522325992584
22	1	0.442490100861
22	1	0.509829998016
22	1	0.467642068863
22	1	0.449647903442
21	1	1.03690099716
21	1	0.473953008652
21	1	0.388736009598
22	1	0.402286052704
22	0	0.676160097122
22	1	0.451141119003
21	1	0.440654039383
21	1	0.761652946472
21	0	0.467386007309
22	1	0.507339000702
21	1	0.539587974548
22	1	0.484400987625
22	1	0.592772960663
21	1	0.57093501091
22	1	0.690618991852
21	0	0.50089097023
21	1	0.499756097794
22	1	0.506149053574
21	1	0.572890043259
21	1	0.642452001572
21	1	0.579581975937
22	1	0.627690076828
22	1	0.699532032013
21	0	0.770229816437
21	1	0.35631608963
21	1	0.748175144196
22	1	0.681239128113
21	1	0.428296089172
21	1	0.466135978699
22	1	0.476405858994
21	0	0.523335933685
22	1	0.432831048965
21	1	0.410887002945
22	1	0.450711011887
21	1	0.532360076904
22	1	0.449986934662
21	1	0.389608860016
22	1	0.418776988983
22	1	0.427481889725
22	1	0.429357051849
21	1	0.586530923843
21	1	0.491488933563
21	0	0.468340873718
22	1	0.393733024597
22	1	0.476021051407
22	1	0.410914897919
22	1	0.419324159622
21	1	0.442887067795
21	1	0.425989151001
22	1	0.478158950806
21	1	0.440196990967
21	1	0.5173869133
21	1	0.435427904129
22	1	0.428468227386
22	1	0.466591119766
22	1	0.432718992233
22	1	0.433880805969
21	1	0.500971078873
21	1	0.393658876419
