2	1	1.5234811306
2	1	1.05986809731
2	1	0.704329967499
2	1	0.804167985916
2	1	0.626678943634
2	0	1.49164295197
2	0	1.29667901993
2	0	1.55531597137
2	1	4.62452101707
2	1	1.33934092522
2	0	1.37037706375
2	1	3.26781201363
2	0	1.4685459137
2	0	2.12271308899
2	1	2.62605500221
2	0	4.23306798935
2	1	0.826261043549
2	1	1.37932896614
2	1	2.57870483398
2	1	2.18526506424
2	1	2.5958480835
2	1	3.88173389435
2	1	2.10565519333
2	1	1.8589630127
2	1	3.94445586205
2	1	1.32420396805
2	1	2.09894013405
2	1	2.66336488724
2	1	1.25216412544
2	1	1.44335603714
2	1	0.793856143951
2	1	0.866919994354
2	1	0.601789951324
2	1	2.62773299217
2	1	1.42571616173
2	1	0.675833940506
2	1	0.632233142853
2	1	0.515405893326
2	0	1.50644493103
2	1	2.0520169735
2	1	2.4890460968
2	1	1.24462103844
2	0	2.27301621437
2	1	0.859188079834
2	1	1.09062504768
2	0	1.81199002266
2	1	0.812257051468
2	1	2.82400894165
2	0	1.2505671978
2	1	1.21861982346
2	1	1.04271888733
2	1	0.842617988586
2	1	0.482238054276
2	1	0.859087944031
2	1	0.610152006149
2	1	0.482611894608
2	1	0.684631109238
2	1	0.729127883911
2	1	0.755244970322
2	1	1.10746192932
2	0	0.889247179031
2	0	1.3417570591
2	1	1.23310494423
2	1	5.39332485199
2	1	0.809494972229
2	1	0.866662025452
2	1	0.771579027176
2	1	0.537676095963
2	1	0.514681100845
2	0	0.468607187271
2	1	0.657765865326
2	1	0.569746017456
2	1	1.38679599762
2	1	1.01767492294
2	1	0.755869150162
2	1	1.0822160244
2	0	0.930503129959
2	0	1.57104492188
2	0	3.93722605705
2	1	1.04965114594
2	0	1.07574796677
2	1	0.91567492485
2	1	0.681574106216
2	1	0.986160993576
2	1	1.20004796982
2	1	0.691689014435
2	1	0.747294902802
2	1	1.44330215454
2	0	0.587654829025
2	1	0.762583017349
2	1	0.529203891754
2	1	0.761507034302
2	1	0.587767839432
2	1	0.480825901031
2	1	0.627191066742
2	0	0.698195934296
2	1	0.699284076691
2	1	0.570780038834
2	1	0.883251190186
2	1	0.485687017441
2	1	1.10432291031
2	1	0.492261886597
2	1	0.490079879761
2	1	0.677113056183
2	0	0.543977022171
4	1	2.31549787521
4	0	1.16196393967
4	1	1.93062496185
4	1	1.19510388374
4	1	0.836090087891
4	1	0.641453027725
4	0	0.689319849014
4	1	0.683604955673
4	1	0.643975973129
4	1	0.896528959274
4	1	0.707524061203
4	1	0.707834005356
4	1	0.555183172226
4	1	0.737703800201
4	1	0.88156080246
4	1	0.587917089462
4	0	1.28128910065
4	1	0.593626022339
4	1	0.769795894623
4	1	0.476747989655
4	1	0.755285024643
4	0	0.914010047913
4	1	1.74625015259
4	1	0.642641067505
4	0	0.620582818985
4	1	0.568437814713
4	1	0.547655105591
4	1	0.584787130356
4	1	0.513646841049
4	1	0.582134962082
4	1	0.80287194252
4	1	0.802815914154
4	1	1.52896404266
4	1	0.810698986053
4	1	0.668568134308
4	0	0.440064191818
4	1	0.539380073547
4	1	0.539196968079
4	1	0.547397851944
4	0	1.03507113457
4	0	2.87266111374
4	1	0.752835035324
4	0	2.93241405487
4	1	0.6752409935
4	0	0.897299051285
4	1	0.940359115601
4	0	1.52227592468
4	1	0.625784158707
4	1	0.658649921417
4	0	1.1147351265
4	1	0.657662153244
4	1	0.955013036728
4	1	0.600723981857
4	1	0.834831953049
4	1	0.827339887619
4	1	0.49232006073
4	0	0.83355307579
4	1	0.659439086914
4	0	1.36370611191
4	0	3.24279713631
4	1	2.3066110611
4	0	1.37966918945
4	0	0.680073976517
4	1	7.60157299042
4	1	0.664895057678
4	1	0.699908018112
4	1	0.650544881821
4	1	1.48980712891
4	1	0.61088681221
4	0	1.14013600349
4	0	0.93577504158
4	1	0.764648914337
4	0	2.04012989998
4	1	2.97123193741
4	0	2.62374305725
4	0	3.01008105278
4	1	0.787976980209
4	1	4.34505105019
4	1	0.77325296402
4	0	0.697712898254
4	1	0.689795017242
4	1	7.65559387207
4	1	0.908159017563
4	0	4.3143260479
4	1	0.946403980255
4	0	1.1299841404
4	1	0.971736907959
4	1	1.01671004295
4	1	4.26758813858
4	1	3.43322896957
4	1	0.987003087997
4	1	1.14643311501
4	1	1.19249606133
4	1	0.87407708168
4	1	3.88256216049
4	1	2.09855008125
6	1	0.768885135651
6	1	6.65213108063
5	1	2.40183091164
6	1	0.882771015167
6	1	0.593086004257
5	1	1.05314302444
6	1	2.00879502296
5	1	0.843093156815
5	1	0.620949983597
5	1	0.554587125778
5	1	0.665028095245
6	0	1.25930905342
5	1	1.36216497421
6	1	0.698235988617
5	1	1.03517198563
5	1	3.53599309921
6	1	0.68326997757
6	1	1.54663300514
6	1	1.92883491516
5	0	1.98708200455
6	1	1.12345695496
5	1	1.7927532196
5	1	2.57184910774
5	1	4.73075890541
5	0	1.54706096649
6	1	1.4743578434
6	1	0.913834095001
5	1	0.984064102173
5	1	4.59551596642
6	1	0.897318124771
5	1	3.5075340271
6	1	0.723584890366
6	1	3.530408144
6	1	1.48092699051
5	0	2.60328602791
6	1	1.40174603462
6	0	1.02001285553
5	1	2.28316402435
5	1	1.58419799805
6	1	1.66716980934
5	1	1.09945011139
5	1	0.785794019699
5	1	1.85929894447
6	1	1.88174891472
6	1	0.793948888779
5	1	1.84164786339
6	1	0.809226036072
5	1	1.53099298477
6	1	1.09876513481
6	1	0.692077159882
6	1	0.843193054199
5	1	0.809688806534
6	1	1.17787289619
5	1	1.36316990852
5	1	1.11322283745
5	1	0.610114097595
5	1	1.32345485687
6	1	0.650372028351
6	1	0.70524096489
6	1	0.827058076859
6	0	1.32135486603
5	1	1.45604896545
5	0	1.24344396591
5	1	1.67445611954
6	1	1.02564907074
6	1	1.16438412666
6	1	0.903715848923
5	1	1.16378283501
5	1	1.65153312683
6	1	0.521460056305
5	1	0.756071805954
5	1	0.995719909668
6	0	0.714241027832
5	1	2.13782405853
5	0	0.890300989151
6	1	0.882658004761
6	1	0.643352031708
6	1	1.36099696159
6	1	0.667262077332
5	1	1.18773913383
5	1	2.57120800018
5	1	0.807958841324
6	1	0.988755941391
5	1	1.41775393486
5	1	1.32987093925
5	0	1.53575992584
5	1	2.40502405167
5	1	1.49886417389
5	1	3.08869099617
5	1	0.994883060455
5	1	1.75379705429
6	1	2.05940318108
6	1	2.51175713539
6	1	0.84345293045
5	0	3.50505590439
5	1	0.665894031525
5	1	0.577240943909
5	1	0.588856935501
5	1	0.602774143219
5	1	1.63401603699
6	0	1.12283706665
1	1	1.81898808479
1	1	2.77041196823
1	1	0.889784097672
1	1	1.28581285477
1	1	1.9467959404
1	1	0.697603940964
1	0	1.16809201241
1	1	0.97217798233
1	1	5.70241498947
1	1	0.731672048569
1	0	0.779051065445
1	1	0.627470970154
1	1	2.36304998398
1	0	0.5778028965
1	0	0.97012591362
1	1	1.07559013367
1	1	1.59309005737
1	1	0.586926937103
1	0	0.994162082672
1	0	0.801414966583
1	1	3.85108399391
1	1	1.70757913589
1	0	3.10324811935
1	1	2.99560284615
1	1	4.30521917343
1	1	0.850378036499
1	1	3.40156698227
1	1	3.01942300797
1	1	1.4725651741
1	1	0.811115026474
1	1	1.11583590508
1	1	0.755566835403
1	1	0.935309886932
1	1	0.66863489151
1	0	0.505755901337
1	1	1.13129496574
1	1	0.62110209465
1	1	4.5434679985
1	1	1.57925486565
1	1	0.736394166946
1	1	1.13126897812
1	1	1.53848600388
1	1	0.641956090927
1	1	1.22153377533
1	1	0.624181985855
1	1	1.09862613678
1	1	0.539753913879
1	1	1.09656500816
1	1	0.821356058121
1	1	0.729430913925
1	1	0.736932039261
1	1	0.579085826874
1	1	0.546280145645
1	1	0.515572071075
1	1	0.602574825287
1	1	0.65057516098
1	1	0.612427949905
1	1	0.658821105957
1	1	0.723144054413
1	1	0.944602966309
1	1	1.06658315659
1	1	0.54811501503
1	1	0.648298025131
1	1	0.708049058914
1	1	0.874846935272
1	0	0.803200006485
1	1	2.32077097893
1	1	0.801920175552
1	1	0.51654791832
1	1	0.545280218124
1	1	0.608613014221
1	1	0.475900888443
1	1	0.434278964996
1	0	0.459878921509
1	1	1.33820199966
1	1	2.54557609558
1	1	1.83434987068
1	1	0.649337053299
1	1	0.564548015594
1	1	0.63433098793
1	0	1.15734100342
1	0	1.12938284874
1	1	2.81065511703
1	1	2.98593711853
1	1	0.841745138168
1	1	0.700125932693
1	1	0.722039937973
1	1	0.817826032639
1	1	1.70001912117
1	1	0.920675992966
1	1	0.613526105881
1	1	0.594279050827
1	1	0.634329080582
1	1	2.37839794159
1	1	3.71461296082
1	1	0.737358808517
1	1	0.95227599144
1	0	0.857868909836
1	1	0.676936864853
1	1	0.545197963715
1	1	0.570026874542
1	1	0.469262838364
1	1	1.1201069355
1	1	0.532418012619
1	1	0.729861974716
1	0	1.89103913307
1	1	1.19316196442
1	1	1.86538696289
7	1	1.39448690414
8	1	0.699074029922
8	0	0.860921859741
7	1	0.955049991608
8	1	0.698739767075
8	1	0.649461984634
8	1	1.46493697166
7	0	1.01029801369
7	1	0.699716806412
7	1	0.627942085266
8	1	0.650704145432
7	1	0.575713157654
8	1	0.525045156479
8	1	0.674491167068
8	1	1.78569793701
7	1	1.2200729847
7	1	0.747309923172
7	1	0.650482177734
7	1	0.881954908371
8	1	1.41080999374
7	1	1.59587979317
7	1	1.33116602898
8	1	0.915031909943
7	1	1.7221198082
7	1	0.578000068665
7	1	1.07436585426
7	0	0.70530796051
7	1	1.04474687576
7	1	1.80212306976
7	1	0.650943994522
7	1	0.633944988251
8	1	0.562345027924
8	1	0.81903886795
7	1	1.08319306374
7	0	0.712798833847
8	1	1.38777089119
8	1	1.88916611671
7	1	2.1777639389
8	1	1.4983420372
7	1	0.923359155655
8	1	1.2032699585
8	1	0.545716762543
8	1	0.626989126205
8	1	0.529106140137
8	1	0.841784954071
8	1	0.533286094666
7	1	2.54564905167
7	1	1.00244808197
7	1	0.860838890076
7	1	0.882763147354
8	1	0.882274866104
8	1	0.762813091278
7	1	0.513383865356
7	1	0.999860048294
7	1	0.493020057678
8	1	0.688749074936
7	1	0.748522996902
7	1	3.80043101311
8	1	1.88906097412
8	1	1.89115595818
7	1	1.03463697433
7	1	0.610341072083
7	1	0.748427867889
7	1	0.544329881668
8	1	0.538749217987
7	1	0.468206167221
7	1	0.634413003922
8	1	3.29723000526
8	1	0.544689893723
7	1	1.67362809181
7	1	1.4736969471
7	1	0.858074903488
8	0	1.5471701622
7	1	9.00033998489
7	1	1.22731018066
8	1	0.713888883591
8	1	1.03694915771
8	1	0.73143696785
7	1	1.08848810196
8	1	0.931596040726
8	1	0.707505941391
7	1	1.19460892677
7	0	8.57672810555
7	1	2.08182001114
7	1	2.24057793617
8	1	0.821952104568
7	1	0.63254404068
8	1	0.912705898285
7	0	0.70814204216
7	1	0.618152141571
8	1	1.29707503319
8	1	0.836169958115
8	1	2.81451821327
7	1	0.682727098465
7	1	0.628008127213
7	1	0.795356035233
8	1	1.01069712639
7	0	1.1142718792
8	1	0.699349164963
8	0	1.05011200905
7	1	0.617574214935
7	1	0.843416213989
8	1	0.889368057251
8	1	0.730820894241
8	1	0.713152170181
7	1	1.30877184868
7	1	0.594754934311
7	1	0.584689855576
8	1	0.547557830811
8	0	2.77150797844
7	1	0.737770080566
7	1	2.57947993279
7	1	1.60921096802
7	1	1.05066895485
8	0	0.930189847946
8	1	1.2179479599
7	1	0.802697896957
8	1	0.948155164719
8	1	0.96074795723
8	1	1.65866303444
7	1	1.40989589691
7	0	1.01201701164
7	1	2.29113793373
8	1	2.92992591858
8	1	0.786181926727
8	0	1.85108399391
7	1	4.71304702759
8	1	1.08994102478
7	1	0.643858909607
7	1	0.755612850189
7	1	0.73241019249
8	0	2.47315311432
8	0	1.34677195549
7	1	1.33859300613
8	1	1.1451151371
8	1	1.10621905327
8	1	0.683881998062
7	1	1.73035001755
8	1	0.723109960556
8	1	1.55409693718
8	1	0.650610923767
7	1	0.738291978836
8	1	0.628485918045
8	1	0.62658905983
7	1	0.538464069366
8	1	0.522017002106
7	1	0.443560838699
8	1	2.27335214615
8	1	3.01762485504
8	1	0.627858161926
8	1	0.713725090027
8	1	0.779865026474
8	1	1.72266197205
7	1	0.584627866745
7	0	0.8523209095
7	1	3.19304203987
7	1	0.617439985275
8	1	2.12309002876
7	1	0.618552923203
7	1	1.37806606293
7	1	0.538294792175
8	1	0.907850027084
7	1	0.602735996246
8	0	4.61772608757
8	1	0.636469841003
8	1	0.978222131729
7	1	0.738964080811
7	1	0.793591976166
7	0	1.50639891624
8	1	0.764479875565
7	0	2.40108990669
8	1	1.01063680649
7	1	1.97095894814
8	1	2.09983801842
7	1	4.65742707253
8	1	1.6672129631
7	1	1.1456348896
8	1	0.827390909195
7	1	0.673071861267
8	1	0.768907785416
7	1	0.570658922195
7	1	0.668252944946
7	0	1.14484596252
7	1	2.17129802704
8	1	0.66601896286
8	1	0.923064947128
7	1	1.45093989372
8	1	0.499176025391
7	1	0.481632947922
8	1	0.490847110748
8	1	0.827721118927
7	0	1.49885010719
8	1	1.02425312996
7	1	5.28249001503
8	1	1.03371310234
8	1	0.819353818893
7	1	0.651770114899
8	1	2.81740903854
7	1	0.625627040863
8	1	0.571519136429
7	1	4.17856407166
8	1	1.05269789696
8	1	0.52959895134
8	1	0.675557136536
7	0	1.30513191223
8	1	0.627215862274
8	1	2.03451704979
8	1	2.48121404648
8	1	2.91276907921
7	1	0.891324996948
8	1	1.05811882019
8	1	0.514748096466
8	1	1.41605496407
8	0	0.580446004868
7	1	0.786900043488
7	1	0.771778821945
7	1	0.714231014252
6	0	1.82831788063
6	1	0.953529119492
5	1	0.491712093353
6	1	0.554769039154
5	0	0.642767906189
6	1	2.45705604553
5	0	0.873316049576
5	0	1.32576990128
5	1	0.736052036285
6	1	0.61014509201
5	1	0.635768890381
6	1	1.29706907272
6	1	0.641663074493
6	1	0.460072994232
5	1	2.54648017883
6	1	0.746948003769
5	1	1.7542719841
5	1	1.38610100746
6	1	0.54643702507
5	1	0.628216981888
6	1	0.811155080795
6	1	1.68156814575
6	1	0.561709880829
6	1	0.54140996933
5	1	0.841772079468
5	0	0.545830011368
5	1	1.53904604912
6	0	0.995635986328
5	1	1.56401014328
5	1	1.94430184364
5	1	0.853147029877
5	1	0.616881132126
6	0	1.32374691963
6	1	0.60887503624
6	1	0.705576896667
6	1	2.26670479774
5	1	1.10847997665
5	1	1.73753213882
6	1	1.01853609085
6	1	1.04046797752
5	1	0.810237169266
5	1	1.40143990517
5	1	1.50777292252
5	1	2.26635217667
5	0	1.00295495987
5	1	1.15308094025
6	1	0.54806804657
6	1	0.793851137161
5	1	1.2424352169
5	0	1.48231816292
5	1	1.09001684189
5	1	0.75516295433
6	1	0.561826944351
5	0	1.08351588249
6	1	0.524464845657
5	1	0.992721796036
5	0	0.667275905609
6	1	1.30798077583
5	0	4.14668083191
6	1	0.657159090042
6	1	0.812289953232
5	1	2.07214403152
6	1	2.29148387909
6	1	1.02822089195
5	0	1.49750804901
6	1	0.675886869431
5	0	0.61154794693
5	1	0.632563114166
5	1	2.11657881737
5	1	1.36804795265
5	1	1.66904878616
5	1	1.38496589661
6	1	0.66676402092
5	1	1.80970597267
6	1	0.585520029068
5	1	0.652294874191
5	1	1.44337391853
5	1	2.23170399666
5	1	0.739044189453
5	1	0.9790828228
6	0	0.803594827652
5	1	1.32295894623
5	1	1.21033501625
6	1	0.634626865387
5	1	0.819519042969
5	1	0.60231590271
6	1	0.761662006378
6	1	3.29137396812
5	1	1.12264800072
6	1	0.795325994492
5	1	2.63305091858
6	1	0.578742027283
5	1	0.51377415657
6	1	1.44313788414
6	1	1.51359510422
5	1	1.65028095245
5	1	0.997355937958
5	1	0.546447992325
5	1	1.07429099083
5	1	1.53917789459
5	1	0.945595026016
5	1	0.603072881699
6	1	0.658492088318
5	1	0.650882005692
5	1	0.540008068085
6	1	0.51553106308
5	1	0.521588087082
6	1	0.699829101562
6	1	0.641839027405
5	1	3.37707400322
6	1	0.778326034546
5	1	0.644454956055
6	1	0.507460832596
3	1	2.75496482849
3	1	1.09729790688
3	1	0.612231016159
3	0	1.06750702858
3	1	0.99542593956
3	1	1.22574996948
3	1	2.5947329998
3	1	1.00901699066
3	1	0.653095960617
3	1	0.633457899094
3	1	0.916018009186
3	1	0.732409954071
3	1	1.89924788475
3	0	0.887924909592
3	1	2.8508169651
3	1	2.13895511627
3	1	0.714904785156
3	0	1.7856669426
3	1	0.714580059052
3	1	1.5792658329
3	1	0.547002077103
3	1	0.593498945236
3	1	1.8678381443
3	1	0.682499885559
3	0	2.03439497948
3	1	2.0899939537
3	0	0.753425121307
3	1	3.54566192627
3	1	1.40297603607
3	1	0.595201015472
3	1	1.32125592232
3	1	1.64272212982
3	1	2.13803195953
3	1	1.80915117264
3	1	0.893446207047
3	1	1.00155997276
3	1	0.993875980377
3	1	1.05030918121
3	1	0.930649995804
3	1	0.538692951202
3	1	0.833884954453
3	1	0.642292976379
3	1	2.4023270607
3	1	0.6047270298
3	1	0.497503042221
3	1	0.467015981674
3	1	0.658583164215
3	1	1.48943686485
3	1	1.38704609871
3	1	0.763170003891
3	1	1.21863508224
3	1	2.48285698891
3	1	0.639568805695
3	1	1.9858109951
3	1	1.01239514351
3	1	0.649085998535
3	0	2.88390398026
3	1	1.88998007774
3	1	0.73716711998
3	1	1.66100096703
3	1	3.19228005409
3	1	1.49885177612
3	1	0.59702205658
3	1	0.601261138916
3	1	2.05041098595
3	1	1.64283204079
3	0	0.873654127121
3	1	1.67355799675
3	1	2.76424503326
3	1	0.751839160919
3	1	0.652264118195
3	1	1.45885300636
3	1	1.5169711113
3	1	1.03460884094
3	1	0.536715984344
3	1	0.86584687233
3	0	0.921860933304
3	1	0.916249990463
3	1	0.593659877777
3	1	0.969188928604
3	1	0.589043855667
3	1	0.746214151382
3	1	2.45619893074
3	1	2.93102002144
3	1	0.68328499794
3	1	0.674713134766
3	1	0.755383014679
3	1	0.833827018738
3	1	0.530224084854
3	1	2.33964681625
3	1	0.506376028061
3	1	0.468605995178
3	1	0.631276130676
3	0	0.557719945908
3	1	0.649322032928
3	1	0.747736215591
3	1	1.92241597176
3	1	0.866005182266
3	1	0.873370170593
3	1	0.820016860962
3	1	1.66592812538
3	1	0.786983013153
3	1	0.761775970459
3	1	0.585361003876
3	1	0.466376066208
3	1	0.778241872787
3	1	0.604770183563
3	1	0.737790107727
3	1	0.465973138809
3	1	0.548868894577
3	1	0.626878976822
12	1	0.691943883896
12	1	0.627583026886
12	0	0.891907930374
12	1	1.21145892143
12	1	1.14674210548
12	0	1.09147906303
12	1	0.580472946167
12	1	1.70537495613
12	1	0.756029129028
12	1	1.63605713844
12	0	0.936986923218
12	1	2.97984910011
12	1	0.556063175201
12	1	0.521567821503
12	1	1.32513809204
12	1	0.521754980087
12	1	1.27416706085
12	1	1.73223209381
12	1	0.538913011551
12	1	0.8362159729
12	1	0.609491109848
12	1	0.474822998047
12	1	0.502170085907
12	0	0.881182909012
12	1	2.75397992134
12	1	1.4925558567
12	1	2.25975799561
12	0	0.618626117706
12	1	0.546402215958
12	1	0.747658967972
12	1	0.666666984558
12	0	0.813969135284
12	1	1.92278385162
12	1	1.41854715347
12	1	1.43643188477
12	0	1.05189108849
12	1	0.939800024033
12	1	0.554513931274
12	1	1.97017002106
12	1	0.627822160721
12	1	0.674795866013
12	1	0.778328895569
12	1	2.07506108284
12	1	0.48287987709
12	1	0.53839302063
12	1	1.65746188164
12	1	0.622045993805
12	1	0.617152929306
12	1	0.522488117218
12	1	0.603416919708
12	1	1.65050911903
12	1	0.811250925064
12	1	0.779676198959
12	1	1.15640711784
12	1	0.563339948654
12	1	0.63272190094
12	1	0.565037965775
12	1	0.754660129547
12	1	0.971283912659
12	1	0.619990110397
12	1	1.20096921921
12	1	0.61247587204
12	1	1.24321603775
12	0	1.05082798004
12	1	1.37843799591
12	1	0.537429094315
12	1	0.644374132156
12	1	1.96096491814
12	1	0.589683055878
12	1	0.48987698555
12	1	0.556704044342
12	0	1.34702205658
12	1	1.20194292068
12	1	0.530530929565
12	1	0.612432003021
12	1	0.506068944931
12	1	0.65281701088
12	1	0.408352136612
12	0	1.3318529129
12	1	1.78601408005
12	1	0.822052001953
12	1	0.387983083725
12	1	0.776627063751
12	1	1.1549448967
12	1	0.586977005005
12	1	0.857298851013
12	0	0.801989078522
12	1	0.436424016953
12	0	0.481458902359
12	1	1.75523304939
12	1	0.843303203583
12	1	0.468132972717
12	1	0.658733129501
12	0	0.872258901596
12	1	0.788397073746
12	1	0.569957017899
12	1	1.25206804276
12	1	0.40465092659
12	0	0.929218053818
12	1	0.563884973526
12	1	2.5631480217
12	1	0.451267004013
12	1	0.652405023575
12	1	1.05932998657
12	1	0.451772928238
12	1	0.363209962845
12	1	0.676501989365
12	1	0.432919025421
12	1	0.484970808029
12	1	0.675640106201
12	1	0.665763139725
12	1	1.05949807167
12	1	1.10798192024
12	1	0.546854972839
12	1	0.516157865524
12	1	0.825510025024
12	1	0.427689790726
12	1	0.530329942703
12	0	1.45931982994
12	1	0.707185983658
12	1	0.893446922302
12	1	2.18656897545
15	1	0.81275510788
15	1	0.459069013596
16	1	0.562778949738
15	1	0.449877023697
16	1	0.48512005806
16	1	0.497611045837
16	0	0.556306123734
16	1	0.465283155441
15	1	0.729742050171
16	1	0.443837881088
15	1	0.693206071854
16	1	0.434370994568
16	1	0.429193019867
16	0	0.594686031342
16	1	0.514925003052
15	1	0.922302007675
15	1	0.723406076431
16	1	0.675622940063
15	1	0.516444921494
15	1	0.971327781677
15	1	1.88369607925
16	1	1.30905103683
16	1	0.857542991638
15	1	0.524532079697
15	1	0.475201845169
16	1	1.13993692398
15	1	0.457267999649
15	0	0.411143064499
16	1	0.845458984375
15	1	0.4955701828
16	1	0.580328941345
15	1	1.04134893417
15	1	0.469357967377
15	1	0.521927118301
16	1	0.644273042679
16	1	0.568429946899
16	1	0.589836835861
16	1	1.29912519455
16	1	0.490097999573
16	1	0.745256900787
16	1	0.875609874725
15	1	1.11032509804
16	0	0.50526881218
15	1	0.481581926346
16	1	0.659412145615
16	1	1.05473995209
16	0	0.979490995407
15	1	0.98620891571
16	1	0.644384860992
16	1	0.673321962357
16	0	0.548718929291
15	1	1.56855988503
15	1	1.1086359024
15	1	1.3739669323
15	1	0.897261857986
16	1	1.28456306458
15	1	1.68970108032
16	1	1.09102702141
16	1	0.46751499176
16	1	0.50129199028
15	1	0.555550813675
15	1	1.57881402969
15	1	1.75417995453
16	1	0.755140066147
15	0	0.659567117691
15	0	0.618611097336
16	1	1.57854700089
16	1	1.01158809662
15	1	0.618038892746
16	0	0.683990001678
15	1	0.613153934479
16	1	0.524445056915
16	1	1.92267203331
16	1	1.66757392883
16	1	2.52917385101
15	1	1.31785917282
15	1	0.962074995041
15	1	1.00318098068
16	1	0.746524095535
16	1	0.596194028854
15	1	2.24378108978
16	1	0.427414894104
16	1	1.04957914352
16	1	0.498044967651
16	1	0.611274957657
16	1	0.88349199295
16	1	1.64189600945
16	1	0.554831027985
16	1	2.77043104172
15	1	0.794606924057
16	1	0.554226875305
15	1	1.4605820179
16	1	0.53085899353
15	1	0.729698896408
16	1	0.490845918655
16	1	0.498643159866
15	1	0.692121982574
16	0	0.728001832962
16	1	0.461160898209
15	1	1.03513002396
16	1	1.58138012886
16	1	0.466429948807
15	1	0.905797958374
15	1	1.04474401474
15	1	2.25694608688
16	1	0.468043088913
16	1	0.555685997009
15	1	0.539595842361
15	1	0.651056051254
15	1	2.16989207268
15	1	0.523176908493
16	1	0.590158939362
15	1	0.696693897247
16	1	2.50785899162
16	1	1.60297703743
16	1	1.66636800766
16	1	1.24469304085
15	1	1.78711009026
15	1	0.594767808914
16	1	0.507165193558
15	0	0.77799987793
15	1	0.643134117126
16	1	0.485504865646
16	1	1.27220797539
16	0	1.15425395966
15	1	2.08390903473
15	0	0.746927976608
16	1	0.770375013351
15	1	1.21174907684
15	1	1.36338019371
15	1	1.04300093651
15	1	1.58624696732
15	1	0.932658910751
16	1	0.828117132187
16	1	0.441600084305
16	1	0.732656002045
16	1	0.635082960129
15	1	0.740174055099
16	1	0.920930147171
16	1	0.613118886948
15	1	1.63443994522
15	1	0.611780881882
15	1	0.969439983368
16	1	0.914540052414
16	0	2.44343400002
16	1	0.586664915085
15	1	0.499478816986
15	0	0.691408872604
16	1	0.562700033188
16	1	0.513534069061
15	1	1.09994387627
16	1	0.856449127197
15	1	0.540171861649
16	1	1.11448597908
16	1	0.53201508522
15	1	0.820249080658
15	0	0.491066932678
16	1	0.914994001389
16	1	0.547196149826
15	1	0.576777935028
16	1	0.540683031082
15	1	0.954198122025
15	1	1.52209210396
15	1	1.37223505974
15	1	0.570806980133
16	1	0.523455142975
16	1	0.649003982544
16	1	0.77787399292
16	1	3.97368907928
16	1	0.489268064499
16	1	0.460146903992
15	0	0.5234811306
15	1	0.537033081055
15	1	0.593197107315
16	1	0.564171791077
15	1	0.491391897202
15	1	1.52378296852
16	1	1.46633815765
15	0	0.740525960922
16	1	0.484869003296
16	1	0.457668066025
16	1	3.09288311005
16	1	0.505477905273
15	1	0.611963033676
16	1	0.401858091354
15	1	0.636705160141
15	1	0.673451900482
16	1	1.71432781219
15	1	1.46049499512
16	1	0.626507043839
16	1	1.8926858902
16	1	0.563278913498
15	1	0.720876932144
16	1	0.658470869064
15	1	0.716459035873
16	1	0.658794164658
15	1	0.922586917877
16	1	2.10783004761
16	1	1.64512395859
15	1	0.921827077866
15	1	1.1051940918
16	1	1.78715109825
16	1	0.965575933456
15	1	1.09926080704
15	1	0.762854099274
15	1	0.7870221138
15	1	1.05672216415
15	0	1.65296602249
16	1	0.594084024429
15	0	1.00479602814
16	1	0.689554929733
15	1	0.587464094162
15	1	1.02189087868
15	1	0.543525934219
16	1	0.556704998016
16	1	0.74872803688
15	1	0.594125986099
15	1	0.49426984787
16	1	1.52371001244
16	1	0.539906024933
16	1	0.545492172241
15	1	1.23429083824
15	1	0.506761074066
15	1	0.428102970123
16	0	1.3147289753
15	0	0.490813016891
15	1	2.59377980232
16	1	0.858721971512
15	1	0.652134895325
16	1	0.501415967941
16	1	0.443494081497
16	1	0.505093812943
16	0	1.29168105125
15	1	1.4672870636
15	1	0.626039981842
16	1	0.661288976669
16	1	1.24264907837
15	1	1.78033494949
15	1	0.490772008896
16	1	0.529452085495
16	1	0.58070898056
16	1	1.87280297279
16	1	0.787683963776
15	0	0.432768106461
16	1	1.33153605461
15	1	0.915349960327
16	1	0.4903819561
13	1	2.0568420887
13	1	2.47004199028
13	1	1.12105512619
14	1	0.621480941772
13	1	0.547193050385
14	1	0.754971027374
13	1	0.595706939697
13	1	0.530595064163
13	1	0.681499004364
14	1	0.476688861847
13	1	1.36409306526
13	1	0.858946800232
14	0	0.715883970261
13	1	0.610651016235
13	1	1.55401110649
13	1	0.532917976379
13	1	1.37037706375
14	1	0.546627044678
14	1	0.637146949768
14	1	1.68862199783
13	1	0.731135845184
14	1	0.602750778198
13	1	0.674907922745
14	1	0.693214893341
13	1	0.745554924011
14	1	0.994625091553
13	0	1.5163769722
13	1	1.95417714119
14	1	0.657091140747
13	0	1.01061701775
13	1	1.19543099403
13	1	1.07829904556
14	1	0.666627168655
14	1	0.643219947815
13	1	2.08967399597
14	1	0.75678396225
13	1	0.592267990112
14	1	0.627137899399
13	1	0.683525085449
13	1	0.52383685112
13	0	0.826160907745
13	1	1.36314201355
13	0	1.42799377441
14	1	0.700086116791
13	1	0.78675699234
14	0	0.667030096054
13	1	0.587725877762
13	0	0.778497934341
14	1	0.618539094925
13	1	2.20880389214
14	1	0.531346082687
14	1	0.731595993042
14	1	1.2198779583
13	1	1.57021379471
13	1	1.45872712135
13	1	1.01142287254
13	1	0.499218940735
14	1	0.477082014084
14	1	2.81818985939
14	1	0.564015865326
13	1	1.46641516685
13	1	1.75338506699
14	1	0.663521051407
13	1	0.521778106689
14	0	2.14577889442
14	1	1.01065707207
14	1	0.836416959763
13	1	0.482158184052
13	1	2.20293092728
14	1	0.57346200943
13	0	0.577519893646
13	1	0.522869825363
14	1	0.613358020782
14	1	0.643700122833
14	1	0.492484092712
13	1	0.833024024963
14	1	4.65960001945
14	1	0.481285095215
13	0	0.506652832031
14	1	0.587100028992
14	1	1.09243202209
14	1	0.698858976364
14	1	1.03578996658
13	1	1.52231001854
13	1	0.521959066391
14	1	0.507018089294
13	1	5.81186413765
14	1	0.671943902969
13	1	1.02131700516
13	1	0.418882131577
13	1	0.603020906448
13	1	0.562535047531
13	0	0.459999084473
13	1	3.61777687073
13	1	1.18221402168
14	1	0.46408200264
14	1	3.50108003616
13	1	1.16851401329
14	1	0.5393409729
13	1	0.948298931122
14	1	0.604432106018
13	1	0.896862030029
14	1	0.602354049683
14	1	1.7726418972
13	1	0.597228050232
14	1	0.587056875229
14	1	0.440439939499
14	1	2.96304106712
13	1	0.797538995743
13	1	0.425313949585
14	1	1.84186697006
14	0	0.578226089478
14	1	0.570647954941
14	1	1.82762408257
14	1	0.660885095596
14	0	0.912493944168
14	1	0.468518018723
10	1	1.13120508194
10	1	0.650720834732
10	1	0.506563901901
10	0	0.906402826309
10	1	0.668996095657
10	0	1.08339190483
10	1	0.562536001205
10	1	0.522237062454
10	1	0.499595880508
10	1	0.572144031525
10	1	0.394330978394
10	1	1.05175709724
10	0	1.36909294128
10	1	0.637687921524
10	1	0.439604997635
10	1	0.820070981979
10	1	0.529385089874
10	0	0.515628099442
10	1	0.451268911362
10	1	0.493839025497
10	1	0.443155050278
10	1	0.426780939102
10	1	0.739493131638
10	1	0.467808008194
10	0	0.617966890335
10	1	0.724046945572
10	1	2.15269112587
10	0	1.51539707184
10	0	1.54907488823
10	0	1.00134706497
10	1	4.00452399254
10	1	5.84997606277
10	1	0.682194948196
10	1	0.475965976715
10	1	0.762537002563
10	0	0.509996891022
10	1	0.755079984665
10	1	0.706650018692
10	1	1.04412889481
10	1	0.888706922531
10	1	1.17899990082
10	1	1.21374106407
10	1	0.811710119247
10	1	0.555670022964
10	1	0.44135093689
10	1	0.371495008469
10	1	0.755301952362
10	1	0.500869035721
10	1	0.594052791595
10	1	0.771861076355
10	1	0.354726076126
10	1	0.907423019409
10	0	0.788671970367
10	0	0.555618047714
10	1	1.55228805542
10	1	0.691600799561
10	1	0.611954927444
10	1	0.922833919525
10	1	0.356178045273
10	0	1.1845498085
10	1	0.579977989197
10	0	0.566298007965
10	1	2.26489901543
10	0	1.03581285477
10	0	2.87417221069
10	1	2.17150497437
10	1	0.82035112381
10	0	1.88993692398
10	0	0.58861207962
10	1	0.592080116272
10	1	0.723924875259
10	1	1.1553940773
10	1	1.07251000404
10	1	0.722932100296
10	1	0.442118167877
10	1	3.11430001259
10	1	0.70877790451
10	1	1.95582699776
10	0	0.50789809227
10	1	3.25744891167
10	1	0.610831975937
10	1	0.620391130447
10	1	0.763319015503
10	1	0.827746868134
10	1	0.825735092163
10	0	1.25111699104
10	1	1.22716498375
10	1	0.989343166351
10	1	0.905986070633
10	1	0.482249975204
10	1	0.558027029037
10	1	0.659139156342
10	1	0.657480955124
10	1	0.635172128677
10	0	0.779643058777
10	1	1.2913839817
10	1	0.795530080795
10	1	0.54689002037
10	1	0.604351997375
10	1	0.55389213562
10	0	0.411399841309
10	1	0.565271139145
10	0	0.417744874954
10	1	0.573076963425
10	1	1.09954285622
10	1	1.56246685982
10	1	1.65868711472
10	1	0.651416063309
10	0	0.521541833878
10	1	1.53909397125
10	1	1.04443693161
10	1	0.63583612442
10	1	0.482876062393
10	0	0.401507139206
10	1	0.955250024796
10	0	0.93895816803
10	1	0.820543050766
10	1	0.745187997818
10	1	1.19521188736
10	1	1.13389515877
10	1	0.984274864197
11	1	0.674961090088
11	1	0.740305900574
11	1	2.29744815826
11	0	0.796766042709
11	1	0.560334920883
11	0	0.387281179428
11	1	0.548491954803
11	1	0.522399902344
11	1	1.06701683998
11	0	0.994933128357
11	1	1.48267292976
11	1	0.882647037506
11	1	0.513084888458
11	1	0.555488109589
11	1	0.962481021881
11	1	0.716260194778
11	1	0.963357925415
11	1	0.467344999313
11	1	0.690253973007
11	1	0.459107160568
11	1	1.93291807175
11	1	0.531733036041
11	0	0.489953994751
11	1	0.603374004364
11	0	0.554657936096
11	1	2.56472587585
11	1	0.587185144424
11	1	0.612632989883
11	1	2.18669390678
11	1	2.89907002449
11	1	3.39240598679
11	1	0.787563085556
11	1	1.25296497345
11	1	0.516263961792
11	0	0.640794038773
11	1	0.787230968475
11	0	0.685616970062
11	1	3.68079710007
11	1	0.770076036453
11	1	1.47488212585
11	1	3.55002117157
11	1	0.593158006668
11	1	2.05754804611
11	1	0.66880607605
11	0	0.568614959717
11	1	0.588788032532
11	0	1.16165685654
11	1	1.13383412361
11	0	1.81698417664
11	1	6.36338305473
11	0	0.458776950836
11	1	3.78929209709
11	1	0.729820013046
11	1	0.555464982986
11	1	1.00287914276
11	0	0.89213514328
11	1	0.746244907379
11	1	0.528859138489
11	1	0.587289094925
11	1	0.964705944061
11	1	0.850543022156
11	1	0.60928606987
11	0	0.482230186462
11	1	0.523787021637
11	1	0.530128002167
11	0	0.691045045853
11	1	0.85273194313
11	1	1.9207971096
11	1	0.540530920029
11	1	1.17897605896
11	1	1.34105300903
11	1	0.548733949661
11	0	0.578299999237
11	1	1.62746500969
11	1	0.674631118774
11	1	1.38576722145
11	1	1.87004613876
11	0	1.89009189606
11	1	0.964001893997
11	1	0.584390163422
11	1	0.557774066925
11	1	0.720900058746
11	1	0.873573064804
11	1	0.826566934586
11	1	0.541435956955
11	1	1.56177687645
11	1	0.660047054291
11	1	0.522035837173
11	1	0.43618106842
11	1	3.2571978569
11	1	0.708621025085
11	1	1.28452515602
11	1	2.69881701469
11	1	0.71426486969
11	1	0.555042028427
11	1	1.31522989273
11	1	0.865212202072
11	1	0.764662027359
11	0	0.652179956436
11	0	0.739216804504
11	1	0.672016143799
11	1	1.71643090248
11	1	0.492025852203
11	1	0.475060939789
11	1	0.629548072815
11	1	1.13632297516
11	1	3.05054497719
11	1	0.933971166611
11	1	0.53081202507
11	0	0.771018028259
11	1	0.563956022263
11	0	1.76822090149
11	1	0.540033102036
11	0	0.475677013397
11	1	0.9545378685
14	1	0.993329048157
14	1	0.564307928085
14	1	1.56175398827
13	1	1.82766199112
13	0	0.418143987656
13	0	0.948860883713
13	1	0.816766023636
14	1	0.550341844559
13	1	0.839997768402
14	0	0.564330101013
14	0	3.98552012444
14	1	0.555624961853
14	1	2.48369002342
13	1	2.85852789879
14	1	0.578841924667
14	1	0.585725784302
14	1	1.62837982178
13	1	1.17039394379
13	1	0.909253120422
13	1	0.610424995422
14	1	0.634331941605
13	1	0.804786920547
13	1	1.08024501801
13	1	0.949528217316
13	0	0.753998041153
13	1	1.20868301392
13	1	1.05138707161
14	1	0.563191175461
14	1	0.62832403183
14	0	1.05018091202
14	0	3.11092185974
14	1	1.280148983
13	1	4.32352995872
14	0	1.41330504417
13	1	0.689833879471
14	1	0.714086055756
14	1	1.11633086205
13	1	0.658957958221
14	0	0.507465839386
14	1	1.87372589111
13	1	0.842376947403
13	1	0.82129406929
13	1	0.962939977646
14	0	2.70658993721
14	0	0.835680961609
13	1	0.755836963654
14	1	1.06716108322
14	1	0.553886890411
14	1	0.724309921265
14	1	0.529186964035
13	0	0.964778900146
13	1	0.892110109329
13	1	0.880044221878
14	1	3.54906320572
13	0	2.59414315224
13	1	1.9467279911
14	1	0.587369918823
13	1	0.698136806488
13	1	4.15585303307
14	1	0.609415054321
14	0	0.437088012695
13	1	0.553215026855
14	1	0.475281953812
13	1	0.642606019974
13	0	1.24290800095
14	1	0.677663087845
14	1	0.536972045898
14	1	0.597762107849
13	1	0.913416862488
13	1	1.06736493111
14	1	1.13678097725
14	0	0.516951084137
14	0	0.931130886078
13	1	0.570286989212
13	1	0.787700891495
13	1	0.562435865402
14	0	1.97255802155
13	1	1.29889702797
14	1	0.715558052063
13	1	0.625478029251
13	0	0.586890935898
14	1	0.859107017517
14	1	0.796967029572
14	1	0.515460968018
14	1	1.56175088882
14	0	3.40966391563
14	1	0.619249105453
14	1	0.557519197464
13	1	1.23200798035
13	1	0.730632066727
13	1	1.05374693871
14	1	0.658951997757
13	0	0.570384979248
13	1	1.42575407028
14	1	1.07556200027
13	1	1.46059918404
13	1	1.01739311218
13	0	0.972217798233
14	1	0.668593168259
14	1	0.786169052124
13	1	0.580950975418
14	1	1.65169501305
14	1	0.610500812531
14	1	0.491993904114
14	1	2.38539099693
13	1	0.612233877182
13	1	1.46738195419
14	1	0.539375066757
14	1	0.698085069656
13	1	1.06693100929
14	1	0.516742944717
13	0	0.728311061859
13	1	0.580699920654
13	1	0.499228954315
13	0	1.17870402336
9	1	1.86790513992
9	1	1.02694511414
9	1	1.43370294571
9	1	0.629371881485
9	1	1.16071820259
9	1	0.612393856049
9	1	0.915498018265
9	1	1.17780208588
9	0	0.541754007339
9	1	0.977804899216
9	0	0.580378055573
9	0	1.08943009377
9	1	0.565463066101
9	1	0.665021181107
9	1	1.27524185181
9	1	1.32281088829
9	1	2.57792186737
9	0	0.453322172165
9	1	1.27507686615
9	1	0.561702013016
9	0	0.787858009338
9	1	0.947824001312
9	1	2.29365706444
9	1	0.673501014709
9	1	0.690524101257
9	1	1.6516251564
9	1	0.627832889557
9	1	0.706113100052
9	1	0.468720912933
9	1	0.651160001755
9	1	0.794370174408
9	1	1.30089497566
9	1	1.7777299881
9	1	1.06749606133
9	1	1.46135306358
9	0	0.649532079697
9	1	1.89899778366
9	1	0.586822032928
9	0	0.755378961563
9	1	2.7789580822
9	1	0.723937988281
9	1	1.88115715981
9	1	0.507603168488
9	1	0.658806085587
9	1	0.490611076355
9	0	0.888966083527
9	1	3.18553519249
9	1	0.653054952621
9	1	2.36092710495
9	1	0.844482898712
9	0	1.05814218521
9	1	0.754695892334
9	1	1.25391221046
9	1	0.578196048737
9	1	0.48096203804
9	1	0.73917889595
9	1	0.539533138275
9	1	0.651375770569
9	0	1.0816950798
9	0	1.12538790703
9	1	1.33741307259
9	1	0.587781906128
9	1	0.698541164398
9	1	0.485035896301
9	1	0.642786979675
9	1	0.46073102951
9	0	0.506297826767
9	1	0.644143819809
9	1	2.08933615685
9	1	0.595520973206
9	1	0.547439813614
9	0	0.579963922501
9	0	1.5378279686
9	1	0.626448154449
9	1	1.52080202103
9	1	1.61144208908
9	1	0.850698947906
9	1	0.634402990341
9	1	0.69965004921
9	1	0.689943790436
9	1	1.89897608757
9	1	1.154088974
9	1	5.04377913475
9	1	0.938584089279
9	1	0.731480121613
9	1	0.546049833298
9	1	0.590388059616
9	1	0.631965875626
9	1	0.6216340065
9	0	0.642647981644
9	1	0.513429880142
9	1	0.682213068008
9	1	0.6031498909
9	1	0.500681877136
9	1	2.00417208672
9	0	1.02483201027
9	1	2.39469003677
9	1	0.677852153778
9	0	1.90661001205
9	0	1.11486506462
9	1	0.630110025406
9	1	1.4584209919
9	1	0.913775920868
9	1	0.595589876175
9	0	0.642071962357
9	1	0.722230195999
9	0	1.21919393539
9	1	2.78004384041
9	1	0.54616189003
9	1	0.554368972778
9	1	0.753792047501
9	0	0.705239057541
9	1	1.67404794693
9	1	0.963081121445
9	1	1.39699983597
9	1	0.611284017563
9	0	0.824751138687
21	1	2.32963299751
22	1	0.634979963303
21	1	1.69091486931
22	1	0.457925081253
21	1	0.491416931152
22	1	0.548132896423
22	1	2.26778578758
22	1	0.513940095901
21	1	0.530737876892
21	1	0.410549163818
21	1	0.420482873917
21	1	0.465448141098
22	1	0.581398010254
22	1	0.74586892128
21	1	1.99645900726
21	1	0.940111875534
21	1	0.610559940338
21	1	0.506839036942
21	1	1.49008703232
21	1	0.569518089294
22	1	0.931617021561
22	1	0.587597846985
22	1	0.570152997971
21	1	0.529294967651
21	0	3.43360495567
21	1	0.523288965225
22	1	0.565013885498
22	1	0.721720933914
21	1	0.773349046707
22	1	0.615621089935
21	1	0.515651941299
22	1	0.452233076096
22	1	0.945446968079
21	1	0.56563782692
21	1	0.553960084915
21	1	2.45920205116
22	0	1.81191205978
22	1	0.5876121521
22	1	0.733415842056
21	1	1.41886305809
21	1	0.475938081741
22	1	0.470754146576
21	1	3.05395579338
21	1	6.06011009216
22	1	0.641428947449
21	1	0.909554004669
21	1	0.64048409462
21	1	1.03539991379
22	1	0.859917163849
22	1	0.626139879227
21	1	0.532992124557
22	1	0.562892913818
21	1	0.514565944672
21	1	0.498360872269
22	1	0.570682048798
22	1	0.537649869919
22	1	0.445101976395
22	1	0.427914142609
21	1	0.424948215485
21	1	0.380219936371
22	1	0.474220991135
21	1	0.395526885986
22	0	0.340032100677
22	1	3.68241786957
22	1	0.490828037262
22	1	1.93729305267
21	1	1.51434016228
21	1	1.41050195694
22	1	0.977920055389
22	1	0.876250982285
22	1	0.667238950729
22	1	1.01753902435
22	1	1.96352410316
21	1	0.587005138397
22	1	0.53772687912
21	1	2.08485889435
22	1	0.473935842514
21	1	0.658929109573
21	0	0.659617185593
22	1	0.731770992279
21	1	0.577597141266
21	1	0.492920875549
21	1	2.06582999229
22	1	0.523379802704
21	1	0.980351209641
21	1	0.593950033188
21	1	0.610936164856
21	1	0.715261936188
22	1	0.637831926346
21	1	1.01517820358
22	1	0.557912111282
21	1	1.48905682564
22	1	0.715429067612
22	1	0.596417188644
21	1	1.1225810051
21	1	0.908071041107
22	1	0.545706033707
22	1	0.564666986465
22	1	1.98729610443
22	1	0.418059110641
22	1	1.82081794739
22	1	0.553474187851
22	1	0.444015979767
21	1	0.444195985794
21	0	0.433922052383
21	0	0.890766143799
21	1	0.603103160858
22	1	0.504713058472
21	1	0.531017065048
22	1	0.69172501564
21	1	2.0347931385
21	0	1.20257401466
22	1	1.92453718185
22	1	0.586548805237
22	1	2.33788204193
21	1	0.804402112961
22	1	0.571137905121
21	1	0.555798053741
22	1	0.525122880936
22	1	0.424765110016
22	1	0.604011058807
17	1	2.97251582146
17	1	2.14754796028
17	1	1.09871315956
17	1	2.7453110218
17	1	0.737033128738
17	1	4.05203795433
17	1	1.01906013489
17	1	1.09936690331
17	1	0.571754932404
17	1	0.587303876877
17	1	3.05942416191
17	1	0.86013007164
17	1	0.656826019287
17	1	0.596591234207
17	1	1.25915789604
17	1	0.923985958099
17	1	0.474417209625
17	1	0.561506986618
17	1	0.805645942688
17	0	0.466145992279
17	1	0.555006027222
17	1	0.427638053894
17	1	0.666792154312
17	1	2.33960294724
17	1	2.20205402374
17	1	0.588579893112
17	1	0.675067901611
17	1	0.523895978928
17	1	0.690135002136
17	1	0.564931869507
17	1	0.40966296196
17	1	0.467692136765
17	1	0.521921157837
17	0	0.45133805275
17	1	0.449751853943
17	1	2.52313280106
17	1	1.48385000229
17	1	0.661675214767
17	1	1.92320799828
17	1	1.50017499924
17	1	2.70558714867
17	0	1.78588318825
17	0	4.4890999794
17	1	2.77901816368
17	1	9.95276904106
17	1	2.52498698235
17	1	0.833539962769
17	1	2.68255186081
17	1	1.55686688423
17	1	1.16774106026
17	1	0.517102003098
17	1	1.03387498856
17	1	0.483914852142
17	1	0.84165596962
17	0	0.716018915176
17	1	0.779158115387
17	0	1.02800583839
17	1	1.00327992439
17	1	2.45050597191
17	1	0.802190065384
17	1	1.48422002792
17	1	0.699452877045
17	0	4.01656794548
17	1	0.90901017189
17	1	0.553629875183
17	1	0.547484874725
17	1	0.594126939774
17	1	2.08212900162
17	1	2.90723419189
17	1	0.611987829208
17	1	0.648873090744
17	1	0.442016124725
17	1	0.531238079071
17	1	0.489840984344
17	1	0.708388090134
17	1	0.474890947342
17	1	0.716270923615
17	1	0.562354803085
17	1	0.481451034546
17	1	0.571979045868
17	1	0.513200998306
17	1	0.77991104126
17	1	0.659157991409
17	1	0.562404870987
17	1	0.802643060684
17	1	0.593512058258
17	1	0.420367956161
17	1	0.738321065903
17	0	2.58797502518
17	1	5.82780909538
17	1	0.546602010727
17	1	0.563164949417
17	1	0.611293077469
17	1	0.541354894638
17	1	0.402497053146
17	1	0.473215818405
17	0	0.461269855499
17	1	0.658980131149
17	1	0.505655050278
17	1	2.7238612175
17	1	0.53822016716
17	1	0.489866018295
17	1	0.586548089981
17	1	0.434720993042
17	1	0.601358175278
17	1	0.435395002365
17	1	0.450743913651
17	1	0.548695087433
17	1	2.62809801102
17	1	0.546061038971
24	1	4.39663696289
23	0	1.51314496994
23	1	0.676479101181
24	1	1.08456587791
23	1	1.82670712471
24	1	0.754676103592
24	0	0.869976043701
23	0	1.44995999336
23	1	0.788907051086
24	1	1.16223692894
24	0	3.45344400406
23	0	6.21936893463
24	1	1.72123813629
23	1	3.42816400528
23	1	5.93162298203
23	1	3.22011899948
24	1	0.664691925049
23	1	2.11706590652
23	1	0.680135011673
24	1	0.683264970779
24	1	0.557456016541
23	1	0.83419585228
24	1	0.473878860474
24	1	0.45171380043
24	1	0.6734790802
23	1	0.58204293251
24	1	0.904678106308
24	1	0.627553939819
23	1	0.634329080582
24	1	0.930907011032
23	1	0.524256229401
24	1	0.377413034439
24	1	0.718370914459
24	1	2.39988493919
23	1	0.602061033249
24	1	0.732533931732
24	1	0.500828027725
23	1	0.728166103363
23	1	1.95630002022
24	0	1.32219290733
23	1	0.76366686821
24	1	0.507592916489
24	1	0.793347120285
24	1	0.491984128952
23	1	0.473109006882
24	1	6.6678109169
23	1	0.62913107872
23	1	0.617612123489
23	0	7.77193689346
23	1	0.568866014481
24	1	1.64263010025
23	1	1.29076290131
24	1	3.07556986809
24	1	1.20772194862
23	0	1.38163900375
24	1	1.97002601624
24	1	4.12255382538
24	1	0.651916980743
23	1	0.505220890045
23	1	0.515194177628
23	1	1.88237285614
23	1	0.555425882339
23	0	0.723235845566
24	1	3.61112618446
24	1	2.09068584442
24	1	2.50804805756
24	1	1.29949903488
24	1	0.79615688324
24	1	1.02556991577
24	1	1.36107301712
23	1	0.666457891464
24	1	1.22187709808
24	0	1.02445316315
23	1	1.372590065
23	1	1.84378695488
24	1	5.4086420536
24	1	0.579769134521
24	1	0.834994077682
23	1	0.471883058548
23	1	0.804323911667
23	0	1.06219887733
23	1	0.586763858795
23	1	0.54557299614
24	1	0.545791864395
24	1	0.445884943008
23	1	0.442934989929
24	1	0.672898054123
24	1	0.434844970703
24	1	3.39617800713
24	0	1.28482913971
24	1	0.539057016373
24	1	0.568546056747
24	1	0.524301052094
23	1	0.490323066711
23	1	1.16239094734
24	1	1.97944712639
23	1	0.475950956345
24	1	0.834719896317
24	0	0.426825046539
23	1	1.6702671051
24	1	0.538848876953
24	1	0.632673025131
24	1	0.586531162262
19	1	2.20348215103
19	1	0.923047065735
19	1	0.708174943924
19	1	0.570996046066
19	1	0.474905014038
19	1	0.450590133667
19	1	0.522886037827
19	1	1.17336678505
19	1	0.520704984665
19	1	0.547582149506
19	1	0.539006948471
19	1	0.765121936798
19	1	3.81703305244
19	1	0.77857708931
19	1	0.619377851486
19	1	0.515580892563
19	1	0.531185150146
19	1	1.29211902618
19	1	0.643101215363
19	1	1.42665505409
19	1	2.41643381119
19	1	2.4602060318
19	1	0.881384134293
19	1	0.65141415596
19	1	0.430131912231
19	1	0.882322072983
19	0	1.57145500183
19	1	0.459081888199
19	1	0.753391027451
19	1	1.44504189491
19	1	0.601809978485
19	1	2.15747618675
19	1	2.19352006912
19	0	1.52488207817
19	1	2.24327111244
19	1	0.752141952515
19	1	2.08262300491
19	1	1.3570458889
19	1	0.561501026154
19	0	2.71472406387
19	1	0.906461000443
19	1	0.531275987625
19	1	1.45260906219
19	1	0.635678052902
19	1	0.696866989136
19	1	0.524464845657
19	1	0.644875049591
19	1	0.808783054352
19	1	0.643449068069
19	1	1.01136612892
19	1	0.524261951447
19	1	0.70605802536
19	1	0.658993959427
19	1	0.788640022278
19	1	0.721705913544
19	1	1.91603803635
19	1	0.387212991714
19	0	1.02586388588
19	0	0.682625055313
19	1	0.553354024887
19	1	0.653288841248
19	1	0.474907159805
19	1	0.465607881546
19	1	1.17829108238
19	1	0.748414039612
19	1	0.427607059479
19	1	0.491720199585
19	1	0.489899158478
19	1	0.458359003067
19	1	0.389579057693
19	1	0.481121063232
19	1	0.828037023544
19	1	0.484691858292
19	1	0.434181928635
19	1	0.516392946243
19	1	0.449517965317
19	1	0.668419837952
19	1	2.26820111275
19	0	0.815928936005
19	1	0.53196310997
19	1	0.468084812164
19	1	1.09826397896
19	1	0.467330217361
19	1	0.475647926331
19	1	1.179074049
19	1	0.621726036072
19	1	0.648741006851
19	1	0.725621938705
19	1	0.507050037384
19	1	0.587698936462
19	0	0.467074871063
19	1	0.723591089249
19	1	0.682985067368
19	1	0.524726867676
19	1	0.36998295784
19	1	0.449939012527
19	1	0.580465078354
19	1	1.61115789413
19	1	5.02075600624
19	1	0.688941955566
19	1	0.466928958893
19	1	0.570544958115
19	1	0.419674158096
19	1	0.650064945221
19	0	0.563771009445
19	1	1.4598197937
19	1	0.617486953735
19	1	0.804705142975
19	1	0.506150960922
19	1	0.514665842056
19	1	0.579084873199
19	1	0.684316158295
19	1	0.508673906326
19	1	0.562500953674
19	1	0.418278217316
19	1	0.538254022598
19	1	0.467483043671
19	1	0.620296955109
19	1	1.29757905006
19	1	0.770826101303
19	1	0.474039793015
19	1	0.604885816574
19	1	0.642813920975
19	1	0.515955924988
19	1	0.979107141495
23	1	1.66121721268
24	1	0.771540880203
24	1	0.457835197449
24	1	0.739561080933
24	1	0.467479944229
23	1	0.41154384613
24	1	1.06863999367
23	1	0.635735034943
24	1	0.449919939041
24	1	0.421324014664
23	1	1.45842599869
23	1	0.811299800873
24	1	0.776476144791
24	1	2.68542695045
24	1	0.969465970993
23	1	2.67609095573
23	1	0.602582931519
24	1	0.475252866745
23	1	0.850615024567
24	1	0.483925104141
24	0	0.648853063583
24	1	0.740442991257
23	1	0.483298063278
24	1	1.7499229908
24	1	0.530028820038
23	1	0.803355932236
23	1	1.90729618073
24	1	0.698900938034
23	1	0.993518829346
23	1	0.50518488884
23	1	0.74117398262
23	1	0.666887998581
23	1	2.28319406509
23	1	0.498476028442
23	1	0.427685976028
23	1	0.419168949127
24	1	0.427538156509
24	1	0.491652965546
23	1	0.449851989746
23	1	0.616633176804
23	1	0.611272096634
23	1	2.85014915466
24	1	0.4760389328
24	1	0.581513166428
24	1	0.497720003128
23	1	1.60322999954
23	1	0.46578001976
24	1	0.579357862473
24	1	0.451492071152
24	1	4.38608407974
23	1	0.468771934509
24	1	0.786468982697
24	1	0.435162067413
23	1	0.466747045517
23	0	6.58098387718
24	1	0.456750869751
23	1	0.581125974655
24	1	0.578125
23	1	2.02571606636
24	1	0.458316087723
24	0	4.08482599258
23	1	6.45841288567
23	1	4.45995593071
24	1	1.60021686554
23	1	2.02813601494
23	1	1.2192530632
23	1	1.01302814484
23	1	1.06017518044
23	1	0.466299057007
23	1	0.602788925171
24	1	0.596570968628
24	0	0.762335062027
23	1	0.593902111053
23	1	0.417973995209
24	1	0.461718797684
24	1	0.562683105469
24	1	1.02789092064
24	1	0.412394046783
24	1	0.560081005096
23	1	0.572587013245
24	1	0.890758991241
24	1	0.666882991791
24	1	0.59278512001
23	1	1.05305504799
23	1	0.372280836105
23	0	1.52344083786
23	1	0.538768053055
24	1	0.827803850174
23	1	0.778349161148
24	1	0.795340061188
24	1	0.418557167053
24	1	0.700507879257
23	1	0.450907945633
24	1	1.23672389984
24	1	0.588033914566
24	1	0.649077892303
24	1	0.539026021957
23	1	0.60261297226
23	0	1.1576821804
24	1	0.465050935745
24	1	0.605960845947
23	1	0.426753997803
23	1	0.498955965042
24	1	0.62651515007
23	1	0.724800825119
23	1	2.63478398323
24	1	0.579885959625
23	1	0.514250993729
23	1	0.482618093491
23	0	0.552567005157
23	1	0.57167506218
23	0	2.18644213676
24	1	0.524598121643
23	1	1.36472201347
23	1	0.57706618309
23	1	0.620434045792
23	1	1.02803683281
23	1	0.626199007034
24	1	0.449643850327
18	1	4.68488717079
18	1	1.07293915749
18	1	0.986209869385
18	1	0.619629144669
18	1	0.458348989487
18	1	0.762372970581
18	1	0.506498098373
18	1	0.508564949036
18	1	0.642822980881
18	1	0.803155183792
18	0	0.454072952271
18	1	0.447532176971
18	1	0.809721946716
18	1	0.6534948349
18	1	0.619840145111
18	1	3.68143701553
18	1	0.442352056503
18	1	4.18091106415
18	1	0.515558004379
18	1	0.529324054718
18	1	0.49360704422
18	1	0.810878038406
18	1	0.625653982162
18	1	0.442822933197
18	1	1.01271986961
18	1	0.786503076553
18	1	0.87379193306
18	1	0.450850963593
18	1	0.47512793541
18	1	0.435584783554
18	1	2.53764295578
18	1	0.741453886032
18	1	2.3314499855
18	1	0.769726991653
18	1	0.516362905502
18	1	0.491806030273
18	1	0.585770845413
18	1	0.515034914017
18	1	0.852003097534
18	1	0.675840854645
18	1	0.444710969925
18	0	0.801395893097
18	1	3.48289203644
18	1	0.594273805618
18	1	0.924023151398
18	1	0.634259939194
18	1	1.06764817238
18	1	0.714316129684
18	1	0.61882019043
18	1	0.706479072571
18	0	0.537872076035
18	1	2.13948082924
18	1	0.531251192093
18	1	1.4361281395
18	1	0.962774991989
18	1	2.19257497787
18	1	0.501014947891
18	1	0.411957025528
18	1	1.41170907021
18	1	0.490973949432
18	1	0.553620100021
18	1	0.53674197197
18	1	0.652168989182
18	1	0.633481025696
18	1	1.68196582794
18	0	0.958410978317
18	1	1.30769777298
18	1	1.59393310547
18	1	0.78719997406
18	1	0.757020950317
18	1	0.801397800446
18	1	0.739332914352
18	1	0.610701084137
18	1	0.500451087952
18	1	2.70075798035
18	1	0.648158788681
18	1	1.6189160347
18	0	0.776427030563
18	1	1.25152993202
18	1	1.45219302177
18	1	0.800265073776
18	1	1.65996909142
18	1	0.667690038681
18	1	0.819770097733
18	1	0.57879781723
18	1	0.642531871796
18	1	0.492108106613
18	1	0.972669839859
18	1	0.5241959095
18	1	0.473990917206
18	1	3.11591291428
18	1	0.539968013763
18	1	0.587764978409
18	1	1.36996912956
18	1	0.488835096359
18	1	0.579838991165
18	1	0.475187063217
18	1	1.49714398384
18	1	0.546092987061
18	1	0.484754085541
18	1	0.419574022293
18	1	0.537713050842
18	1	0.475178003311
18	1	0.651298999786
18	1	0.545722007751
18	1	0.882834911346
18	1	0.669418096542
18	1	0.555766105652
18	1	0.769265890121
18	1	0.602823019028
18	1	0.466655015945
18	1	0.452764034271
18	1	0.457921981812
18	1	0.409658908844
18	1	1.06008505821
18	1	0.819593906403
18	1	0.563473939896
18	1	0.579462051392
18	1	0.692144155502
18	1	0.562627077103
18	1	0.612210035324
18	1	0.434591054916
18	1	0.475746870041
18	1	0.481137990952
22	1	0.95439696312
22	1	0.594762086868
21	1	0.60351395607
22	1	0.50798201561
22	1	0.537091016769
22	1	0.51695394516
21	1	0.459430932999
22	1	0.571306943893
22	1	0.523047924042
22	0	0.604542970657
22	1	0.514184951782
22	1	0.483397960663
21	1	0.478104114532
21	1	0.538100004196
22	1	0.466657161713
21	1	0.525026082993
22	1	0.643352985382
21	1	0.457537174225
21	1	0.523156881332
21	1	0.644317150116
22	1	0.497508049011
21	1	0.524786949158
22	1	0.642830133438
21	1	1.05054688454
21	1	0.659515142441
22	1	0.4100689888
21	1	0.369322061539
21	1	0.442476034164
21	1	0.397850036621
22	1	0.521034002304
22	1	0.571314096451
21	1	0.561653137207
22	1	0.467371940613
21	1	2.27665400505
21	1	0.465383768082
21	1	0.483287096024
22	1	0.469424962997
21	1	0.506026983261
21	1	0.45180606842
22	1	0.46035194397
22	1	1.27556681633
22	1	0.835628986359
21	1	0.449875116348
22	1	0.411321878433
21	1	0.834311962128
22	1	0.627072095871
22	1	0.578303813934
22	1	0.628561973572
21	1	0.524546861649
21	0	0.761947870255
21	1	1.50575494766
22	1	0.476266145706
22	1	0.461251974106
21	1	2.58569383621
22	1	0.5646879673
22	0	0.45155787468
21	1	0.464430093765
22	1	0.411365032196
22	1	0.390012979507
21	1	0.728017091751
22	1	0.437317848206
21	1	0.898811101913
22	1	0.396008968353
22	1	0.475883960724
21	1	0.819882154465
21	1	0.394956827164
21	0	0.473778963089
21	1	0.532751083374
21	1	0.386260986328
22	1	0.444283008575
21	1	0.451683044434
22	1	0.707113027573
21	0	0.499129056931
22	0	0.482232809067
21	1	1.00120806694
21	1	0.573710918427
22	1	1.05650901794
21	1	0.564785957336
21	1	0.625498771667
21	1	0.530735969543
22	1	2.02695989609
21	1	5.52368593216
22	1	0.537631034851
22	1	0.604716062546
22	1	0.473591804504
22	1	0.540653944016
22	1	0.608777046204
22	1	0.526549100876
22	1	0.625423908234
22	1	1.26044392586
22	1	3.25617694855
21	1	0.500475883484
22	1	0.53231883049
22	1	0.521862983704
22	1	0.531929016113
22	1	0.722491979599
21	1	0.546819925308
21	1	0.499181032181
21	1	0.433015108109
22	1	0.442831039429
22	1	0.522382974625
22	1	0.547555923462
22	1	0.45861697197
22	1	0.460604906082
22	1	0.580631017685
21	1	2.5526239872
22	1	0.388669013977
22	1	0.914622068405
22	1	1.93031811714
21	1	0.587728023529
22	1	1.38048601151
21	1	1.01759982109
21	1	0.428199052811
21	1	0.705804109573
22	1	0.636636972427
21	1	0.459122896194
22	1	4.09835100174
21	1	0.552765846252
22	1	0.482481956482
22	1	0.509712934494
22	1	0.738957881927
21	1	0.546581983566
22	1	0.539321899414
21	1	0.649481058121
22	1	1.30752491951
21	1	0.481386899948
21	1	0.628634929657
22	1	0.53707909584
21	1	0.418678045273
22	1	0.476153850555
21	1	0.537800073624
22	1	0.613587141037
21	0	0.577512979507
21	1	0.467903852463
20	1	1.77250885963
20	1	0.449641942978
20	1	3.7225060463
20	1	1.47355389595
20	1	1.54709196091
20	1	0.860031843185
20	1	2.04155492783
20	1	0.476077795029
20	1	1.09935307503
20	1	0.45890712738
20	1	0.651348829269
20	1	0.420530080795
20	1	0.674195051193
20	1	0.490370988846
20	1	0.778015136719
20	1	0.875250101089
20	1	0.884768009186
20	1	0.571541070938
20	1	0.746179103851
20	0	0.683675050735
20	1	0.739815950394
20	1	1.62660908699
20	1	0.845107078552
20	1	0.921808004379
20	1	0.642749071121
20	1	1.47658610344
20	1	0.724138021469
20	1	0.555747032166
20	1	0.524274110794
20	1	0.651338815689
20	1	0.932892799377
20	1	0.586508989334
20	1	0.602844953537
20	1	0.469463825226
20	1	0.706444978714
20	1	0.613004922867
20	1	0.490821838379
20	1	0.408696889877
20	1	0.548229932785
20	1	0.804864883423
20	1	0.826538085938
20	1	0.897760868073
20	1	2.93067193031
20	1	0.808887004852
20	1	0.594708919525
20	1	0.490827083588
20	1	0.402281999588
20	1	3.65773701668
20	1	0.916704177856
20	1	0.584809064865
20	1	0.714787960052
20	1	0.493091106415
20	1	0.80998301506
20	1	0.580067873001
20	1	6.14439296722
20	0	0.803174972534
20	1	0.500286102295
20	1	0.532355070114
20	1	0.449318885803
20	0	0.435119867325
20	1	0.51016998291
20	1	1.94584107399
20	1	0.898267030716
20	1	0.556096076965
20	1	0.978646993637
20	1	3.73877382278
20	1	1.01170802116
20	1	3.57720994949
20	1	0.637164115906
20	1	0.794621944427
20	0	0.643050909042
20	1	0.922099113464
20	1	0.499638080597
20	0	0.468175888062
20	1	0.514630079269
20	1	1.73958086967
20	1	0.539986848831
20	1	0.497622013092
20	1	0.547397851944
20	0	0.571391105652
20	1	4.84424495697
20	1	2.55469202995
20	1	0.546352863312
20	0	0.619406938553
20	1	1.20563006401
20	1	0.584061861038
20	1	0.605255126953
20	1	1.53144621849
20	1	0.594751834869
20	1	0.915354013443
20	1	0.563158988953
20	1	1.13244390488
20	0	1.83325004578
20	1	0.531071186066
20	1	2.48352193832
20	1	0.467639923096
20	1	0.563537120819
20	1	1.35372900963
20	1	0.586042165756
20	0	0.52633190155
20	1	0.523890972137
20	0	1.90468978882
20	1	0.716175079346
20	1	0.5143699646
20	1	1.65986394882
20	1	0.571000099182
20	1	0.811644077301
20	1	0.570555925369
20	1	0.641744852066
20	1	0.537679195404
20	1	0.780556917191
20	1	2.24327707291
20	1	1.00846004486
20	1	0.46808886528
20	1	0.603135108948
20	1	0.629279851913
20	0	2.35402393341
20	1	0.572134017944
