4	1	0.919416904449
4	1	1.30619812012
4	0	1.05291509628
4	1	1.05288314819
4	1	2.50554895401
4	0	0.959650039673
4	0	0.919410943985
4	1	1.065969944
4	1	2.58527302742
4	1	1.10615921021
4	1	0.826327085495
4	1	0.959536075592
4	1	3.34477591515
4	0	1.4123249054
4	1	2.30523300171
4	1	3.38515591621
4	1	0.825971126556
4	0	2.35844707489
4	1	0.77281999588
4	1	0.826115846634
4	0	1.01288700104
4	0	0.839438199997
4	1	0.733146905899
4	1	1.26608610153
4	0	0.866219043732
4	1	0.706157922745
4	1	2.55852103233
4	1	1.83904099464
4	1	1.65288591385
4	1	2.13238787651
4	1	2.1585059166
4	1	0.906138896942
4	1	2.95860600471
4	1	1.09279990196
4	0	2.14571714401
4	1	1.53234195709
4	0	3.0784971714
4	1	1.25287389755
4	1	0.813235998154
4	1	2.89177894592
4	1	0.892842054367
4	1	1.226115942
4	0	2.25195407867
4	1	1.67892384529
4	0	2.09203910828
4	1	1.53226399422
4	1	1.03944396973
4	0	2.03902316093
4	1	2.05231595039
4	1	1.39951610565
4	1	2.47899413109
4	1	1.67951488495
4	0	2.21232414246
4	1	2.71878409386
4	0	2.37231898308
4	0	0.746644973755
4	1	0.73273897171
4	0	1.61223196983
4	1	0.919492006302
4	1	0.680120944977
4	1	0.746191978455
4	1	1.05285692215
4	1	1.10615086555
4	1	0.759590148926
4	1	1.18608999252
4	1	0.879549026489
4	1	1.58617305756
4	1	0.919457912445
4	1	0.89287686348
4	1	1.06625413895
4	1	0.826117992401
4	0	0.812971830368
4	1	0.946208953857
4	0	1.73239302635
4	1	1.22582411766
4	1	0.932730913162
4	1	0.932812929153
4	0	1.53235197067
4	1	1.17279100418
4	1	0.839593887329
4	1	0.999521017075
4	1	0.946182012558
4	0	1.41250491142
4	0	1.37290787697
4	1	1.83904290199
4	1	1.07948303223
4	1	0.639778852463
4	1	1.03947687149
4	1	0.906602144241
4	0	1.14615607262
4	0	1.15943408012
4	1	0.972732067108
4	1	0.999378919601
4	1	1.21266508102
4	0	1.23954200745
4	1	0.999577999115
4	1	3.55800199509
4	1	4.39746594429
4	0	1.37238502502
4	0	1.19949579239
4	0	1.18617200851
5	1	1.54576706886
6	0	0.786157131195
5	1	0.999507904053
5	1	1.83906984329
6	1	1.99898982048
5	0	2.53218317032
6	1	1.01275801659
6	1	1.18567204475
6	1	1.4389770031
5	1	0.852710008621
5	0	2.01235103607
6	1	0.959459066391
6	1	0.999522924423
5	1	1.09285497665
6	1	1.01281905174
6	1	1.57238793373
6	0	0.852905988693
6	1	1.46599078178
6	0	0.599648952484
5	1	0.706676959991
6	1	0.959603071213
5	1	2.73179602623
6	1	0.799779176712
6	1	1.4527630806
6	1	0.932867050171
6	1	0.772706985474
6	1	0.626248121262
5	1	1.01280403137
6	1	0.839501142502
6	1	0.786339044571
5	1	0.719742059708
5	1	0.692877054214
6	1	0.652873039246
6	1	1.14588499069
6	1	0.652704000473
6	1	0.759479045868
5	0	0.826074123383
6	1	0.706459999084
6	1	0.639414072037
5	1	0.719820976257
5	0	0.959463834763
5	1	0.826138019562
5	1	0.852924108505
5	1	0.62642788887
5	1	0.693325042725
5	1	0.692929029465
6	1	1.03950190544
6	1	0.719951868057
5	0	0.692986011505
5	0	0.839477062225
6	1	0.67952299118
5	1	0.813314914703
5	1	0.812913894653
5	1	0.759515047073
5	0	1.22574710846
6	1	0.692828893661
5	1	0.852874994278
6	1	0.65331196785
5	1	0.892851114273
6	1	0.852818012238
5	1	0.879512071609
5	1	1.34607791901
5	0	5.50414896011
6	1	0.799455165863
6	1	0.919572114944
6	1	1.14615678787
6	1	0.732769012451
6	1	0.773352861404
5	1	0.852812767029
5	1	0.86613702774
5	1	0.91983294487
5	1	1.19950485229
5	1	3.19847512245
5	1	0.799452781677
5	1	0.826431035995
6	1	0.679404973984
6	1	0.812734127045
6	1	0.666681051254
6	1	1.91895413399
5	1	1.93238997459
5	1	1.23943090439
6	1	3.26457381248
5	1	0.786217927933
6	0	4.41081690788
5	1	0.919461011887
6	0	0.733130216599
5	1	0.666214942932
6	1	1.49238705635
6	1	0.733070135117
6	0	0.879501819611
6	1	0.706458806992
5	1	0.719555139542
6	1	0.666168928146
6	1	2.05226707458
5	1	0.719631910324
6	1	0.746191978455
6	1	0.692893028259
5	1	0.746716976166
6	1	0.706118106842
6	1	0.652951955795
5	1	0.666212081909
5	1	2.47854590416
6	1	0.719485998154
5	1	0.640007019043
5	1	0.63999414444
5	1	0.586269140244
6	1	0.612789154053
6	1	0.679395914078
6	1	0.732836008072
5	0	1.5195069313
5	1	0.759948015213
5	1	1.58588910103
5	1	1.79908490181
6	1	1.01295495033
6	1	0.826171875
1	1	2.07906508446
1	1	0.652981042862
1	1	0.733371973038
1	1	0.919501066208
1	1	0.62627196312
1	1	0.959516048431
1	1	0.666273832321
1	1	0.65284204483
1	0	2.07905197144
1	1	0.986256122589
1	1	0.692858934402
1	1	0.773050069809
1	1	0.772899150848
1	1	0.812888860703
1	1	2.19853997231
1	1	0.692756891251
1	1	0.732813119888
1	1	1.25264215469
1	1	0.666141986847
1	1	0.732932090759
1	1	1.06624507904
1	1	0.706046104431
1	1	0.812954902649
1	1	0.812829017639
1	1	0.692799806595
1	1	0.732829093933
1	1	0.826653003693
1	1	0.732934951782
1	0	1.3726401329
1	1	0.679507017136
1	1	0.652864933014
1	1	0.639545917511
1	0	1.0393409729
1	1	0.89284992218
1	1	0.799561023712
1	1	0.733249902725
1	1	0.692880868912
1	1	0.786226987839
1	1	0.653023004532
1	1	0.746665000916
1	1	0.826119184494
1	0	0.866233110428
1	1	0.972942829132
1	0	0.746075153351
1	1	0.706078052521
1	0	0.880083084106
1	1	0.826103925705
1	1	0.799525976181
1	1	0.799950122833
1	1	0.679436922073
1	0	1.42590689659
1	1	0.812761068344
1	1	0.839559078217
1	1	0.653264045715
1	1	0.732766866684
1	0	0.852786064148
1	1	1.02591109276
1	1	0.892860174179
1	0	1.519064188
1	1	2.63857698441
1	0	1.14614009857
1	0	2.2524740696
1	1	0.866153001785
1	0	0.786154985428
1	1	0.786667108536
1	1	0.892898082733
1	0	2.09236288071
1	1	0.83954000473
1	1	1.23919296265
1	1	0.759458065033
1	1	2.19885206223
1	1	0.919517993927
1	1	0.61279296875
1	1	0.759835004807
1	1	0.812963962555
1	1	3.85137796402
1	1	0.786265850067
1	1	1.82561206818
1	1	0.799511909485
1	1	0.839453935623
1	1	0.733143806458
1	1	1.03955316544
1	1	0.746671199799
1	1	0.839560031891
1	1	0.812843084335
1	1	0.919584035873
1	1	1.18609189987
1	1	1.22614812851
1	1	0.812819957733
1	1	1.1461789608
1	1	2.63841891289
1	1	1.19908308983
1	1	1.22625279427
1	1	0.826191186905
1	1	3.05176091194
1	1	1.11951303482
1	1	1.132573843
1	1	0.732835054398
1	1	0.812901973724
1	1	0.773360967636
1	0	1.42617201805
1	1	0.759499788284
1	1	0.932919979095
1	0	0.786468982697
1	1	0.972878932953
1	1	0.759469985962
1	1	0.746657133102
1	1	0.732946872711
1	0	0.879530906677
1	1	1.54560399055
1	1	0.653072118759
1	0	1.39950108528
1	1	0.626510858536
1	1	0.679943799973
1	1	0.666104793549
1	1	0.759523153305
1	1	0.986167907715
1	1	0.812892913818
1	1	0.866235971451
8	1	1.26630020142
8	1	0.733332872391
7	1	0.759451150894
8	1	2.61188197136
8	1	0.81280207634
8	0	1.21281099319
7	1	0.866228103638
8	1	0.706644058228
7	1	0.799415111542
8	1	0.746186971664
7	0	0.653043031693
8	1	0.879671096802
8	0	1.39946079254
8	1	0.852806806564
8	1	0.772799968719
8	1	0.813323974609
7	1	0.732841968536
7	1	0.759478092194
7	0	0.866092920303
8	1	0.852886915207
8	1	0.812779903412
8	1	0.786326885223
7	1	0.77296090126
8	1	0.799589157104
8	0	2.37185406685
7	1	0.852827072144
7	1	0.720005989075
8	1	0.759476900101
8	1	0.706213951111
7	1	0.786246061325
7	0	0.813280820847
8	1	0.772881031036
8	1	0.772660017014
8	1	0.852906942368
8	0	0.812676906586
7	1	0.746047019958
7	1	0.75951218605
7	1	2.3857049942
7	0	3.31844091415
8	0	0.879520177841
7	1	0.772897958755
8	1	1.14613699913
7	1	0.786318063736
7	1	0.759549856186
8	1	0.812833070755
7	1	0.972875118256
8	0	0.906160116196
8	0	1.63922715187
7	1	0.932807922363
7	1	1.05269813538
8	1	0.800065994263
8	1	0.892940044403
7	1	0.946106910706
8	1	1.17278504372
8	0	0.89299082756
7	1	1.34612703323
8	0	0.879480838776
7	1	0.946105957031
8	1	0.706697940826
7	1	1.02614402771
7	1	2.0523018837
8	1	1.53296899796
7	0	0.786155939102
8	1	2.21238183975
8	1	0.799510002136
7	1	0.692771911621
8	0	2.33175587654
7	1	0.866197109222
7	1	2.37245488167
8	1	1.38609790802
8	1	0.679432868958
7	0	1.61284208298
8	1	2.03894901276
8	1	0.652830123901
8	1	0.919553995132
7	0	2.55900597572
8	1	0.679509878159
7	1	0.666097164154
7	1	2.31845188141
7	1	0.959454774857
7	1	0.826654195786
8	1	0.892796039581
7	1	0.586212873459
8	1	0.719496011734
8	0	3.81173682213
7	0	0.826114177704
7	1	0.852793931961
7	1	0.972762107849
8	1	0.692723989487
7	1	0.652714967728
8	1	1.63928890228
8	0	1.35952711105
8	1	0.839776992798
8	1	0.826127052307
8	0	0.786257982254
8	1	0.692957878113
7	0	0.653417110443
7	1	0.732826948166
7	0	0.986166000366
7	1	0.853270053864
7	1	0.879462957382
7	1	0.852927923203
8	0	0.986143827438
8	0	1.4790558815
8	1	0.813056230545
7	1	0.653023958206
8	1	2.47904896736
7	1	0.826708078384
7	1	0.892863035202
7	0	1.01286196709
7	1	0.772905111313
8	0	0.892861843109
8	1	1.69273996353
8	1	0.839599132538
8	1	0.759619951248
8	1	0.932904958725
3	1	1.1461520195
3	1	0.693284034729
3	1	0.83957695961
3	1	0.666132926941
3	1	0.732877969742
3	0	0.786575078964
3	1	0.653068065643
3	1	0.999440908432
3	1	0.772979974747
3	1	0.94607591629
3	1	0.639544963837
3	1	0.82607293129
3	1	0.906095981598
3	1	0.999539136887
3	1	1.18623805046
3	1	0.692857027054
3	1	0.706555843353
3	1	0.733067989349
3	1	0.65270614624
3	1	1.38578701019
3	1	0.959482908249
3	1	0.839859962463
3	1	0.799489974976
3	1	1.05283904076
3	1	0.773175001144
3	1	0.812761068344
3	1	0.826189994812
3	1	0.733361005783
3	1	0.679450035095
3	1	0.732912063599
3	0	0.786206960678
3	1	0.72004199028
3	1	1.86565184593
3	1	1.07950305939
3	1	0.852804899216
3	1	0.906243085861
3	1	0.693293094635
3	1	0.812731027603
3	1	0.759644985199
3	1	0.826195955276
3	1	3.09180808067
3	0	1.01278114319
3	0	0.866172075272
3	1	1.06627106667
3	1	0.706495046616
3	1	0.7194480896
3	1	0.772855043411
3	1	2.38539910316
3	0	2.94522714615
3	1	0.959476947784
3	0	0.666239976883
3	0	0.719572067261
3	1	0.653340101242
3	1	0.919509887695
3	0	0.932775020599
3	1	5.49078917503
3	0	0.746582984924
3	1	1.9589779377
3	1	0.786222934723
3	1	1.54621195793
3	1	0.772873878479
3	1	0.826146841049
3	1	0.719439983368
3	1	1.18608999252
3	1	1.17261004448
3	1	1.05293607712
3	0	1.21279096603
3	1	2.61184406281
3	1	0.626068115234
3	1	0.63982796669
3	1	0.826314926147
3	1	1.31949687004
3	1	1.25284790993
3	0	1.90590381622
3	1	0.732836008072
3	1	0.85288310051
3	1	1.03954386711
3	1	0.70611000061
3	0	0.732887983322
3	1	1.65284490585
3	1	1.18616700172
3	1	0.693140983582
3	1	0.73345708847
3	1	2.34565401077
3	1	0.733079910278
3	0	1.09271812439
3	1	0.693294048309
3	1	0.826174020767
3	1	0.679478168488
3	1	0.932741165161
3	1	0.666604042053
3	1	0.972754001617
3	1	0.719508886337
3	1	0.972743034363
3	1	0.746098995209
3	1	1.19897699356
3	1	3.49128913879
3	1	2.731965065
3	1	0.746223211288
3	0	1.15949702263
3	1	0.679573774338
3	1	0.90621304512
3	1	0.77281999588
3	1	1.62559318542
3	1	2.14560699463
3	0	1.7190220356
3	1	2.97187495232
3	1	2.69233202934
3	1	1.62610292435
3	1	0.959450960159
3	1	0.83949804306
3	1	0.799427032471
3	1	0.879505157471
5	1	2.505215168
5	1	1.33241295815
5	1	1.06621313095
6	1	1.15952992439
6	0	1.90579390526
6	0	2.6386051178
6	1	4.37137794495
5	1	1.46617507935
5	1	1.75901293755
6	0	2.25243711472
6	1	1.31950592995
6	1	2.39907002449
6	1	1.79950380325
6	1	3.02527809143
5	1	1.53249311447
5	1	1.19938802719
6	1	1.61233401299
6	0	3.38471698761
6	1	1.41228199005
6	1	1.29265904427
5	1	1.1595788002
6	1	1.14619898796
6	1	1.15941786766
6	1	1.41295814514
5	1	1.70566487312
6	0	1.63908100128
6	0	2.62524604797
5	1	1.46571493149
5	1	1.26575016975
6	0	3.18515014648
5	1	1.31956791878
6	1	1.29282212257
5	1	1.21228814125
5	0	1.23947501183
5	1	0.759445905685
6	1	0.839599847794
6	1	1.39932894707
5	1	2.85187101364
6	0	3.54517006874
6	1	1.01281714439
6	1	1.19918489456
6	1	1.03944301605
5	1	1.19955205917
5	0	1.18590092659
5	1	1.14622879028
6	0	1.98565912247
5	1	1.46561598778
6	1	1.2528090477
5	0	1.73231101036
5	1	1.69228291512
6	1	0.706151008606
6	1	0.840016126633
6	1	0.839442014694
5	1	0.799550056458
5	1	3.5585231781
5	1	0.919608831406
5	1	0.599558115005
5	1	0.69286608696
6	1	1.0661509037
5	0	1.2128880024
5	1	0.866503953934
6	1	0.679501056671
5	1	3.07847809792
6	1	2.50565910339
6	0	3.0652589798
6	0	0.839496850967
5	1	0.666656970978
5	1	2.87848687172
6	1	0.839537143707
5	1	1.42615890503
6	1	0.733278989792
5	1	0.799508810043
5	1	0.732748985291
6	1	1.98559594154
6	1	0.946204900742
6	1	1.15946602821
5	1	1.90571117401
5	0	0.812858819962
5	0	1.78602004051
6	1	0.946140050888
6	1	1.21234297752
5	1	0.74614405632
6	0	0.879570007324
5	1	0.826159000397
6	1	0.812824010849
5	1	2.35845899582
6	1	2.25181794167
5	0	3.17161917686
5	0	1.62608480453
6	1	1.01291918755
6	0	0.77282500267
6	0	1.01286697388
5	1	0.852812051773
5	1	2.43901395798
6	1	0.933103084564
5	1	0.786196947098
5	1	2.03907799721
6	1	1.46620893478
2	1	1.31931996346
2	1	1.01278686523
2	1	0.69301199913
2	1	0.693315029144
2	1	0.79953789711
2	1	0.666054010391
2	1	0.692750930786
2	1	1.29285597801
2	1	0.652846097946
2	1	0.613192081451
2	0	0.720077991486
2	1	0.759614944458
2	1	0.73287987709
2	1	2.42514014244
2	1	0.959530115128
2	1	4.03799200058
2	1	1.43901705742
2	1	0.946125984192
2	1	0.799649953842
2	1	0.70615696907
2	1	0.759429931641
2	0	0.906477212906
2	1	1.06615304947
2	1	0.999454975128
2	1	1.07960581779
2	1	1.01284503937
2	1	0.932866811752
2	0	2.53239607811
2	1	0.866587877274
2	1	0.746162891388
2	1	0.839468955994
2	1	2.35904407501
2	1	3.5847299099
2	0	1.43928599358
2	1	0.946264982224
2	1	0.746184110641
2	1	0.839452028275
2	1	3.07829499245
2	1	0.892893075943
2	1	0.733125209808
2	1	0.786224126816
2	0	3.03853392601
2	1	0.773204803467
2	0	1.14611697197
2	1	0.839822053909
2	1	1.0261528492
2	1	2.7584810257
2	1	3.49184393883
2	1	1.13271617889
2	1	1.09272503853
2	0	1.21276092529
2	1	1.18611598015
2	1	2.17213916779
2	1	1.73226380348
2	0	1.98573589325
2	0	1.19941806793
2	1	1.09253501892
2	1	0.986182928085
2	1	0.733369112015
2	1	1.26618504524
2	0	1.37272906303
2	1	3.10478496552
2	0	1.89225792885
2	1	1.31904816628
2	1	0.719573020935
2	0	0.973066091537
2	1	3.05181288719
2	0	0.946439981461
2	1	0.866245985031
2	0	0.866141796112
2	0	0.959434986115
2	1	0.946100950241
2	1	0.786565065384
2	1	0.852866172791
2	0	1.21244692802
2	1	3.81134200096
2	1	0.706202983856
2	1	1.7862701416
2	1	0.746102809906
2	1	0.852900028229
2	1	1.13239908218
2	0	1.30614590645
2	0	1.27942895889
2	1	0.866163015366
2	1	0.799541950226
2	0	0.866149902344
2	1	0.66673707962
2	1	2.42565107346
2	1	1.82570695877
2	1	0.719528913498
2	1	0.706257820129
2	1	0.720025062561
2	0	1.14617800713
2	1	0.893213033676
2	1	0.879555940628
2	1	0.706165075302
2	1	0.853141069412
2	1	2.23906707764
2	0	1.49280881882
2	1	0.680037021637
2	1	0.826142072678
2	0	0.852765798569
2	1	0.813220977783
2	1	0.852904081345
2	1	2.45174407959
2	0	1.27958703041
2	1	0.919652938843
7	1	0.79956817627
8	1	0.653388977051
8	1	0.706559896469
7	0	0.679615974426
7	1	0.652836084366
7	1	0.946079969406
7	0	0.852875947952
7	1	0.666258811951
7	1	0.692883968353
7	1	0.986322164536
7	1	1.11962294579
7	1	1.25284004211
7	1	3.59797906876
7	1	0.852981090546
7	1	1.17287802696
8	0	0.693120002747
7	1	0.679996013641
7	1	0.652894973755
8	1	1.02620196342
7	1	0.73326086998
8	1	0.719501018524
7	0	0.732959032059
7	1	1.03956699371
7	1	0.71954703331
8	1	0.612999916077
7	1	0.692800998688
8	1	0.852799892426
7	1	0.906196832657
8	1	0.692942857742
7	1	0.692842006683
7	1	0.693456888199
8	1	0.599948883057
8	1	0.652899980545
7	1	0.732845067978
8	1	0.919412851334
7	1	0.879568815231
8	1	0.639518022537
8	0	0.772819042206
8	1	0.639940023422
8	1	0.773133993149
7	1	0.612869024277
8	1	0.852814912796
8	1	0.599577903748
7	1	0.65329003334
8	1	0.786509037018
7	1	0.692760944366
8	0	0.706115961075
8	1	0.626179933548
7	1	0.906545162201
8	1	0.732706069946
7	0	0.652736902237
8	1	0.892761945724
8	1	0.81278014183
8	1	0.666105031967
8	1	0.692844152451
8	1	0.732873916626
7	1	1.18616700172
7	1	0.679441928864
7	1	0.693349838257
7	1	0.67995595932
7	1	0.746079921722
8	1	0.692899942398
8	0	1.98575997353
8	1	0.799494028091
8	1	0.892735958099
8	1	0.720107078552
8	1	0.812834024429
8	1	0.706247806549
7	1	0.692859888077
7	1	0.800071001053
8	0	1.4129281044
7	1	1.06615185738
7	1	0.852782964706
8	1	0.746432065964
7	1	3.6381020546
8	0	1.18609309196
7	1	0.746109008789
8	1	0.772833108902
8	1	0.879575967789
8	1	0.640102863312
7	1	0.759505987167
8	1	0.74622297287
8	0	0.692804098129
8	1	0.70668387413
8	1	0.799516916275
8	1	0.999529838562
8	0	0.706693172455
7	1	0.772863864899
8	1	0.612910985947
8	1	0.692813873291
7	1	0.799633026123
7	1	1.13283109665
7	1	0.612861156464
7	1	0.786490917206
8	1	0.719568014145
8	1	0.719581127167
8	1	0.732784032822
7	1	3.50489997864
7	1	0.826576948166
7	1	0.732892990112
7	1	1.159512043
8	1	0.746301174164
7	1	0.75954413414
8	1	1.83883690834
8	1	0.986150979996
7	1	0.692749023438
8	1	0.666182041168
8	1	0.706386804581
7	1	0.680039167404
7	1	0.746214151382
8	1	0.586173057556
8	1	0.812793016434
8	1	0.706522941589
8	0	0.759674072266
8	0	0.812975168228
8	1	1.77243208885
7	1	0.746602058411
8	1	1.17275595665
7	1	0.719975948334
8	0	0.812960147858
8	1	0.932883024216
8	1	0.786662101746
8	1	2.05228590965
7	1	0.866106987
8	1	0.799526929855
16	0	0.745002031326
16	1	0.66016292572
15	1	0.570595979691
16	1	0.68838095665
15	1	0.722679853439
16	0	0.690690994263
15	1	0.568624973297
16	1	0.642277956009
15	0	0.610409021378
15	1	0.595751047134
15	1	0.5940990448
15	1	0.602727890015
15	1	0.667917013168
15	1	0.711673974991
15	1	0.61309504509
15	1	0.627618074417
16	1	0.626760005951
15	1	0.626255989075
16	1	0.712074995041
16	1	0.659152030945
15	1	0.657156944275
15	1	0.667777061462
16	1	0.67582988739
15	1	0.719405174255
16	1	0.882972002029
16	1	0.7079641819
15	1	0.705537796021
15	1	0.706342935562
15	1	0.720867872238
15	1	0.757002830505
16	1	0.720715999603
16	1	0.677167892456
15	1	0.60813999176
15	1	0.627642869949
15	1	0.618604898453
15	1	0.556235074997
15	1	1.24412298203
15	1	3.40246701241
15	1	0.626861095428
16	0	0.546159029007
15	1	0.544978141785
15	1	0.708444833755
15	1	0.522383928299
16	1	0.514609098434
16	1	0.754947900772
16	0	0.578570127487
15	1	0.633514881134
16	0	0.554921865463
15	1	0.624907016754
15	1	0.594050884247
16	1	0.644053936005
16	0	0.772794008255
16	1	0.569958925247
15	1	0.748024940491
16	1	0.570882081985
16	1	0.680061817169
15	0	3.17813301086
16	1	0.747668027878
15	1	0.649939060211
16	0	2.54512906075
15	1	0.666719913483
16	1	1.54738998413
15	0	0.608971834183
15	1	0.618352890015
15	1	0.481806993484
15	1	0.637238025665
15	0	0.59383893013
15	1	0.60769701004
16	1	0.579546928406
15	1	0.515326023102
16	1	0.496460199356
15	1	0.509174108505
16	1	0.594403982162
16	1	0.56865477562
15	1	0.549360990524
16	1	0.618849992752
16	0	0.771301984787
15	1	0.593884944916
15	1	0.65162396431
16	0	0.833055973053
16	1	1.31487107277
16	0	1.40938282013
15	1	0.745413064957
15	1	0.595343112946
15	1	0.874118089676
15	1	0.770581007004
16	1	0.738642930984
15	1	0.699253082275
16	1	0.569790124893
15	1	1.07310509682
15	1	0.914567947388
16	1	0.986582994461
16	1	1.26624202728
15	1	0.698197126389
16	1	0.57937002182
15	0	0.689910173416
16	1	0.905542135239
15	1	0.666849136353
16	0	1.2747900486
16	1	1.65122580528
16	1	1.01753783226
16	0	1.92294287682
15	1	0.665460109711
16	1	0.561700105667
15	1	0.706703901291
15	1	0.629455089569
16	0	0.641679048538
16	1	0.693449020386
15	1	0.63264298439
16	1	0.633449077606
15	0	0.602460861206
16	1	0.930670022964
15	1	0.603453159332
15	1	0.696179151535
16	1	0.601732969284
16	1	0.947909832001
15	1	0.808303833008
15	1	0.569710969925
15	1	0.79597902298
16	1	0.722129821777
16	1	0.611760854721
16	1	0.617851018906
15	1	0.658663034439
16	1	0.579051017761
16	1	0.626627922058
15	1	0.482413053513
15	1	0.512398004532
15	1	0.601834058762
15	1	0.658401966095
15	1	0.644269943237
15	0	0.464876174927
16	1	0.657398939133
13	0	1.57971405983
14	1	0.737128019333
13	1	0.627696037292
14	1	0.634783029556
13	1	0.689403057098
14	1	0.556319952011
13	1	0.552869081497
13	0	0.627238988876
14	1	0.53126502037
13	1	0.671772956848
14	1	0.601696968079
14	1	1.45341897011
13	1	0.593272924423
14	1	0.778997898102
14	0	0.743706941605
14	0	0.541335821152
13	1	0.616871833801
14	1	1.49255299568
13	1	0.58495092392
14	1	0.611123085022
14	1	2.2342209816
14	1	0.819149017334
13	1	0.62588095665
14	1	0.675583124161
13	1	0.874718904495
14	1	2.28205990791
13	0	2.0349149704
13	1	1.02538514137
13	1	0.914984941483
14	1	2.50533485413
13	1	0.802004814148
14	1	1.53848695755
13	1	1.16952586174
13	1	0.51513504982
13	1	0.632625102997
14	1	0.514972925186
13	1	0.507836103439
13	1	0.640894174576
14	1	0.748862981796
14	1	0.937555074692
14	0	0.667943954468
13	1	0.727385997772
13	1	0.581413984299
14	1	0.914048194885
13	0	0.881799936295
14	1	0.683326005936
14	1	0.682727813721
14	1	0.792809009552
14	1	0.701661109924
14	1	0.698411941528
13	1	0.87207198143
13	0	1.4926469326
13	1	0.729420900345
13	1	2.28791689873
13	1	4.0187728405
14	1	0.642032146454
14	1	0.500478982925
13	1	0.545464038849
13	1	0.611797094345
14	0	0.568532943726
13	0	0.635093927383
13	1	0.88898897171
13	1	0.907482862473
14	1	0.53976893425
13	1	0.850126028061
13	1	0.61856508255
13	0	0.641010046005
13	1	0.562888860703
13	1	0.588381052017
13	1	0.802737951279
13	1	0.626260995865
13	1	0.699671983719
14	1	0.651933908463
14	1	0.593778848648
13	0	0.826826095581
13	1	0.531489849091
14	1	0.585114002228
13	1	1.90492081642
14	1	2.1929500103
13	1	0.764282941818
13	1	0.570501804352
13	1	0.570506095886
14	1	0.602988004684
13	0	0.851996898651
14	0	0.545376062393
14	1	0.523629903793
13	1	0.642054080963
14	1	0.819612026215
13	1	0.703418970108
14	1	0.724481105804
14	1	2.2659869194
13	1	2.14608597755
13	1	2.40376400948
13	1	0.570555210114
14	1	0.617068052292
13	1	0.642050027847
14	1	0.746560811996
14	1	0.761174917221
14	1	0.643635034561
14	1	0.551916122437
13	1	0.597887992859
14	1	0.497225046158
13	1	0.473618030548
13	1	0.613546133041
14	1	0.554809808731
13	1	0.545899152756
13	1	0.481862068176
14	1	0.682644128799
14	1	0.546413898468
14	1	0.5561170578
14	1	1.17721009254
13	1	0.483621120453
13	0	0.577696800232
13	0	0.673136949539
13	0	0.618813037872
14	1	0.644032001495
14	1	0.563024044037
14	1	0.513627052307
13	1	1.84983706474
13	1	0.674113988876
13	1	1.37133789062
14	1	0.698785066605
13	1	0.579587936401
14	1	0.586580038071
14	1	0.594860076904
13	1	0.666185855865
13	0	2.3283290863
13	1	0.587582111359
13	1	0.578948020935
14	1	0.565340042114
14	1	0.53630900383
13	1	0.58465385437
14	0	0.611607074738
14	1	0.668333053589
14	1	0.722251176834
13	1	0.553007125854
13	1	0.592602968216
14	1	1.88196492195
13	1	1.1800198555
14	1	0.706371068954
14	1	0.994313955307
13	0	0.578715085983
13	1	0.674386978149
14	1	0.443973064423
14	1	0.557090997696
14	0	0.777924060822
13	1	0.610380887985
14	1	0.634510040283
13	1	0.540834903717
14	1	1.2904689312
13	1	0.560435056686
14	1	0.64395403862
14	1	0.665884971619
14	1	0.643022060394
14	1	0.792515993118
14	1	0.876635074615
14	1	0.664825201035
14	1	0.609766960144
14	1	0.62757396698
13	1	0.529690980911
14	1	0.570318937302
13	0	0.645419120789
14	1	0.58403801918
13	1	0.617648839951
13	1	0.564931869507
14	1	0.674301862717
13	1	0.713153123856
14	1	0.625289916992
13	1	0.587538957596
14	1	0.688925981522
13	1	1.12381792068
14	1	0.491719961166
14	1	0.922096014023
14	1	0.457156896591
13	0	0.653455972672
14	1	0.842266082764
14	1	0.60293507576
13	1	0.576312065125
13	1	0.572407007217
13	1	0.705048799515
14	1	0.73875784874
13	1	0.785681009293
14	1	0.650358915329
14	1	0.476792097092
14	1	0.712474107742
13	1	1.73361992836
13	1	0.794279098511
13	1	0.682963132858
13	0	3.33916211128
13	1	0.640089988708
14	1	1.40922522545
14	0	0.985800981522
14	1	1.02022695541
13	1	1.68122410774
14	0	0.938109874725
14	0	1.06571984291
14	1	0.683336019516
13	1	0.852284193039
13	0	0.993834018707
14	1	0.611078023911
14	1	2.36379408836
13	0	3.18356204033
14	1	1.17231082916
13	1	1.03593015671
13	1	2.47343015671
14	1	0.863704919815
14	1	0.883729934692
13	1	0.804074048996
13	1	0.793461084366
13	0	0.867798089981
13	1	0.680624961853
13	1	0.538875102997
14	1	0.795121908188
13	0	1.33839702606
13	1	0.523051023483
14	0	0.610133886337
14	0	0.698997974396
13	1	0.635418891907
13	1	0.713090181351
14	1	0.557038068771
14	1	1.03994607925
13	0	2.86703705788
13	1	2.19561100006
14	1	1.16145801544
13	1	1.62667798996
13	1	2.35527205467
14	1	0.705380916595
14	0	0.732583999634
14	1	0.682404994965
14	1	0.73171710968
14	1	1.09727406502
14	0	0.835191011429
14	1	2.47579693794
14	1	0.602014064789
14	1	0.505822181702
13	1	0.653933048248
14	1	0.625220060349
13	1	0.583925962448
13	1	0.644503116608
13	0	0.627629995346
13	0	0.625950813293
14	1	0.626898050308
14	1	0.594742059708
13	1	0.578896999359
13	0	0.640037059784
14	1	0.56111907959
13	1	1.01074504852
14	1	0.64181804657
13	1	0.802327871323
14	1	0.644190073013
13	0	0.585510969162
12	1	0.667742013931
12	1	0.595206022263
12	1	0.84237408638
12	1	0.704930067062
12	1	0.708209991455
12	1	0.722495079041
12	1	0.645758867264
12	1	0.639250993729
12	1	0.57989192009
12	1	0.585013866425
12	1	0.593909978867
12	1	0.69836306572
12	1	0.530395030975
12	1	0.50709104538
12	1	0.521795034409
12	1	0.700188875198
12	0	0.609891176224
12	0	0.595113039017
12	1	0.634319067001
12	1	0.500053167343
12	1	0.544422149658
12	1	1.06476616859
12	1	0.635287046432
12	1	0.899504899979
12	1	0.633352994919
12	1	0.613065004349
12	1	0.578096866608
12	1	0.554319858551
12	1	0.603821992874
12	1	0.602970838547
12	1	0.529280900955
12	1	0.610787153244
12	1	0.603529930115
12	1	0.611125946045
12	1	0.60170507431
12	0	0.555371046066
12	0	2.1832587719
12	0	0.698116064072
12	1	0.867073059082
12	1	0.682990074158
12	1	1.16318678856
12	0	0.647979021072
12	1	0.787310123444
12	1	0.643800973892
12	1	0.60104393959
12	1	0.62503695488
12	1	0.673521995544
12	0	0.778611898422
12	1	0.708034038544
12	1	0.711637020111
12	1	0.661146879196
12	1	0.507107019424
12	1	0.746268987656
12	1	0.618608951569
12	0	0.642646789551
12	1	0.680408000946
12	1	0.804730176926
12	1	0.6251308918
12	1	4.05729699135
12	1	0.619194030762
12	1	0.554016113281
12	0	0.569701910019
12	1	0.577251911163
12	1	0.609725952148
12	1	0.633141040802
12	1	0.619748830795
12	1	0.634068965912
12	1	0.561851978302
12	1	0.755838155746
12	1	0.767663002014
12	0	1.37101888657
12	1	0.561995029449
12	1	0.641649961472
12	1	0.715270042419
12	1	0.777419090271
12	0	2.5147190094
12	1	1.12802505493
12	1	0.739450931549
12	1	0.609358072281
12	1	0.633903980255
12	1	0.857786178589
12	0	0.724071025848
12	1	0.785383939743
12	1	0.603427886963
12	1	0.667237997055
12	1	0.569026947021
12	1	0.625433921814
12	1	0.708870172501
12	1	0.633394956589
12	1	0.650676965714
12	1	0.588671922684
12	1	0.560406208038
12	1	0.700176954269
12	1	0.737033128738
12	1	0.819597959518
12	1	0.914670944214
12	1	0.907474994659
12	0	1.40996098518
12	1	1.28173089027
12	1	4.04977798462
12	1	0.68487405777
12	1	0.543648004532
12	0	0.620846986771
12	1	0.793421030045
12	0	0.803833007812
12	1	0.649920940399
12	1	0.600635051727
12	1	0.715428113937
12	1	0.675668954849
12	1	1.11322808266
12	1	1.28321909904
12	0	1.99302411079
12	1	0.716598033905
12	1	0.672766923904
12	1	0.818352937698
12	1	1.3551030159
12	1	0.827306032181
12	1	0.6506960392
12	1	2.0513420105
12	1	0.457885026932
12	1	0.603081941605
12	1	0.499539852142
12	1	0.745267868042
12	1	0.585345029831
12	1	0.929796934128
12	1	0.68209695816
12	1	0.603142976761
12	1	0.868248939514
12	1	0.712929010391
12	1	0.771257162094
10	0	1.80128908157
10	1	0.570663928986
10	1	0.56182718277
10	1	0.536714076996
10	0	0.875729084015
10	1	0.898266077042
10	1	2.00186109543
10	1	0.780220985413
10	1	0.649281978607
10	1	0.667807102203
10	1	0.640666007996
10	1	0.633125066757
10	1	1.14657592773
10	1	1.17994999886
10	1	1.0347070694
10	1	0.969697237015
10	1	0.970700979233
10	1	0.952953100204
10	1	1.03523993492
10	1	0.971861124039
10	1	0.897702932358
10	1	0.956300973892
10	0	1.09955310822
10	1	0.938002109528
10	1	0.91376209259
10	1	1.12364697456
10	1	2.09631705284
10	1	0.995547056198
10	1	1.08090305328
10	1	0.985605955124
10	0	1.23484396935
10	1	1.08481097221
10	1	1.97833585739
10	1	0.624542951584
10	1	0.675795078278
10	1	0.634957075119
10	1	0.736613988876
10	1	0.578670024872
10	1	0.602038860321
10	1	0.66724395752
10	1	0.732184886932
10	0	0.866848945618
10	1	0.616884946823
10	1	0.665537118912
10	0	0.891032934189
10	1	0.617535114288
10	0	4.73827385902
10	1	2.82546806335
10	1	0.635558843613
10	1	0.658077955246
10	1	2.65846014023
10	1	1.05032205582
10	1	0.490503072739
10	1	0.572190999985
10	1	0.634845018387
10	1	0.553141117096
10	1	3.01008105278
10	1	0.554855823517
10	1	0.460024118423
10	1	0.65626502037
10	1	0.540601968765
10	1	0.545376062393
10	0	0.600735902786
10	1	0.643273115158
10	0	0.530109882355
10	1	0.587033987045
10	1	0.643074035645
10	1	0.70062994957
10	1	0.601140022278
10	1	0.698564052582
10	1	0.844065904617
10	1	1.33092594147
10	1	1.01916694641
10	1	0.801806926727
10	1	1.29066705704
10	1	0.609389066696
10	1	0.634806156158
10	1	1.15983700752
10	1	0.594077110291
10	1	0.595055103302
10	1	0.642997026443
10	1	0.562778949738
10	1	0.899084806442
10	0	0.899103879929
10	1	0.62574505806
10	1	0.681097984314
10	0	0.922345876694
10	1	0.675513982773
10	1	0.547006845474
10	1	0.761801958084
10	1	0.725297927856
10	0	1.56916308403
10	1	0.633740186691
10	1	0.57005906105
10	1	0.570458889008
10	1	0.699694156647
10	1	0.858989953995
10	1	0.644268989563
10	1	1.09005618095
10	1	0.544074058533
10	1	0.596757888794
10	1	0.802291154861
10	1	0.615535974503
10	1	0.706399917603
10	1	0.658396959305
10	1	1.09875798225
10	1	0.881844043732
10	1	0.643019914627
10	1	0.780719995499
10	1	0.560148954391
10	1	0.682837963104
10	1	0.602793216705
10	1	1.28247904778
10	1	1.34096384048
10	1	0.944541931152
10	1	0.63684296608
10	1	0.673820972443
10	1	0.649230957031
10	1	0.683241844177
10	1	0.667163848877
10	1	0.64444899559
10	1	0.616489887238
10	1	0.57271194458
10	1	0.528408050537
15	1	1.22550296783
16	1	0.690074920654
15	1	0.618903875351
15	0	0.684759140015
15	1	1.20986008644
16	1	0.594617843628
15	1	0.651499032974
16	1	0.602981090546
16	1	0.554532051086
15	1	0.569949150085
15	1	0.546406984329
15	1	0.562201023102
16	1	0.507343053818
16	1	0.609673023224
15	1	0.554175853729
15	1	0.874428987503
15	1	1.33833098412
16	1	0.498154163361
15	1	0.816530942917
16	1	0.731632947922
15	1	0.737822055817
16	1	0.898701906204
15	0	2.49191594124
16	1	0.841948032379
16	1	0.554802179337
16	1	0.514743089676
16	1	0.481918096542
15	1	0.771447896957
16	1	0.642462968826
16	1	0.736943006516
15	1	0.491425991058
15	1	0.722836971283
16	0	0.946316957474
16	1	0.601109027863
15	1	0.834661006927
15	1	0.802975893021
16	1	1.87422585487
16	0	2.69746518135
16	1	0.522428035736
16	1	0.626892089844
15	1	0.994308948517
16	0	1.99392604828
15	1	2.15536308289
16	1	0.763748884201
16	1	0.857533931732
16	0	2.60055208206
16	1	0.564868211746
15	1	2.95318007469
16	1	1.02660107613
15	1	1.03328108788
15	1	1.04117918015
16	1	2.26763510704
15	1	1.08217811584
16	1	0.96030497551
15	1	1.00369095802
15	1	1.05955696106
15	1	2.40044212341
15	1	0.505260944366
15	1	0.554198026657
15	1	0.635820150375
15	1	2.03547906876
15	1	0.546386957169
15	1	2.45044207573
15	1	0.71516919136
16	1	0.705639123917
16	1	0.873955011368
15	1	0.976202964783
15	1	0.700867891312
15	1	0.923454046249
15	1	0.696532964706
15	1	2.28265690804
15	1	2.44063711166
16	1	1.2763710022
16	0	1.82573199272
15	1	0.584156036377
15	1	0.523673057556
15	1	0.70737695694
16	1	1.5378909111
15	0	2.29710197449
15	1	1.02746677399
15	1	0.929224014282
15	1	0.668812036514
15	1	0.728502988815
16	1	0.698245048523
15	1	0.876565217972
15	1	2.23301196098
16	1	1.0034558773
15	1	1.00813412666
16	1	0.716581106186
15	1	0.490079164505
16	1	0.722769975662
16	1	0.584112882614
16	1	0.748100996017
16	1	0.849067926407
15	1	0.617650032043
16	1	0.764599084854
15	1	1.2088329792
15	1	1.09028196335
15	1	0.76220202446
15	1	0.739140987396
16	1	0.689635038376
15	1	1.36159896851
16	1	1.45769405365
16	1	0.781354904175
16	1	0.955023050308
15	1	0.689399003983
16	1	1.34599590302
16	1	0.804547071457
16	0	0.809190034866
15	0	1.88411808014
16	1	0.513494968414
15	1	0.642868995667
16	1	0.695559024811
15	0	1.50824308395
15	1	0.523129940033
16	0	0.760301113129
16	1	0.754444122314
16	1	0.619184017181
15	0	0.754338026047
11	0	1.6594209671
11	1	0.561125040054
11	1	0.650813102722
11	1	0.554347991943
11	1	0.492291927338
11	1	0.568319797516
11	1	0.595602035522
11	0	0.632734060287
11	1	0.723834037781
11	0	0.576408863068
11	1	2.37153601646
11	1	0.771301984787
11	1	0.778156995773
11	1	1.21874809265
11	1	3.47436499596
11	1	0.649473905563
11	1	0.954173088074
11	0	2.04303598404
11	1	1.11393404007
11	1	0.873281955719
11	1	0.635786056519
11	0	0.706073045731
11	1	0.730473041534
11	0	1.36998414993
11	0	4.81790113449
11	1	1.45666599274
11	1	0.851214885712
11	1	1.14550280571
11	1	1.45958280563
11	1	1.57881808281
11	1	0.636357069016
11	1	0.825674772263
11	0	0.834006071091
11	1	0.868812084198
11	1	0.690181016922
11	1	3.47293686867
11	1	0.64951300621
11	1	0.578727006912
11	1	0.698790073395
11	1	0.768887042999
11	1	0.657745838165
11	1	0.676062107086
11	1	0.779451131821
11	1	2.59247112274
11	1	0.627372980118
11	1	0.88978600502
11	1	1.37207508087
11	1	0.88997387886
11	1	0.841747045517
11	1	0.874398946762
11	0	1.57819390297
11	1	0.723895072937
11	1	0.584772109985
11	1	1.01231598854
11	1	0.569883108139
11	1	0.706278085709
11	0	2.37657999992
11	0	1.68378806114
11	1	0.633492946625
11	1	0.665772914886
11	1	0.812402009964
11	1	0.64053606987
11	1	1.16174602509
11	1	0.722586154938
11	1	0.626839876175
11	1	1.88324999809
11	1	0.675940036774
11	1	0.681750059128
11	1	0.751903057098
11	1	0.516219139099
11	1	0.585407972336
11	1	0.563436985016
11	1	0.610539913177
11	1	0.954632997513
11	1	0.842386007309
11	1	3.04136800766
11	1	0.674247980118
11	1	0.859867811203
11	1	0.68870306015
11	1	0.892843008041
11	1	0.944458007812
11	1	0.585777044296
11	1	0.561419010162
11	1	2.93000102043
11	0	1.33911705017
11	1	0.809803009033
11	0	0.833872079849
11	1	0.661293983459
11	1	1.16183710098
11	1	0.745951890945
11	0	0.641853809357
11	0	0.651553153992
11	1	0.514315128326
11	1	0.554929018021
11	1	0.696627140045
11	1	0.618824005127
11	1	0.666147947311
11	1	0.972285032272
11	1	0.619366168976
11	1	0.665038824081
11	1	0.723114967346
11	1	1.33820199966
11	1	0.828159093857
11	0	0.772325992584
11	1	0.495651006699
11	1	6.13123583794
11	1	0.817312002182
11	1	2.09839487076
11	1	0.947238922119
11	1	0.515326976776
11	1	0.49844288826
11	1	0.601750135422
11	1	0.53929901123
11	1	0.604372024536
11	1	0.608172893524
11	1	0.612905979156
11	1	0.513704061508
11	1	0.643307924271
9	1	0.744210004807
9	1	0.530694007874
9	1	0.57137298584
9	0	0.675271987915
9	1	0.641654968262
9	1	0.626746892929
9	1	1.00143694878
9	1	0.755110025406
9	1	0.625926971436
9	0	1.07432198524
9	0	0.825992822647
9	1	0.516398906708
9	1	0.545582771301
9	1	0.54580783844
9	1	0.540652990341
9	1	0.474081039429
9	1	0.569382190704
9	1	0.516310930252
9	1	0.562829017639
9	1	0.519697904587
9	1	0.563736915588
9	1	0.587087869644
9	1	0.675791978836
9	1	0.472548961639
9	0	0.586610794067
9	1	0.464671134949
9	0	0.5650639534
9	1	0.800313949585
9	1	0.513851881027
9	0	0.506785154343
9	1	0.508412122726
9	1	0.538209915161
9	1	0.561160087585
9	0	0.532160043716
9	1	0.720808982849
9	0	0.80020904541
9	0	0.906620025635
9	0	0.78794503212
9	1	0.923330068588
9	1	0.58422088623
9	1	0.602998018265
9	1	0.516736984253
9	1	0.504772901535
9	1	0.482713937759
9	1	0.52290391922
9	1	0.521548986435
9	1	0.500895023346
9	1	0.520461082458
9	1	0.435039043427
9	0	0.497512817383
9	0	0.531589031219
9	1	0.64118885994
9	1	0.52259683609
9	1	0.537485837936
9	0	0.699064970016
9	1	0.577743053436
9	1	0.627602100372
9	1	0.555023908615
9	1	0.537518978119
9	1	1.72064900398
9	1	0.539882183075
9	1	0.507280111313
9	1	0.642235040665
9	1	0.454685926437
9	1	0.47740483284
9	1	0.577169895172
9	1	0.546058893204
9	1	0.520820856094
9	1	0.586311817169
9	1	0.675132989883
9	1	0.540252923965
9	1	0.618026018143
9	0	0.593905925751
9	1	0.513231992722
9	1	0.563678979874
9	1	0.507333993912
9	1	0.570253133774
9	1	0.602602958679
9	1	0.723767995834
9	0	0.516355037689
9	1	0.672236919403
9	1	0.508521080017
9	1	0.514956951141
9	1	0.657204866409
9	1	0.660373926163
9	1	0.664361000061
9	1	0.532099962234
9	1	0.658951044083
9	1	2.226583004
9	1	0.745604038239
9	1	0.636728048325
9	1	0.504724025726
9	1	0.981162071228
9	1	0.561883926392
9	1	0.584980964661
9	0	0.675715923309
9	1	0.426651000977
9	1	0.498840093613
9	1	0.60089802742
9	1	0.922097921371
9	1	0.537961006165
9	1	0.555354118347
9	0	0.475868940353
9	0	1.04850006104
9	1	0.500727176666
9	1	0.528138160706
9	1	0.468899965286
9	1	0.627623081207
9	1	0.545400857925
9	1	0.746163845062
9	1	0.538542985916
9	1	0.698261976242
9	1	0.716297864914
9	1	0.514268875122
9	1	0.522104978561
9	1	0.545287132263
9	1	0.675322055817
9	1	0.473368167877
9	1	0.459620952606
9	1	0.458873033524
9	1	0.512713193893
9	1	0.571346998215
9	1	0.810351848602
9	1	0.697222948074
9	1	0.58008480072
9	1	0.578668117523
9	0	0.530614852905
9	1	0.482846975327
9	1	0.564889907837
9	1	0.435938835144
9	1	0.528852939606
9	1	0.724198818207
9	1	0.499064207077
9	1	0.546409130096
9	1	0.633707046509
9	1	0.523702144623
9	1	0.625210046768
9	1	0.52846121788
9	1	0.636417150497
9	1	0.652137041092
9	1	0.834417104721
24	1	0.676813840866
24	1	0.723050117493
23	1	0.760499000549
24	1	0.826001882553
23	1	0.790107011795
24	1	0.755631923676
23	1	0.722098827362
23	1	0.570376157761
23	1	0.555084943771
23	1	0.52125787735
24	1	0.660679101944
23	1	0.651646852493
23	1	0.595257997513
23	1	0.627093076706
23	1	2.27653694153
23	1	1.33187484741
23	1	0.610424995422
24	1	1.54006814957
24	1	2.56952905655
23	1	0.940155029297
23	1	2.33849596977
24	1	1.38036084175
23	1	1.28324699402
23	1	2.25864005089
23	1	2.48255515099
24	1	1.26884293556
24	1	1.50710892677
24	1	0.865704059601
23	1	0.643963098526
24	1	0.935975074768
23	1	0.725601911545
24	1	0.970009088516
23	1	1.27514982224
24	1	1.09248304367
24	1	1.13958501816
24	1	0.937232017517
24	1	0.939346075058
23	1	0.87554192543
24	1	1.20346498489
24	1	0.82409620285
23	1	0.846095085144
24	1	0.91500711441
24	1	0.608582019806
24	0	1.20410990715
24	0	3.05070710182
24	1	0.659851074219
23	1	0.650305986404
24	1	0.707148075104
24	1	0.95624089241
23	1	0.604286909103
23	1	0.674218893051
23	1	1.25773191452
24	1	0.98828291893
24	1	1.7638001442
24	1	0.809250831604
24	0	1.49062895775
23	1	0.875946998596
24	1	2.47604894638
23	1	2.22475290298
23	1	2.69970011711
23	0	1.61895704269
24	1	0.586211919785
24	1	0.852180957794
23	1	0.579011917114
23	1	2.77816104889
24	0	0.834794044495
24	1	0.876094102859
24	0	0.849780082703
23	1	5.51384019852
24	1	1.39298701286
24	1	0.597113132477
23	1	0.659046173096
23	1	1.4440279007
24	1	0.641211032867
23	0	1.1237950325
24	1	1.01094293594
23	1	1.56321501732
23	0	2.10731887817
24	1	3.24274611473
24	0	0.661076784134
24	1	0.698095083237
23	0	4.66485619545
24	1	0.947438955307
23	1	1.30045199394
24	1	0.651343107224
23	1	0.706377029419
24	1	0.492822170258
23	1	0.723557949066
24	1	0.666782140732
24	1	0.451226949692
23	1	0.593561887741
24	1	0.837604999542
24	1	0.801347970963
24	1	1.04350805283
23	1	2.9872200489
24	1	0.853005170822
23	1	0.618041992188
24	1	0.859696865082
23	1	1.99585008621
24	1	0.818548202515
23	1	2.81789588928
24	1	1.2506570816
24	1	1.53221297264
23	1	0.569777965546
23	0	0.882975101471
23	1	0.572050094604
24	1	0.579559087753
24	1	0.586401939392
23	1	0.746505022049
23	1	0.595021009445
23	1	0.724254131317
20	1	2.37903404236
20	1	1.61231708527
20	1	0.946556091309
20	1	1.44214987755
20	0	1.45176696777
20	1	0.651391983032
20	1	0.60188794136
20	0	1.13110804558
20	0	1.30534696579
20	1	0.643717050552
20	1	0.541718006134
20	0	1.7785320282
20	1	1.20367789268
20	1	0.8363468647
20	0	1.9188849926
20	1	0.893136024475
20	0	2.67574095726
20	0	0.8829870224
20	1	0.482558965683
20	1	2.57871007919
20	0	1.62916302681
20	0	1.57870602608
20	1	1.60160517693
20	0	1.27675795555
20	1	1.42015695572
20	0	1.79343295097
20	0	1.63512611389
20	1	1.45875811577
20	1	0.708360910416
20	1	0.664104938507
20	1	0.748568058014
20	1	0.570444107056
20	1	0.642885923386
20	1	0.763709068298
20	1	3.65081310272
20	1	2.05888795853
20	1	0.667331933975
20	1	0.505788803101
20	1	0.547633886337
20	1	0.612307071686
20	1	0.816838979721
20	1	1.86053514481
20	1	0.745414018631
20	1	0.698128938675
20	1	0.821655035019
20	1	0.768854141235
20	1	2.00234007835
20	1	1.10810899734
20	1	1.37790393829
20	1	0.989482879639
20	1	2.05072498322
20	1	1.96135497093
20	1	1.97240495682
20	1	1.95286297798
20	1	0.859436035156
20	1	2.59753108025
20	1	0.689117908478
20	1	1.5228869915
20	1	2.84344100952
20	1	2.94281888008
20	1	2.23209905624
20	1	1.75547790527
20	1	2.24991893768
20	1	1.86750197411
20	1	1.06637907028
20	1	0.806327104568
20	1	1.00221180916
20	1	0.861053943634
20	0	1.86540317535
20	1	0.780117988586
20	1	0.858475923538
20	1	1.04384112358
20	1	0.697587013245
20	0	1.26719999313
20	1	0.588494062424
20	1	0.610545158386
20	1	0.65979385376
20	1	0.674428939819
20	1	0.627588033676
20	1	0.714166879654
20	1	0.786416053772
20	1	1.5016169548
20	1	0.601531982422
20	1	1.16369819641
20	1	1.29785704613
20	1	2.40289306641
20	1	0.65940284729
20	1	0.554221868515
20	1	0.523596048355
20	1	0.557672023773
20	1	0.496693134308
20	1	0.572720050812
20	1	0.483961105347
20	1	0.616079092026
20	1	0.588773012161
20	1	0.714762210846
20	1	0.506405115128
20	1	0.651981115341
20	0	0.75453209877
20	1	0.506270170212
20	0	0.491775989532
20	1	0.570967912674
20	1	0.586091041565
20	1	0.835784912109
20	1	0.498716115952
20	1	1.65016222
20	1	1.67435503006
20	1	0.805707931519
20	0	1.68136310577
20	1	1.13851809502
20	1	0.860285997391
20	1	0.883219003677
19	1	1.04285001755
19	1	0.691344022751
19	1	0.835571050644
19	1	2.40936398506
19	1	0.60302400589
19	1	0.554528951645
19	1	0.594683885574
19	1	0.937283992767
19	1	1.37238121033
19	1	0.861736059189
19	1	0.672974824905
19	1	0.988435983658
19	1	0.803163051605
19	1	0.740032911301
19	1	1.74471116066
19	1	0.573315143585
19	1	0.601693868637
19	1	0.666762113571
19	1	0.795295953751
19	1	0.557850122452
19	1	0.507023096085
19	1	2.79380297661
19	1	0.604745864868
19	1	0.626152038574
19	1	0.698606014252
19	1	0.812705993652
19	1	0.883036136627
19	1	0.617082118988
19	1	1.00376391411
19	1	0.618663072586
19	1	0.57797908783
19	1	0.490574121475
19	1	0.651794195175
19	1	0.650406837463
19	1	0.795273065567
19	1	2.30814194679
19	1	0.498586893082
19	1	0.61750292778
19	1	0.646735906601
19	1	0.649628162384
19	1	0.644073009491
19	1	1.68379497528
19	0	3.10570502281
19	1	0.612372875214
19	1	0.684991121292
19	1	0.993262052536
19	1	1.02755212784
19	1	0.603663921356
19	1	0.626555919647
19	1	1.2110619545
19	1	0.914103031158
19	1	0.787790060043
19	1	0.514691114426
19	1	0.785941123962
19	1	0.634976148605
19	1	0.705398082733
19	1	0.565436124802
19	1	0.611242055893
19	1	0.763571977615
19	0	0.609597921371
19	1	0.635026931763
19	1	0.852303028107
19	1	0.705555200577
19	1	1.85995197296
19	1	9.76781177521
19	1	1.42023992538
19	1	1.42692613602
19	1	1.43276596069
19	1	1.54935693741
19	1	1.23457813263
19	1	0.554074048996
19	1	0.651592969894
19	1	0.835718870163
19	0	3.08174800873
19	1	1.44305992126
19	1	2.76313614845
19	1	1.17059397697
19	1	0.788493871689
19	0	0.914124965668
19	1	0.995522022247
19	0	5.50695300102
19	1	0.714344024658
19	1	0.660724163055
19	1	4.2827231884
19	1	1.03455281258
19	1	1.67485499382
19	1	0.713737010956
19	1	1.64345002174
19	1	5.78871488571
21	1	1.37172913551
22	1	0.572964906693
22	1	0.760191917419
21	1	0.604928016663
22	1	0.540553092957
21	1	0.682466030121
21	1	1.7236931324
22	1	0.546607971191
21	0	0.786391973495
22	1	2.49936199188
22	1	0.729395866394
22	1	2.10057616234
21	1	0.984481096268
21	1	2.09868907928
21	1	0.867035865784
21	1	2.02798986435
22	1	0.730140924454
21	1	4.06691002846
21	1	0.819539070129
22	1	0.548420190811
22	1	1.08186197281
22	1	0.901870965958
21	1	0.984957933426
22	1	1.00284481049
22	1	0.812052965164
21	1	1.53016090393
22	1	0.738656997681
22	1	0.761288166046
21	1	0.64600610733
21	1	0.696799993515
21	1	0.645036220551
22	1	0.851395845413
21	1	0.548165082932
22	1	0.553729772568
22	1	0.939862966537
21	0	0.683403968811
22	1	1.11632084846
22	1	0.978168964386
22	1	3.81285595894
21	1	4.4125919342
21	1	3.60158610344
21	0	3.36390519142
21	1	3.65196180344
21	1	3.41982102394
22	1	1.08853602409
22	1	0.740851163864
21	1	2.13753199577
22	1	1.82553100586
22	1	3.22718501091
22	1	0.989573001862
22	1	2.88030791283
21	1	0.706629037857
22	1	0.539370059967
22	1	0.77941608429
21	1	2.35631990433
21	0	1.22706604004
22	1	0.523665189743
22	1	0.592732906342
21	1	0.798423051834
21	0	1.00172901154
22	1	0.72457408905
21	1	0.57887005806
22	1	0.866922855377
21	0	0.587702989578
22	1	0.553557872772
22	1	0.635191202164
21	1	0.867375135422
21	1	0.664924144745
22	1	1.6587998867
21	0	1.38701701164
22	1	0.523392915726
21	1	0.643366098404
21	1	0.858086824417
22	1	0.585743904114
21	1	2.26952695847
21	1	1.51658606529
22	1	0.54615688324
22	0	2.36914300919
22	1	0.741441965103
22	1	0.642961978912
21	1	2.18699097633
21	1	0.548174858093
21	0	0.618203163147
22	1	0.460088014603
21	0	1.03626894951
21	0	0.634279966354
22	1	0.563493013382
22	1	0.584577083588
22	0	0.572283983231
21	1	0.809486150742
21	1	0.630437135696
21	1	0.832209825516
22	1	1.18816208839
21	1	0.780650138855
21	1	3.20294690132
21	1	0.8343501091
21	1	1.29154610634
21	1	1.01787090302
21	1	0.636051893234
22	1	0.459684848785
22	1	0.563039064407
21	1	0.4666929245
22	1	0.458859920502
21	1	0.498420953751
22	1	0.46090388298
21	0	0.515069007874
22	1	0.528542995453
21	1	0.4444231987
22	0	0.577289819717
21	1	0.748106002808
21	1	0.520801067352
22	1	0.484069108963
18	1	3.32942295074
18	1	0.492380142212
18	0	0.844892024994
18	1	0.911993980408
18	1	0.614238977432
18	0	2.53760099411
18	1	0.818862915039
18	1	0.724329948425
18	1	0.852100133896
18	1	0.714168787003
18	1	0.716258049011
18	1	3.09826898575
18	1	2.15516996384
18	0	0.771450042725
18	1	0.701488018036
18	1	0.952887058258
18	1	0.577681064606
18	1	2.36348295212
18	1	1.78441095352
18	1	0.98121714592
18	1	0.667856931686
18	1	1.62521314621
18	1	0.948098897934
18	1	1.80222511292
18	1	2.41875815392
18	1	0.786684989929
18	1	1.30677294731
18	1	1.41902017593
18	1	3.14782881737
18	1	0.962891101837
18	1	0.960758924484
18	1	1.8677380085
18	0	1.93067097664
18	0	0.955318927765
18	1	0.969924926758
18	1	0.946425914764
18	1	0.901013851166
18	1	0.865963935852
18	1	0.722200155258
18	1	0.611238956451
18	1	0.865875005722
18	1	1.40183591843
18	1	0.765853881836
18	1	0.836630105972
18	1	0.848083019257
18	0	1.15802502632
18	0	0.664889097214
18	1	0.216856956482
18	1	0.755374908447
18	1	0.731309890747
18	1	0.804920196533
18	1	0.753234863281
18	1	1.00468492508
18	1	0.768729925156
18	1	1.41173481941
18	1	0.634400129318
18	1	0.554917097092
18	1	0.580768823624
18	1	0.705142021179
18	1	0.947638034821
18	1	0.488587856293
18	1	0.699600934982
18	1	1.9064540863
18	1	0.598034858704
18	1	0.74636387825
18	1	1.06591486931
18	1	2.00417089462
18	1	0.828493833542
18	0	2.89968204498
18	1	2.27307891846
18	1	0.610454082489
18	1	0.482440948486
18	1	0.555952787399
18	1	0.532211065292
18	0	0.978734016418
18	1	0.722789049149
18	1	0.554988861084
18	1	0.635896921158
18	1	0.609769105911
18	1	0.772321939468
18	1	0.553825855255
18	1	0.523245096207
18	1	1.25862598419
18	0	0.762485980988
18	1	1.08303499222
18	1	1.29724001884
18	1	0.795214891434
18	1	0.641726970673
18	1	0.706449985504
18	1	0.660272836685
18	1	1.25251507759
18	1	1.65940618515
18	1	1.1529250145
18	1	0.828016996384
18	0	2.36982893944
18	1	0.730494022369
18	1	0.684900999069
18	1	1.27382516861
18	1	0.685384988785
18	1	1.13827800751
18	1	1.12352204323
18	1	1.54042696953
18	1	1.00319099426
18	1	1.51376700401
18	1	4.45875000954
18	1	0.843770980835
18	1	2.15297293663
18	0	2.65316700935
18	1	1.4250190258
18	1	0.620808839798
18	1	1.3542702198
18	1	1.06577801704
18	1	1.11771202087
22	1	0.986101150513
21	1	0.596987009048
22	1	0.778944015503
22	1	0.53123998642
22	1	0.531878948212
22	1	0.546869039536
21	0	0.945749044418
22	1	0.466858863831
21	1	0.916716098785
21	1	0.810163974762
22	1	0.603574991226
22	1	0.644522190094
22	1	0.76292681694
21	1	1.00550580025
21	1	1.84891295433
22	1	0.571297883987
22	1	0.546736955643
22	1	0.571058034897
22	1	0.617745876312
22	1	0.54093003273
22	1	0.988234996796
22	1	0.547077894211
22	1	0.54580116272
22	1	0.641191959381
21	0	0.812249183655
21	1	2.07527804375
21	1	0.7224650383
22	1	0.553478002548
22	1	1.09163308144
21	1	0.753841876984
21	1	0.829452037811
22	1	1.76226997375
21	1	0.69984793663
21	1	0.562520027161
21	1	0.531195163727
21	1	0.660949230194
22	1	0.658308982849
21	1	1.01169300079
22	1	0.810708045959
22	1	0.602180957794
22	1	0.673932790756
22	1	1.77188491821
21	1	0.729087114334
22	1	0.736969947815
21	1	0.627111196518
22	1	0.539548873901
21	0	1.10589694977
21	1	0.514584064484
22	1	0.554738998413
21	1	0.699529886246
22	1	0.603370904922
21	1	0.835725069046
21	0	2.31449103355
21	1	0.778381109238
22	1	0.652366876602
21	1	0.834702014923
22	1	1.96306300163
21	1	0.761259078979
22	1	0.684179782867
22	1	0.749117851257
21	1	0.714492082596
21	1	3.39230799675
21	1	3.29969286919
21	1	0.909185886383
22	1	1.16837787628
21	1	0.669236898422
22	0	0.603543996811
22	1	1.12856698036
21	1	0.868340969086
22	1	0.650407075882
22	1	0.63245010376
21	1	0.699685811996
21	1	0.618415117264
22	1	1.03735280037
22	1	1.91385102272
21	1	0.689629077911
21	1	0.884117126465
21	1	0.547683954239
21	1	0.810622930527
22	1	0.612218141556
21	1	0.589313983917
21	1	0.722612142563
21	1	0.524235963821
22	1	0.852065086365
22	1	0.866884946823
22	1	2.3325150013
21	1	0.638697862625
21	1	0.737873077393
21	1	4.09394192696
21	1	0.673521995544
21	1	0.740046977997
22	1	0.666417121887
22	1	2.48357105255
21	1	3.59466791153
21	1	0.931594848633
22	1	0.827326059341
22	0	0.53315615654
22	1	0.62455701828
21	1	0.563529014587
21	1	0.786991834641
21	1	3.05147910118
22	1	0.635967969894
22	1	0.635497093201
22	1	1.59444594383
22	1	1.0580201149
22	1	0.685602903366
21	1	0.754420042038
22	1	0.618431806564
22	1	0.875224113464
21	1	0.883290052414
22	1	2.54611897469
21	1	2.2109348774
22	1	0.924431085587
21	1	1.88307189941
22	1	0.676896095276
21	1	1.51347398758
21	1	0.649826049805
21	1	2.62770318985
21	1	1.10921597481
17	1	2.21125292778
17	1	0.987179994583
17	0	0.924969911575
17	1	0.473989009857
17	1	0.482836961746
17	1	0.442418813705
17	1	0.579496860504
17	1	0.779659986496
17	1	0.640565872192
17	1	0.556360006332
17	1	0.635964870453
17	1	0.54690694809
17	1	0.579066991806
17	1	0.665822029114
17	1	4.39656090736
17	1	2.99604511261
17	1	2.24919986725
17	0	1.53351092339
17	1	0.739500999451
17	1	2.53514909744
17	1	2.26891207695
17	1	0.858529090881
17	1	0.770832061768
17	1	0.956206083298
17	1	1.77624201775
17	1	0.797938108444
17	1	0.866978883743
17	1	0.714246988297
17	1	0.602897167206
17	1	1.39674019814
17	1	0.824681997299
17	1	4.06163787842
17	1	1.25891518593
17	1	0.705549955368
17	1	0.660768032074
17	1	0.730927944183
17	1	1.53677105904
17	0	1.6692969799
17	1	1.15271306038
17	1	3.90701508522
17	1	2.50789308548
17	1	0.681351900101
17	1	0.660826206207
17	1	0.643228054047
17	1	0.642887115479
17	1	0.531105995178
17	1	0.602689027786
17	1	0.656498908997
17	1	0.517097949982
17	1	1.29078793526
17	1	2.18583488464
17	1	0.793808937073
17	1	0.675412893295
17	1	2.81279683113
17	1	0.939220905304
17	1	1.01868414879
17	1	0.739773035049
17	0	1.70496106148
17	1	0.874001026154
17	1	1.53921103477
17	1	0.597865819931
17	1	0.683660030365
17	1	0.799108982086
17	1	0.588884115219
17	1	0.650060176849
17	1	0.548242807388
17	1	1.21950101852
17	1	0.596120119095
17	1	0.671648025513
17	1	0.565191030502
17	1	0.649055957794
17	1	0.498288154602
17	1	0.653419971466
17	1	1.873898983
17	1	0.611258983612
17	1	1.85737895966
17	1	0.869302988052
17	1	0.667361974716
17	1	0.937582015991
17	1	0.564082860947
17	1	0.642888069153
17	1	0.840570926666
17	1	0.68639087677
17	0	0.920331954956
17	1	0.781718969345
17	1	2.52104091644
17	1	2.41046404839
17	1	0.529519081116
17	1	0.707708835602
17	1	0.738517999649
17	1	0.732161045074
17	1	0.539896011353
17	0	0.578723907471
17	1	0.483813047409
17	1	0.593719005585
17	1	2.10683584213
17	1	0.548228025436
17	1	0.579459190369
17	1	0.514074087143
17	1	0.651000022888
17	0	2.12297296524
17	1	0.466307878494
17	0	0.490806102753
17	0	0.501148939133
17	1	0.346492052078
17	1	0.506332874298
17	0	0.51607298851
17	0	0.505838871002
17	0	0.634791851044
17	1	0.556514978409
17	1	0.4987180233
17	1	0.412092924118
17	1	0.723844051361
17	1	0.657634019852
17	1	1.69216799736
17	1	0.90615606308
17	1	0.620012044907
17	1	0.523455858231
23	1	0.915561199188
23	1	0.482555150986
23	1	0.515736103058
23	1	0.482248067856
23	1	0.611086130142
23	1	0.493422031403
24	1	0.474380970001
24	1	0.458344936371
23	1	0.484558105469
24	1	0.556535005569
24	1	0.539563894272
24	0	0.442258834839
23	1	0.593991994858
24	1	0.531962871552
23	1	0.507151126862
24	1	0.649863958359
24	1	0.435368061066
23	1	0.5157558918
23	1	0.731089115143
24	1	0.514041185379
23	0	1.72385191917
23	0	0.644817113876
24	0	0.71515083313
24	1	0.60481095314
23	1	0.442430973053
24	1	0.579530000687
23	1	0.745817899704
24	0	2.03451514244
24	1	0.668622016907
23	1	0.881260156631
24	1	0.786081075668
24	1	0.676943063736
24	1	0.787151098251
23	1	0.953711986542
23	1	2.10651397705
24	1	0.73143196106
24	1	0.944790840149
23	1	0.7005879879
23	1	0.634373188019
23	1	0.530400037766
23	1	0.554128885269
23	1	0.601535081863
24	1	0.686310052872
23	1	1.05207681656
24	1	1.70512700081
24	1	0.825340032578
24	1	1.14028406143
24	1	0.562415122986
24	1	0.714557886124
24	1	0.658317089081
23	1	0.651515007019
23	1	0.821444988251
23	1	0.513152122498
24	1	0.523706912994
24	1	0.867547035217
23	1	3.79427504539
24	1	1.41042113304
24	1	0.516360998154
24	1	0.427708864212
24	1	0.620033025742
24	1	1.21748399734
23	1	1.48321700096
24	1	0.498790979385
23	1	0.635895967484
24	1	1.44325208664
23	1	1.81832909584
24	1	0.788526058197
23	1	2.28920292854
24	1	3.27497601509
24	1	0.579447984695
23	1	2.19657588005
24	0	0.753051996231
24	1	0.780410051346
24	1	0.682624101639
23	1	2.85273003578
23	1	0.633918046951
24	1	0.818464994431
23	1	2.95659899712
23	1	1.06660819054
24	1	0.537773132324
24	1	0.500322818756
23	1	0.482080936432
23	1	0.651276111603
23	1	0.578788995743
24	1	0.698333024979
23	1	0.523838996887
23	1	1.41791915894
23	1	0.644487857819
23	0	1.37048482895
24	1	0.564769983292
24	1	0.570245981216
23	1	0.482833862305
24	1	0.995620965958
24	1	0.594893932343
24	1	0.650413990021
23	1	0.794338941574
23	0	0.707391023636
23	0	1.29925298691
23	0	0.819491863251
24	1	0.466959953308
24	1	1.07654309273
23	1	2.00964999199
23	0	1.0924539566
23	1	0.594012022018
24	1	0.636956930161
24	1	0.578085899353
23	1	0.68195104599
24	1	0.676866054535
23	0	0.849637031555
23	1	0.516778945923
24	1	0.586041927338
23	1	0.859741926193
23	1	0.539796113968
24	1	0.73087310791
23	1	0.588819026947
24	1	0.977451086044
23	1	0.474761962891
24	1	0.740851163864
24	1	1.48311209679
23	1	0.489917993546
24	1	0.54111790657
23	1	0.611248016357
24	1	0.472347021103
24	1	0.581428050995
24	0	0.699107170105
23	1	0.530431985855
