7	1	8.76198410988
8	1	1.70978403091
8	1	0.746631860733
7	1	1.15420985222
8	1	0.964420080185
8	1	1.08320403099
8	1	1.12952613831
8	1	1.22855687141
7	1	8.49023103714
8	1	4.97820591927
7	1	4.57185697556
8	1	1.30583500862
7	1	0.667999982834
8	1	0.700315952301
8	1	1.50629806519
8	1	0.970433950424
8	1	1.70063185692
8	1	1.55455589294
7	1	2.16408991814
8	1	1.0550301075
7	1	2.30700683594
8	1	3.52394914627
8	1	1.27583599091
8	1	2.8504679203
7	1	3.31306195259
8	1	0.988144159317
8	1	0.937561988831
7	1	1.60392212868
7	1	1.33714199066
8	1	0.804484128952
8	1	0.873916864395
8	1	0.682942152023
7	1	1.87555217743
8	1	0.880967855453
8	1	0.667938947678
8	1	0.891201972961
8	1	0.996094942093
7	1	0.960585832596
8	1	0.757907867432
8	1	1.0674059391
7	1	0.634431838989
8	1	0.587649822235
7	1	2.52109289169
7	1	1.02771306038
7	1	3.58695006371
7	1	9.1308529377
8	1	0.901345968246
7	1	0.601296186447
7	1	1.08369398117
7	1	0.563241004944
8	1	0.963536024094
7	1	3.3785431385
8	1	1.39374995232
7	1	3.69741797447
7	1	0.789352893829
7	1	1.81899785995
7	1	1.20915484428
8	1	1.46613717079
7	1	5.19588804245
8	1	4.22662305832
7	1	1.01933288574
8	1	0.714988946915
8	1	0.643054008484
7	1	0.980576992035
8	1	0.625869989395
8	1	1.46070480347
8	1	1.05837321281
8	1	5.21738481522
7	1	0.732757806778
8	1	0.705825805664
8	1	1.09898400307
8	1	3.69089984894
7	1	2.78889083862
8	1	1.05077719688
8	1	4.30085110664
8	1	3.65281200409
7	1	4.27291083336
8	1	1.09060907364
8	1	1.17153906822
7	1	7.26549601555
8	1	0.641148090363
7	1	2.36414480209
8	1	0.706735134125
8	1	0.882565021515
7	1	1.07511615753
8	1	1.16416406631
6	1	2.17743515968
5	1	3.45976614952
6	1	1.65776801109
5	1	1.37979006767
6	1	0.768470048904
6	1	1.50070405006
6	1	0.706594944
6	1	0.644085884094
5	1	0.996062994003
5	1	0.690833091736
5	1	0.569911956787
5	1	0.963934898376
5	1	0.498600006104
5	1	0.611680030823
5	1	0.779190063477
6	1	0.560612916946
6	1	0.555615901947
6	1	0.84435915947
5	1	0.4942278862
6	1	0.688870191574
5	1	0.723648071289
6	1	0.586631059647
6	1	0.777677059174
5	1	0.705582141876
6	1	0.636247873306
6	1	0.604281187057
5	1	0.642530918121
5	1	0.944628000259
6	1	1.51681494713
6	1	0.643760919571
5	1	4.86624598503
6	1	0.651704072952
6	1	1.25966000557
6	1	0.571394920349
5	1	2.57994318008
5	1	0.601536035538
6	1	1.52321505547
5	1	1.36493992805
6	1	0.705126047134
6	1	0.825037956238
5	1	1.10989999771
5	0	4.00007891655
5	1	1.26743912697
6	1	0.699898004532
6	1	4.59243392944
6	1	5.15537786484
5	1	1.9951980114
5	1	1.06787705421
5	1	2.05738186836
5	1	7.46707391739
5	1	4.0828640461
6	1	0.997857093811
6	1	0.64897608757
5	1	3.01967716217
5	1	0.901398897171
6	1	1.09871506691
6	1	5.05149102211
6	1	4.49945902824
5	1	3.2479531765
5	1	7.97258615494
5	1	3.51788711548
6	1	0.986552000046
6	1	0.841297864914
5	1	1.60559511185
6	1	1.68904399872
6	1	1.51598286629
5	1	1.5803630352
5	1	0.785852909088
5	1	8.94761395454
5	1	1.12955617905
6	1	1.04437708855
6	1	0.797129154205
5	1	1.0491437912
6	1	1.10063886642
6	1	2.27371311188
6	1	1.02021193504
6	1	0.841398954391
6	1	0.724329948425
5	1	0.770575046539
6	1	0.973040819168
6	1	0.682090997696
5	1	0.947231769562
5	1	2.02441096306
5	1	0.586531162262
6	1	0.653287887573
5	1	1.01792907715
5	1	0.669951915741
6	1	0.570699930191
6	1	0.645274162292
5	1	1.96031498909
5	1	0.643384933472
6	1	1.26861214638
6	1	2.05988502502
5	1	0.740240097046
5	1	0.529329061508
5	1	0.73929309845
5	1	0.963384866714
4	1	1.04204010963
4	1	0.539696931839
4	1	0.619715929031
4	1	0.473323822021
4	1	0.93820309639
4	1	0.642169952393
4	1	7.1225631237
4	1	0.661296129227
4	1	0.770383834839
4	1	1.45946288109
4	1	0.547553062439
4	1	0.691147089005
4	1	0.689175128937
4	1	0.811601877213
4	1	1.39403891563
4	1	6.3407599926
4	1	3.04397511482
4	1	1.62391114235
4	1	0.89099407196
4	1	5.8613960743
4	1	1.42805194855
4	1	0.831763029099
4	1	0.78927898407
4	1	1.40175008774
4	1	0.786489009857
4	1	0.802860021591
4	1	0.78968000412
4	1	1.62534785271
4	1	0.777468919754
4	1	0.654476165771
4	1	1.34699988365
4	1	1.24215602875
4	1	1.06556987762
4	1	1.97407913208
4	1	0.914047002792
4	1	1.04417610168
4	1	0.611940145493
4	1	0.624442815781
4	1	1.28539586067
4	1	0.907147169113
4	1	0.665955781937
4	1	0.973322868347
4	1	0.563658952713
4	1	0.563853979111
4	1	0.975898981094
4	1	0.548938989639
4	1	0.642920017242
4	1	0.682119131088
4	1	0.546303033829
4	1	1.34835600853
4	1	1.57814097404
4	1	0.531683921814
4	1	0.61260008812
4	1	0.483905076981
4	1	6.12972092628
4	1	4.12495183945
4	0	2.05027198792
4	0	3.77165603638
4	1	4.52240800858
4	1	0.907585144043
4	1	8.12230110168
4	1	6.43748307228
4	1	4.57587885857
4	1	3.75671505928
4	1	1.35485005379
4	1	3.44287800789
4	1	1.27600193024
4	1	1.0426800251
4	1	1.13064813614
4	1	0.874957799911
4	1	5.18621587753
4	1	4.13073301315
4	1	2.02034711838
4	1	7.27535486221
4	1	2.17798399925
4	1	5.40429282188
4	1	4.48908114433
4	1	5.11711788177
4	1	6.04958295822
4	1	1.33905506134
4	1	1.10718894005
4	1	1.63618898392
4	1	4.15570306778
4	1	1.28206801414
2	1	1.39471697807
2	1	4.23550701141
2	1	5.84218597412
2	1	3.30918216705
2	1	0.754722833633
2	1	6.83504390717
2	1	3.21849417686
2	1	1.05279898643
2	1	0.962134122849
2	1	2.17900300026
2	1	0.728673219681
2	1	0.700303077698
2	1	1.10614705086
2	1	1.16661906242
2	1	1.76205992699
2	1	1.1538310051
2	1	1.85131001472
2	1	0.60409784317
2	1	0.834857940674
2	1	0.620249986649
2	1	1.0651819706
2	1	0.69920706749
2	1	1.72586202621
2	1	0.619323015213
2	1	0.985818862915
2	1	0.563153028488
2	1	1.24481916428
2	1	0.489284992218
2	1	0.547267913818
2	1	2.22159290314
2	1	0.553757190704
2	1	0.667537927628
2	1	0.618563890457
2	1	0.564753055573
2	1	0.579910993576
2	1	0.593250989914
2	1	1.45975613594
2	1	0.579483985901
2	1	0.786217927933
2	1	0.740067958832
2	1	5.89153599739
2	1	0.659080982208
2	1	0.554866075516
2	1	0.540113925934
2	1	0.490134000778
2	1	0.564795970917
2	1	0.55439209938
2	1	0.529971837997
2	1	0.754585027695
2	1	0.596549034119
2	1	0.528918981552
2	1	0.523801088333
2	0	5.10837316513
2	1	3.3535399437
2	1	0.955235004425
2	1	0.593230962753
2	1	1.47530889511
2	1	0.56268286705
2	1	1.79727816582
2	1	1.32124996185
2	1	3.26744890213
2	1	0.690320014954
2	1	0.564717054367
2	1	1.31455683708
2	1	5.16341900826
2	0	0.330096006393
2	1	1.18709182739
2	1	0.913823843002
2	1	3.10264897346
2	1	0.721210956573
2	1	0.939319849014
2	1	0.601948022842
2	1	0.650052785873
2	1	2.58751010895
2	1	0.516940832138
2	1	2.82592082024
2	1	1.1869058609
2	1	3.86169195175
2	1	1.73002314568
2	1	0.739264011383
2	1	0.56970000267
2	1	7.46180701256
2	1	0.889498949051
2	1	0.692100048065
2	1	0.978235006332
2	1	2.29956507683
2	1	0.706352949142
2	1	0.94765996933
2	1	3.93133091927
2	1	2.513048172
2	0	1.50967979431
2	1	1.38695120811
2	1	1.31298303604
2	1	0.78640294075
2	1	0.821480035782
2	1	0.553730010986
2	1	1.37825202942
2	1	0.571316003799
2	1	1.58651900291
6	1	0.963560819626
6	1	0.716048002243
5	1	0.859467029572
5	1	0.586499929428
5	1	0.681762933731
6	1	0.538384914398
6	1	0.778944969177
6	1	1.54857420921
5	1	0.979413986206
5	1	0.609276771545
6	1	0.804693937302
6	1	0.572556972504
6	1	0.816047906876
5	1	1.484842062
6	1	0.578549861908
6	1	0.498145103455
5	1	0.549108982086
6	1	0.594875097275
5	1	1.00185585022
6	1	0.677533864975
5	1	0.722047805786
5	1	1.34628605843
6	1	0.509413957596
5	1	6.73060107231
5	1	0.562390089035
6	1	0.619831085205
5	1	0.544125080109
5	1	0.579588890076
5	1	1.02806591988
6	1	0.947587966919
5	1	0.489473819733
5	1	0.601217031479
5	1	0.508463859558
6	1	1.21205186844
6	1	0.714744091034
5	1	0.561675071716
5	1	0.802655935287
6	1	1.38781309128
6	1	0.636492967606
5	1	1.66702103615
5	1	0.516097068787
6	1	2.55782294273
5	1	0.729645013809
6	1	0.65919303894
5	1	1.54571485519
6	1	0.555639982224
5	1	0.497956037521
5	1	0.651240110397
5	1	0.532320976257
5	1	1.05966091156
6	1	1.81937384605
5	1	1.03544306755
5	1	0.496673107147
5	1	0.93140411377
6	1	0.498562097549
5	1	0.641360998154
6	1	0.451006174088
6	1	0.724804878235
6	1	0.609102010727
6	1	0.571300983429
5	1	0.79456782341
6	1	0.39549279213
5	1	0.74832701683
6	1	0.536853075027
5	1	0.489620923996
5	1	0.610643148422
5	1	0.788383960724
5	1	2.3212749958
5	1	7.4600250721
5	1	2.60443687439
5	1	1.65984892845
5	1	0.72442984581
6	0	1.18508195877
6	1	1.1869430542
5	1	0.813030004501
5	1	6.20266389847
6	1	0.596279859543
5	1	0.6019718647
5	1	0.963505029678
5	1	0.642394065857
5	1	6.33623600006
5	1	3.25902414322
5	1	1.17090702057
5	1	1.17226600647
5	1	0.977046012878
6	1	0.596965789795
6	1	1.08342003822
6	1	0.939945220947
6	1	0.722656011581
5	1	0.891072034836
6	1	2.15852594376
5	1	1.32044291496
5	1	5.51633405685
6	1	0.602094888687
5	1	2.89891195297
6	1	1.79482197762
6	1	0.794903039932
6	1	1.16465592384
6	1	1.09158682823
6	1	0.768763065338
5	1	0.907053947449
6	1	0.620532035828
5	1	0.639766931534
6	1	1.50917887688
5	1	0.602280855179
6	1	0.650780916214
5	1	0.596565008163
6	1	0.980345010757
5	1	3.5870320797
6	1	0.497667074203
6	1	0.604691982269
3	1	0.684673070908
3	1	0.529603004456
3	1	0.530343055725
3	1	0.803703069687
3	1	0.50226187706
3	1	0.818576097488
3	1	0.852035999298
3	1	0.442361116409
3	1	0.515316963196
3	1	0.586730957031
3	1	0.547813177109
3	1	0.731503009796
3	1	0.419100046158
3	1	0.53996014595
3	1	0.883150100708
3	1	0.531293869019
3	1	0.993871927261
3	0	0.525264024734
3	1	0.9295129776
3	1	0.547047138214
3	1	0.595746040344
3	1	0.538069963455
3	1	0.532853126526
3	1	0.512989997864
3	1	0.379626989365
3	1	0.628177881241
3	1	0.505734920502
3	1	0.611485958099
3	1	0.55735707283
3	1	0.466229915619
3	1	0.939191102982
3	1	2.02837204933
3	1	0.706902980804
3	1	0.529309988022
3	1	0.492799043655
3	1	2.68149495125
3	1	0.554463863373
3	1	0.651741027832
3	1	0.595454931259
3	1	0.523718118668
3	1	1.29920387268
3	1	1.42878103256
3	1	0.524441957474
3	1	0.505237102509
3	1	0.556854009628
3	1	2.26469993591
3	1	2.43529295921
3	1	0.557096004486
3	1	0.480713844299
3	1	1.13858795166
3	1	0.570353031158
3	1	1.20510601997
3	1	0.528739929199
3	1	1.69012999535
3	1	0.499191999435
3	1	1.23665308952
3	1	0.560837984085
3	1	0.850415945053
3	1	0.493682861328
3	1	0.499310016632
3	1	0.523599147797
3	1	0.531763076782
3	1	0.449602127075
3	1	0.548557043076
3	1	0.475230932236
3	1	1.38049888611
3	1	3.8116300106
3	1	0.689553976059
3	1	0.908933877945
3	1	0.657382011414
3	1	0.611488819122
3	1	0.649631977081
3	1	0.499951839447
3	1	1.51390194893
3	1	0.5313539505
3	1	0.611248970032
3	1	1.69916796684
3	1	0.627151966095
3	1	0.965214014053
3	1	0.913521051407
3	1	0.925298929214
3	1	0.986521959305
3	1	0.537610054016
3	1	0.634368896484
3	1	0.533844947815
3	1	0.42656493187
3	1	0.627693891525
3	1	0.954488039017
3	1	0.507137060165
3	1	2.25114703178
3	1	0.49888086319
3	1	0.637475967407
3	1	0.553928136826
3	1	3.72408294678
3	1	0.683481216431
3	1	2.56112599373
3	1	1.69243216515
3	1	0.539931058884
3	1	0.555981874466
3	1	0.587341785431
3	1	0.530109167099
3	1	0.79593205452
3	1	0.506099939346
3	1	0.516379117966
3	1	1.10431694984
3	1	0.692986011505
3	1	2.01861906052
3	1	0.571457147598
3	1	1.30509614944
3	1	0.668992996216
3	1	0.506546974182
3	1	7.28978681564
3	1	1.72233700752
3	1	0.587962865829
3	1	1.12993979454
3	1	0.819868803024
3	1	1.02025914192
3	1	0.624689102173
3	1	0.591375112534
3	1	0.578145027161
3	1	0.583859920502
3	1	0.547633886337
3	1	0.529923915863
3	1	0.964078187943
7	1	0.858977079391
8	1	0.860462188721
8	1	0.482017040253
7	1	1.04324913025
7	1	0.663839101791
8	1	0.651746988297
7	1	0.707490921021
8	1	0.841798067093
8	1	0.563264131546
7	1	0.626743078232
7	1	0.531779050827
7	1	1.01182723045
7	1	0.634173870087
8	1	0.866013050079
7	1	1.22881984711
8	1	0.499925851822
8	1	0.554435968399
7	1	0.795770168304
7	1	0.507401943207
8	1	0.905852079391
8	1	0.715184926987
8	1	0.628649950027
8	1	0.577341079712
7	1	0.597067117691
7	1	0.628484010696
7	1	0.713698863983
8	1	0.476197957993
8	1	0.777116775513
7	1	0.418966054916
8	1	0.466610908508
8	1	4.32321596146
8	1	1.94024300575
8	1	0.595854043961
7	1	0.740010976791
8	1	0.553454875946
7	1	0.620052099228
7	1	3.66572189331
7	1	0.846261024475
7	1	0.600388050079
7	1	0.437391042709
8	1	0.649907112122
8	1	0.898632049561
8	1	4.3095099926
7	1	1.54617190361
7	1	2.31467199326
7	1	0.953753948212
8	1	1.16235685349
8	1	0.514117002487
8	1	0.659954071045
8	1	0.500082969666
8	1	0.466859102249
7	1	0.513731956482
7	1	0.524644851685
8	1	0.67618393898
8	1	0.459130048752
7	1	0.570842027664
7	1	0.554301977158
8	1	0.451714038849
7	1	0.625868082047
7	1	0.451894044876
7	1	1.7380900383
8	1	0.620608091354
7	1	0.545944929123
8	1	0.48433804512
7	1	0.760843992233
8	1	1.76370310783
8	1	0.690566062927
7	1	0.545495986938
7	1	1.45322179794
8	1	0.527202129364
7	1	0.578867197037
7	1	0.63614487648
7	1	0.49750494957
8	1	0.458435058594
7	1	1.31831693649
7	1	1.00297498703
7	1	0.67428612709
7	1	0.489809989929
7	1	2.24203205109
8	1	0.828458070755
7	1	0.577924013138
8	1	0.547647953033
8	1	2.23534297943
7	1	2.25922203064
7	1	0.770416021347
8	1	0.443786859512
7	1	0.826246976852
8	1	0.461160182953
8	1	3.86685204506
7	1	3.87445998192
7	1	3.42053604126
7	1	4.26567721367
7	1	0.746310949326
7	1	0.683007001877
8	1	0.926082134247
8	1	0.513320922852
8	1	0.449541091919
7	1	1.16597294807
7	1	0.673270940781
8	1	0.867495059967
8	1	0.714467048645
7	1	0.739776849747
8	1	1.66855096817
7	1	0.810703039169
8	1	1.1692109108
8	1	0.443835020065
8	1	0.530997991562
7	1	0.490520000458
8	1	2.76336288452
7	1	0.613424062729
8	1	1.41829895973
7	1	1.80967783928
8	1	1.29386901855
7	1	1.61078691483
8	1	1.66707897186
7	1	1.56304311752
7	1	1.57749390602
1	1	0.554831981659
1	1	0.443839073181
1	1	0.489686012268
1	1	0.532382965088
1	1	0.490211009979
1	1	0.563699960709
1	1	0.418221950531
1	1	1.08169698715
1	1	0.540107011795
1	1	0.434000968933
1	1	0.498332977295
1	1	0.49209189415
1	1	0.551795005798
1	1	0.580751180649
1	1	0.44339799881
1	1	0.411843061447
1	1	0.393702983856
1	1	0.51518201828
1	1	0.474313020706
1	1	0.748222112656
1	1	0.490123033524
1	1	0.5231590271
1	1	0.484471082687
1	1	0.545665979385
1	1	0.428462982178
1	1	0.499032020569
1	1	0.481978178024
1	1	0.49995803833
1	1	0.50759601593
1	1	0.563699007034
1	1	0.50812292099
1	1	0.537426948547
1	1	0.444244146347
1	1	0.618371009827
1	1	0.641545057297
1	1	0.787119865417
1	1	0.469225168228
1	1	0.627768039703
1	1	0.627205848694
1	1	0.449236869812
1	1	0.676826000214
1	1	0.545892000198
1	1	0.522793054581
1	1	0.931521892548
1	1	1.11600494385
1	1	0.675584077835
1	1	1.24987101555
1	1	2.98635315895
1	1	1.38899612427
1	1	0.552330970764
1	1	0.596843957901
1	1	0.562680959702
1	1	1.56235098839
1	1	0.653207063675
1	1	1.06689500809
1	1	0.617865085602
1	1	0.474651813507
1	1	2.3088760376
1	1	0.843425035477
1	1	0.689476013184
1	1	0.572922945023
1	1	0.530517816544
1	1	0.492630958557
1	1	0.473722934723
1	1	0.443979024887
1	1	0.47589302063
1	1	0.587357997894
1	1	0.893149137497
1	1	1.01828217506
1	1	0.609152078629
1	1	1.76330304146
1	1	1.29185700417
1	1	0.546415805817
1	1	0.467242956161
1	1	3.97144412994
1	1	0.642941951752
1	1	0.644397974014
1	1	1.3372399807
1	1	0.643971920013
1	1	0.780251026154
1	1	0.545305967331
1	1	0.563513040543
1	1	1.28098607063
1	1	0.500843048096
1	1	0.488854885101
1	1	0.787171125412
1	1	0.737372159958
1	1	0.532091140747
1	1	0.596367835999
1	1	0.474626064301
1	1	0.514919042587
1	0	1.24336600304
1	1	3.84456205368
1	1	3.95471096039
1	1	0.57191491127
1	1	0.708024024963
1	1	0.584053993225
1	1	0.499133110046
1	1	0.507313013077
1	1	0.531496047974
1	1	1.13014316559
1	1	1.29171609879
1	1	1.01031017303
1	1	0.530824184418
1	1	0.698858976364
1	1	0.508012056351
1	1	0.603413105011
1	1	1.09848594666
1	1	0.561779975891
1	1	0.49242401123
1	1	0.875921010971
1	1	0.496410131454
1	1	0.461002826691
1	1	0.673482894897
1	1	1.29166007042
1	1	1.04619622231
1	1	0.625766038895
1	1	0.467941999435
1	1	0.394612073898
1	1	0.690769910812
1	1	0.492661952972
1	1	0.553766965866
1	1	0.421779155731
1	1	0.489666938782
1	1	0.427499055862
1	1	0.466580867767
1	1	0.419770002365
1	1	0.778509140015
1	1	0.994993925095
1	1	0.432857036591
1	1	1.33207082748
1	1	0.837634801865
12	1	0.962635040283
12	1	0.490329027176
12	1	0.497946023941
12	1	0.516485929489
12	1	0.392846107483
12	1	0.451787948608
12	1	0.560278892517
12	1	0.398191213608
12	1	0.855288982391
12	1	0.474997997284
12	0	0.908123970032
12	1	0.488207101822
12	1	0.428766965866
12	1	0.634878158569
12	1	1.28287601471
12	1	0.643557071686
12	1	1.18477988243
12	1	0.450166940689
12	1	0.379807949066
12	1	0.865846157074
12	1	0.415951013565
12	1	0.446228981018
12	1	0.474131822586
12	1	0.969794034958
12	1	0.643127918243
12	1	0.555446863174
12	1	0.451370954514
12	1	0.803490877151
12	1	0.471449136734
12	1	0.778064966202
12	1	0.580471992493
12	1	0.993475914001
12	1	0.642254829407
12	1	0.640243053436
12	1	0.468201875687
12	1	0.465937852859
12	1	0.452018022537
12	1	0.473744869232
12	1	0.507850885391
12	1	0.84158205986
12	1	1.99926710129
12	1	0.56326508522
12	1	0.963557958603
12	1	1.07268095016
12	1	0.61007809639
12	1	0.836674928665
12	1	1.02339410782
12	1	0.892027854919
12	1	0.52192401886
12	1	0.539467811584
12	1	0.410549163818
12	1	0.746033906937
12	1	0.684808969498
12	1	0.553875207901
12	1	0.562816858292
12	1	0.457569122314
12	1	0.442197084427
12	1	0.603516101837
12	1	0.42525601387
12	1	0.4271671772
12	1	0.60432600975
12	1	0.731310844421
12	1	0.5210750103
12	1	0.482911109924
12	1	0.594444990158
12	1	0.506953001022
12	1	0.874253034592
12	1	0.5320789814
12	1	0.780589103699
12	1	0.864950895309
12	1	0.826793909073
12	1	0.506242036819
12	1	0.512747049332
12	1	0.48294711113
12	1	0.513703107834
12	1	0.523823976517
12	1	0.418235063553
12	1	0.600919008255
12	1	0.579652070999
12	1	0.386440992355
12	1	1.54672503471
12	1	0.484450817108
12	1	0.522291898727
12	0	0.458770036697
12	1	0.649965047836
12	1	0.530826091766
12	1	0.435176849365
12	1	0.569847106934
12	1	0.500486135483
12	1	0.442409038544
12	1	0.402637958527
12	1	0.699708938599
12	1	0.618005990982
12	1	0.507147073746
12	1	0.506814956665
12	1	0.69876408577
12	1	0.746501922607
12	1	2.96943116188
12	1	0.554260015488
12	1	0.865893125534
12	1	0.50501203537
12	1	0.481700181961
12	1	1.35667109489
12	1	0.6959400177
12	1	0.717509031296
12	1	0.611143112183
12	1	0.569905996323
12	1	0.913615942001
12	1	0.534564971924
12	1	0.437599897385
12	1	0.824895143509
12	1	0.489168167114
12	1	0.556033849716
12	1	0.704012870789
12	1	0.467481136322
12	1	0.426639080048
12	1	0.464430093765
12	1	0.347056865692
12	1	0.338396072388
12	1	0.443419933319
12	1	0.615658998489
12	1	0.524747848511
12	0	0.400036096573
12	1	0.428611040115
12	1	0.6820499897
12	1	0.404170036316
12	1	0.473135948181
12	1	0.427158117294
12	1	0.442831039429
12	1	0.48147892952
12	1	0.634630918503
12	1	0.405563116074
12	1	0.520982027054
12	1	0.444860219955
12	1	0.353423118591
12	1	0.394134998322
12	1	0.658150911331
12	1	0.802703857422
12	1	0.468589067459
12	1	0.567523002625
15	1	0.651968955994
15	1	0.386834859848
15	1	0.457036018372
16	1	0.650665998459
16	1	0.467823028564
16	1	0.473293066025
16	1	0.426090955734
16	1	1.12791991234
16	1	0.452731132507
16	1	0.458323955536
16	1	0.426565170288
15	1	0.480791091919
15	1	0.387403964996
16	1	0.418797969818
15	1	0.530460834503
16	1	0.44441485405
16	1	0.474849939346
15	1	0.441092967987
15	1	0.468252897263
16	1	0.387048006058
15	1	0.508115053177
16	1	0.425714015961
16	1	0.363348960876
16	1	0.45809006691
15	1	0.385234117508
16	1	0.349650859833
16	1	0.681433916092
16	1	0.394665956497
15	1	0.489530801773
15	1	0.437662124634
15	1	0.489768028259
16	1	0.38094496727
15	1	0.583421945572
16	1	0.547957181931
15	1	0.473318099976
16	1	0.401443004608
16	1	0.514913082123
15	1	0.401389122009
16	1	0.337113142014
15	1	0.52236700058
16	1	0.453529119492
16	1	0.562321901321
16	1	0.337260961533
16	1	0.403192043304
16	1	0.392978906631
15	1	0.322079896927
15	1	0.435996055603
16	1	0.44988322258
16	1	0.379225969315
15	1	0.569792985916
16	1	0.393647909164
15	1	0.369940042496
16	1	0.619787931442
16	1	0.450824975967
15	1	0.386502981186
15	1	0.435081958771
16	1	0.394307136536
16	1	0.547626018524
16	1	0.434056043625
16	1	0.447861909866
15	0	0.752156972885
15	1	0.460761070251
15	1	0.338846206665
15	1	0.577547073364
15	1	0.37747502327
15	1	0.474159002304
16	1	0.444748878479
16	1	0.489982128143
16	1	0.433604955673
15	1	0.35519695282
15	1	0.531459093094
15	1	0.395703077316
15	1	1.03949093819
16	1	0.363778829575
15	1	0.44344496727
15	1	0.58616900444
16	1	0.394175052643
16	1	0.49840092659
15	1	0.514209985733
16	1	0.403031110764
15	1	0.408643007278
16	1	0.738844871521
16	1	0.403060913086
15	1	0.739940881729
15	1	0.394019126892
16	1	0.400188207626
15	1	0.379511117935
16	1	0.42555308342
16	1	0.497422933578
15	1	0.722949981689
15	1	0.579209804535
16	1	0.419670820236
15	1	0.376938819885
16	1	0.411695957184
16	1	0.450607061386
15	1	0.482017040253
16	1	0.426862955093
16	1	0.403158903122
15	1	0.369251966476
15	1	0.579349994659
16	1	0.362112998962
16	1	0.474536895752
16	1	0.39408493042
16	1	0.420667171478
15	1	0.433474063873
15	1	0.476025104523
16	1	0.337597846985
15	1	0.29945898056
16	1	0.354601860046
16	1	0.377228021622
16	1	0.420111894608
15	1	0.401073932648
15	1	0.353308200836
16	1	0.435118913651
15	0	0.420469999313
16	1	0.449450969696
16	1	0.378247022629
16	1	0.313462018967
15	1	0.39487695694
16	1	0.46010184288
15	1	0.48105597496
15	1	0.739217996597
15	1	0.452316045761
15	1	0.536911964417
16	1	0.611581087112
16	1	0.529188156128
15	1	0.442836999893
15	1	0.403224945068
16	1	0.547457933426
16	1	0.424932956696
16	1	0.45948600769
16	1	0.417238950729
15	1	0.420828104019
15	1	1.07968091965
16	1	0.42659497261
16	1	0.458039999008
16	1	0.393599033356
16	1	0.395634889603
16	1	0.42418718338
16	1	1.99503397942
16	1	0.474285125732
15	1	0.496610164642
16	1	0.442977905273
15	1	0.403481960297
15	1	0.480988025665
15	1	0.692543029785
16	1	0.368371009827
15	1	0.579972982407
16	1	0.53035402298
15	1	0.466099977493
15	1	0.420031070709
9	1	0.461363077164
9	1	0.44313621521
9	1	0.455161809921
9	1	0.419205904007
9	1	0.387537956238
9	1	0.393696069717
9	1	0.418241977692
9	1	0.378935098648
9	1	0.332122802734
9	0	0.322458028793
9	1	0.666355133057
9	1	0.416741132736
9	1	0.396428108215
9	1	0.354115962982
9	1	0.36033821106
9	1	0.4110891819
9	1	0.315814971924
9	1	0.427123069763
9	0	0.505124807358
9	1	0.477020978928
9	1	0.376846075058
9	1	0.416911125183
9	1	0.355755090714
9	1	0.386464118958
9	1	0.378942966461
9	1	0.405007123947
9	1	0.545825958252
9	1	0.38579916954
9	1	0.395009040833
9	1	0.969543933868
9	1	0.42946600914
9	1	0.418202161789
9	1	0.393224000931
9	1	0.404489040375
9	1	0.400779008865
9	1	0.386110067368
9	1	0.364983797073
9	1	0.515023946762
9	1	0.449689149857
9	1	0.544979095459
9	1	0.42678809166
9	0	0.433794975281
9	1	0.442678928375
9	1	0.483528137207
9	1	0.401061058044
9	1	0.363569974899
9	1	0.370605945587
9	1	0.419821023941
9	1	0.418642044067
9	1	0.441040039062
9	1	0.436357975006
9	1	0.30410194397
9	1	0.331187009811
9	1	0.434026002884
9	1	0.395303964615
9	1	0.307730197906
9	1	0.496452093124
9	1	0.467709779739
9	1	0.371265888214
9	1	0.499250888824
9	1	0.536296129227
9	1	0.515929937363
9	1	0.666267871857
9	1	0.368381023407
9	1	0.410118818283
9	1	0.411821126938
9	1	0.458757162094
9	1	0.450102090836
9	1	0.441249132156
9	1	0.620747804642
9	1	0.417763948441
9	1	0.425531148911
9	1	0.443249940872
9	1	0.362867116928
9	1	0.521938085556
9	1	0.443311929703
9	1	0.379191160202
9	1	0.434303045273
9	1	0.532400846481
9	1	0.38521695137
9	1	0.363168954849
9	1	0.386195898056
9	1	0.343481063843
9	1	0.444242954254
9	0	0.354181051254
9	1	0.481920957565
9	1	0.504179000854
9	1	0.42822599411
9	1	0.426109075546
9	1	0.379285812378
9	1	0.434679985046
9	1	0.529353141785
9	1	0.468529939651
9	1	0.369833946228
9	1	0.505292892456
9	1	1.8757019043
9	1	0.498850822449
9	1	0.386234998703
9	1	0.4354159832
9	1	0.43386387825
9	1	0.459213972092
9	1	0.320168018341
9	1	0.402724027634
9	1	0.514004945755
9	1	0.515389919281
9	1	0.354331016541
9	1	0.369872093201
9	1	0.419851064682
9	1	0.364305973053
9	1	0.714276075363
9	1	0.505593061447
9	1	0.324740886688
9	1	0.433155059814
9	1	0.419507026672
9	1	0.353666067123
9	1	0.530956983566
9	1	0.451776027679
9	1	0.377116203308
9	1	0.371315002441
9	1	0.506484985352
9	1	0.425567150116
9	1	0.441314935684
9	1	0.540452957153
9	1	0.362577915192
9	1	0.451133012772
9	1	0.385236978531
9	1	0.425740003586
9	1	0.373386859894
9	1	0.441205024719
9	1	0.355848073959
9	1	0.449225187302
9	1	0.379013061523
9	1	0.442733049393
9	0	1.59296798706
9	1	0.474869012833
9	1	0.467913150787
9	1	0.385757923126
9	1	0.377585887909
9	1	0.402055025101
9	1	0.490715026855
9	1	0.491086006165
9	1	0.424582004547
9	1	0.411327838898
9	1	0.569476127625
9	1	0.385786056519
9	1	0.372024774551
9	1	0.528397083282
9	1	0.546223163605
9	1	0.47555398941
9	1	0.522228002548
9	1	0.47392988205
9	1	1.27391505241
9	1	0.444381952286
10	1	0.426615953445
10	1	0.363723039627
10	1	0.497877120972
10	1	0.474308013916
10	1	0.44509601593
10	1	0.370388031006
10	1	0.401784896851
10	0	0.392097949982
10	1	0.466953992844
10	1	0.545068025589
10	1	0.403252124786
10	1	1.632365942
10	1	1.89135980606
10	1	1.82726502419
10	1	0.410493135452
10	1	0.459550142288
10	1	0.455453872681
10	1	0.595738172531
10	1	0.529322147369
10	1	0.397028923035
10	1	0.417072057724
10	1	0.588256120682
10	1	0.953907012939
10	1	0.385385036469
10	0	0.563681125641
10	1	0.395247936249
10	1	0.609420061111
10	1	0.569734096527
10	1	0.49836397171
10	1	1.37005591393
10	1	0.618811845779
10	0	0.809349775314
10	1	0.684523105621
10	1	1.2019329071
10	1	0.474003076553
10	1	0.506509065628
10	1	0.594429016113
10	1	0.376736879349
10	1	0.625910043716
10	1	0.474449157715
10	1	0.337450027466
10	1	0.483813047409
10	1	0.570483207703
10	1	0.418930053711
10	1	0.626022100449
10	1	0.450602054596
10	1	0.481740951538
10	1	0.601716995239
10	1	0.369736909866
10	1	0.481862068176
10	1	0.395178079605
10	1	0.660243988037
10	1	0.544325113297
10	1	0.794871807098
10	1	0.564883947372
10	1	0.529520988464
10	1	0.523561000824
10	1	0.425121068954
10	1	0.530155181885
10	0	0.505764007568
10	1	0.780137062073
10	1	0.492435932159
10	1	0.440541028976
10	1	0.993942022324
10	1	1.29856204987
10	0	2.31974601746
10	1	0.451945066452
10	1	0.393186092377
10	1	0.41043806076
10	1	0.668125867844
10	1	0.536750793457
10	1	0.794670820236
10	1	0.412245035172
10	1	0.491473913193
10	1	0.447952985764
10	0	0.843352079391
10	1	0.417232036591
10	1	0.786606788635
10	1	1.77035498619
10	1	0.45857000351
10	1	1.11487603188
10	1	0.53625702858
10	1	0.481729984283
10	1	0.45799279213
10	1	0.930901050568
10	1	0.641858100891
10	1	0.443974971771
10	1	0.523997068405
10	1	0.498360872269
10	1	0.473882913589
10	0	0.562026977539
10	1	0.835886001587
10	1	0.712648153305
10	1	0.947895050049
10	1	0.546095132828
10	1	0.497677087784
10	1	0.66876912117
10	1	0.459924936295
10	1	0.395126104355
10	1	0.450047016144
10	1	0.459273099899
10	1	0.440873146057
10	1	0.458476066589
10	1	0.937523841858
10	1	0.883135080338
10	1	1.50546002388
10	1	0.514976024628
10	1	0.610574007034
10	1	0.643064022064
10	1	0.681649923325
10	1	0.497406959534
10	1	0.491769075394
10	1	0.602916002274
10	1	0.458224058151
10	1	0.759799003601
10	1	0.508195877075
10	1	0.435310125351
10	0	0.986211061478
10	1	0.514191150665
10	1	0.379708051682
10	1	0.370255947113
10	1	0.489789009094
10	1	0.385473966599
10	1	0.395478963852
10	1	0.437129020691
10	1	0.578351020813
10	1	0.448340892792
10	1	0.339450120926
10	1	0.539350032806
10	1	0.536628961563
10	1	1.26044607162
10	1	0.411091089249
10	1	0.442198038101
10	1	0.642774105072
10	1	0.562754154205
10	0	0.402765989304
10	1	0.612609148026
10	1	0.481062173843
10	1	0.451955080032
10	1	0.810972929001
10	1	0.599237918854
13	0	2.08213996887
13	1	0.755954027176
14	1	0.499063014984
13	1	0.562610149384
14	1	0.457011938095
13	0	1.77027893066
14	0	0.98791217804
13	1	0.871647119522
13	1	0.555599927902
13	1	0.547996997833
13	1	2.26343894005
13	1	0.469166994095
13	1	0.434129953384
13	1	0.600769042969
14	1	0.426853895187
14	1	0.492622852325
13	1	0.85632610321
13	1	0.42822098732
13	1	0.641295909882
14	1	0.475155830383
14	1	0.448508024216
13	1	0.411597967148
14	1	0.498894929886
13	1	0.475404024124
14	1	0.482218980789
13	1	0.434206008911
13	1	1.09028291702
14	1	2.2583091259
13	1	0.619254112244
14	1	0.45711016655
14	1	0.461376190186
14	1	0.328752040863
13	1	1.26024007797
13	1	1.67529296875
14	1	0.392747879028
14	1	0.537853002548
14	1	0.539927005768
14	1	0.450075864792
13	1	0.843122005463
13	1	0.953266143799
13	1	0.602857112885
13	1	0.635655879974
14	1	1.20223593712
14	1	0.925065994263
14	1	0.479895114899
14	1	0.723852872849
13	1	0.512294054031
13	1	0.548650979996
14	1	0.658528089523
13	1	0.698601961136
13	1	0.520160913467
13	1	0.836266040802
13	1	0.578455924988
14	1	0.491495132446
13	1	0.465526819229
14	1	0.475286960602
13	1	1.44762706757
14	1	0.716403007507
14	1	0.577752113342
14	1	0.435272932053
14	1	0.433096885681
13	0	0.396749973297
14	1	0.970968008041
13	1	0.434956073761
14	1	0.424209833145
14	1	0.508898973465
13	1	0.488654851913
14	1	0.507050037384
13	1	0.672877073288
14	1	0.434388875961
13	1	1.72175002098
13	1	0.436224937439
13	1	0.44168305397
14	1	0.522671937943
14	1	0.434939861298
13	1	0.435204982758
14	1	0.411092996597
13	1	0.433631896973
14	1	0.636789083481
14	1	0.424319982529
14	1	0.5810110569
13	1	0.433275938034
13	1	0.826992988586
13	1	0.450516939163
13	1	1.21043992043
13	1	0.699581861496
13	1	0.448528051376
13	1	0.412252902985
13	1	0.632805109024
13	1	0.516560077667
14	1	0.458520889282
14	1	0.927904844284
14	1	0.41276884079
14	0	1.16944003105
13	1	2.04119586945
14	1	2.28201293945
13	1	0.492079019547
14	1	0.506608009338
14	1	1.42476010323
14	1	0.468768119812
14	1	1.0673058033
13	1	0.49644780159
13	1	1.1383869648
14	1	0.426774024963
13	1	0.536140918732
14	1	0.651438951492
14	1	0.674008846283
13	1	0.53918504715
14	1	0.474744796753
14	1	0.435022115707
13	1	0.764196157455
13	1	0.68162894249
13	1	0.617316961288
14	1	0.546376943588
13	1	0.55663394928
13	1	1.6577129364
14	1	0.480628967285
14	1	0.485057115555
14	1	0.777359962463
13	1	0.450123071671
13	1	0.603167057037
14	1	0.571813106537
14	1	0.673689842224
14	1	0.499820947647
13	1	0.624176979065
13	1	0.444905042648
13	1	0.705642938614
14	1	0.617787837982
13	0	0.579240083694
13	1	0.73802280426
13	1	0.480662822723
13	1	0.476593017578
13	1	0.457171916962
13	1	0.549098968506
13	1	0.498952865601
14	1	0.450299024582
13	1	0.562373161316
13	1	0.523185968399
13	1	0.475539922714
13	1	0.755074977875
13	1	1.044039011
14	1	0.560710191727
14	1	0.5135679245
14	1	0.435421943665
13	1	0.797649860382
13	1	0.441410064697
13	1	0.607959032059
14	1	0.521927118301
14	1	0.466595888138
14	1	0.403422832489
14	1	0.37057185173
14	1	0.563576936722
13	1	0.426481962204
13	1	0.41631102562
13	1	0.441291809082
14	1	0.444624900818
13	1	0.433534145355
14	1	0.457140922546
13	1	0.436855077744
13	1	0.594964027405
13	1	0.426684141159
14	1	0.537117004395
13	1	0.746243953705
14	1	0.81743311882
14	1	1.0434191227
13	1	0.489795923233
13	1	0.73851108551
13	1	0.466247081757
14	1	0.449721097946
13	0	0.484866142273
14	1	0.59982585907
14	1	0.994135141373
13	1	0.698925018311
13	1	0.39449596405
13	1	0.451644897461
13	1	0.465886116028
14	1	0.411679029465
13	1	0.722184896469
14	1	0.499225139618
13	1	0.411514043808
14	1	0.40980887413
13	1	0.58571100235
13	0	0.433453083038
13	1	0.458911895752
13	1	0.416929960251
13	0	0.841898202896
13	1	1.61860609055
14	1	2.57283496857
14	1	0.554610013962
13	1	0.521709918976
14	1	0.595066070557
13	1	0.559880018234
14	1	0.473881006241
13	0	1.23571491241
13	1	1.64757514
14	1	0.506588935852
13	1	0.48198390007
13	1	0.482038974762
14	1	0.506417036057
13	1	0.707823038101
14	1	0.401418924332
14	1	0.428301095963
14	1	0.362468957901
14	1	0.458905220032
13	0	1.17798995972
14	0	1.36430907249
14	1	0.536666154861
13	1	0.849897861481
14	1	0.426723003387
14	1	0.54706287384
14	1	0.529030799866
13	1	0.994502067566
14	1	0.514842033386
13	1	0.427152872086
14	0	0.538738965988
14	1	1.77785205841
13	1	0.881466150284
13	0	1.39476299286
13	1	0.865783929825
13	1	0.777825832367
13	1	0.827224969864
13	0	0.706208944321
14	1	0.515016078949
13	1	0.522038936615
13	1	0.466553926468
13	1	0.537385940552
14	1	0.810373067856
14	1	1.3724219799
14	1	0.489006996155
14	1	1.83481311798
14	1	0.475001096725
13	1	0.459395170212
13	1	0.411749124527
13	1	0.647728919983
13	1	0.617861032486
14	1	0.555653810501
14	1	0.937270879745
14	1	0.741214990616
13	1	0.96125793457
14	1	0.426410913467
14	1	0.514204025269
13	1	0.826865196228
13	1	0.42523598671
13	1	0.585770130157
13	1	0.453098058701
14	1	0.490098953247
14	1	0.384603977203
13	1	0.674586057663
14	0	1.07574796677
14	1	0.530988931656
14	1	0.441308021545
14	1	0.427348136902
13	1	0.570661067963
14	1	0.516219854355
14	1	0.466913938522
14	1	0.92989397049
13	1	0.538846969604
13	1	0.548074960709
13	1	1.00361990929
13	1	0.433730840683
13	1	0.524283885956
14	1	0.513700008392
14	1	0.624506950378
13	1	0.458677053452
14	0	1.14567995071
13	1	2.35269594193
14	1	0.532639980316
14	1	0.498939037323
14	1	0.697583913803
14	1	0.475646018982
14	1	0.554620981216
14	1	0.633623123169
13	0	1.51559400558
14	1	0.480641126633
11	0	1.01660513878
11	1	0.754902124405
11	1	0.499198913574
11	1	0.469297885895
11	1	0.433721065521
11	1	0.425261974335
11	1	0.457190036774
11	1	0.449867963791
11	1	0.347362041473
11	1	0.458003997803
11	1	0.595131874084
11	1	0.730592012405
11	1	0.394777059555
11	1	0.580763816833
11	1	0.570676088333
11	1	0.4364361763
11	1	0.450222015381
11	1	0.465648174286
11	1	0.58780503273
11	1	0.407730102539
11	1	0.403326034546
11	1	0.506328105927
11	1	0.361087083817
11	1	0.322714805603
11	1	0.492506027222
11	1	0.626966953278
11	1	0.458081007004
11	1	0.354314088821
11	1	0.404502868652
11	1	0.434200048447
11	1	0.473066806793
11	1	0.427417993546
11	1	0.498131990433
11	1	0.611281871796
11	1	0.459101200104
11	1	0.59413599968
11	1	0.412395954132
11	1	0.442548036575
11	1	0.491041898727
11	1	1.24091601372
11	1	0.539921998978
11	1	0.659393072128
11	1	0.489203929901
11	1	0.545826911926
11	1	0.545293092728
11	1	0.522603988647
11	1	1.00976490974
11	1	0.587372779846
11	1	0.449553012848
11	1	0.554994106293
11	1	0.592642784119
11	1	0.42042016983
11	1	0.658520936966
11	1	0.626168966293
11	1	0.49921298027
11	0	0.441948890686
11	1	0.60430598259
11	1	0.433680057526
11	1	0.385501861572
11	1	0.379710912704
11	1	0.338613986969
11	1	0.547078847885
11	1	0.483459949493
11	1	0.426719903946
11	1	0.505812883377
11	1	0.409996032715
11	1	0.386152029037
11	1	0.466236114502
11	1	0.354365110397
11	1	0.396171092987
11	1	0.417653083801
11	1	0.419209957123
11	1	0.58051609993
11	1	0.36062502861
11	1	0.348628044128
11	1	0.355795860291
11	1	0.458769083023
11	1	1.04033398628
11	1	1.1482489109
11	1	0.536746025085
11	1	0.474566936493
11	1	0.409015893936
11	1	0.80494093895
11	1	0.49792098999
11	1	1.51458477974
11	1	0.378054141998
11	1	0.41048002243
11	1	0.609835863113
11	1	0.435111999512
11	1	0.426432847977
11	1	0.405808925629
11	1	0.483573198318
11	1	0.632983922958
11	1	0.43422293663
11	1	0.54146194458
11	1	0.431912899017
11	1	0.532351016998
11	1	0.711876869202
11	1	0.435762882233
11	1	0.498028039932
11	1	0.490839004517
11	1	0.465234994888
11	1	0.437504053116
11	1	0.392686128616
11	1	0.697910070419
11	1	0.33998799324
11	1	0.340528011322
11	1	0.345954179764
11	1	0.458829164505
11	1	0.384248971939
11	0	0.665284872055
11	1	1.17147302628
11	1	0.624486923218
11	1	0.394745826721
11	1	0.387330055237
11	1	0.39945101738
11	1	0.413949966431
11	1	0.387146949768
11	1	0.362313985825
11	1	0.427612066269
11	1	0.336849927902
11	1	0.491157054901
11	1	0.484097003937
11	1	0.361084938049
11	1	0.386070013046
11	1	0.318090200424
11	0	0.424463033676
11	1	0.436201095581
11	1	0.497462034225
11	1	0.412317991257
11	1	0.345472097397
11	1	0.6033680439
11	1	0.386281013489
11	1	0.492678165436
11	1	0.419330120087
11	1	0.490044116974
11	1	0.400796175003
11	1	0.516546010971
11	1	0.552961826324
11	1	0.468847036362
11	1	0.456269979477
11	1	0.683846950531
11	0	0.537659168243
11	1	0.457324981689
11	1	0.428823947906
11	1	0.417062044144
11	1	0.379343986511
11	1	0.339425086975
11	1	0.465026140213
16	1	0.385004997253
15	1	0.610687017441
16	1	0.505800008774
15	1	0.404537916183
16	1	0.368423223495
15	1	0.387565851212
16	1	0.37076997757
15	1	0.627384901047
15	1	0.536575078964
16	1	0.425143957138
16	1	0.379518985748
15	1	0.380388021469
16	1	0.432678937912
15	1	0.387444972992
15	1	0.418807983398
16	1	0.460048913956
16	1	0.506420850754
15	1	0.577129125595
15	1	0.400575876236
15	1	0.372364044189
16	1	0.516006946564
16	1	0.399329900742
16	1	0.395476818085
16	1	0.394877910614
15	1	0.388613939285
15	1	0.497951030731
16	1	0.714298963547
15	1	0.394898891449
15	1	0.481781959534
16	1	0.428028106689
16	1	0.401962041855
15	1	0.563216924667
15	1	0.436939954758
15	1	0.591820001602
15	1	0.442947864532
15	1	0.516162872314
15	1	0.482265949249
16	1	0.499159097672
15	1	0.459660053253
15	1	0.392457008362
16	1	0.426680088043
16	1	0.507844924927
15	1	0.452512025833
15	0	0.650708198547
15	1	0.768007993698
15	0	0.689977884293
16	1	0.491227865219
15	1	1.95586895943
15	1	0.522489786148
16	1	0.449048042297
15	1	0.418298006058
16	1	0.420141935349
16	1	0.611044168472
15	1	0.779705047607
15	1	0.985839128494
15	1	0.612646102905
15	1	0.47438788414
15	1	0.722424983978
16	1	0.402489900589
16	1	0.378489017487
15	1	0.523686170578
15	1	0.378122091293
15	1	0.465348005295
16	1	0.433167934418
15	1	0.531877040863
16	1	0.49122595787
15	1	0.58570098877
16	1	0.472259998322
16	1	0.500958919525
15	1	0.409565925598
16	1	0.429150104523
15	1	0.465755939484
15	1	0.465112924576
15	1	0.482040166855
15	1	0.476431131363
16	1	0.425907850266
16	1	0.562623977661
15	1	0.545980930328
15	1	0.474058866501
15	1	0.57159781456
16	1	0.45053601265
16	1	0.425185918808
15	1	0.506505012512
16	1	0.444056987762
15	1	0.434690952301
16	1	0.440156936646
15	1	0.522963047028
16	1	0.50801897049
16	1	0.488085031509
16	1	0.580805063248
16	1	0.362129926682
16	1	0.433515071869
16	1	0.481106996536
16	1	2.5299270153
15	1	0.634863853455
15	1	0.514699935913
16	1	0.491096019745
16	1	0.432971000671
15	1	0.380196809769
16	1	0.484254837036
16	1	0.363192081451
15	1	0.311187982559
15	1	0.370676040649
15	1	0.404115915298
16	1	0.372807025909
15	1	0.361790895462
15	1	0.458151102066
15	1	0.442926168442
16	0	0.457247018814
16	1	1.30729389191
16	1	0.458136081696
15	1	0.461462020874
16	1	0.464370965958
16	1	1.29064583778
15	1	0.516999959946
16	1	0.447438001633
15	1	0.716944932938
16	1	0.393439054489
15	1	0.386640071869
15	1	0.530356884003
15	1	0.473825216293
16	1	0.453955173492
15	1	0.449820041656
16	1	0.409457921982
15	1	0.408712148666
16	1	0.397658109665
16	1	0.842978954315
15	1	0.342338085175
16	1	0.468551874161
16	1	0.417981147766
15	1	0.497977972031
16	1	0.335019111633
16	1	0.340773105621
15	1	0.37801194191
16	1	0.445527076721
16	1	0.409362077713
15	1	0.411347866058
16	1	0.498553037643
16	1	0.484429836273
15	0	0.408409833908
16	1	0.561432123184
15	1	1.67585515976
16	1	0.394129991531
16	1	0.347903013229
16	1	0.513700962067
16	1	0.497894048691
15	1	1.32255291939
16	1	0.500399827957
17	1	0.589865207672
17	1	0.368803977966
17	1	0.379889011383
17	1	0.323651075363
17	1	0.417039871216
17	1	0.372393131256
17	1	0.506026983261
17	1	0.457221984863
17	1	0.409679889679
17	1	0.388829946518
17	1	0.377915143967
17	1	0.423923015594
17	1	0.435948133469
17	1	0.377315044403
17	1	0.544823169708
17	1	0.443034887314
17	1	0.378514051437
17	1	0.57196187973
17	1	0.432900905609
17	1	0.690058946609
17	1	0.402715206146
17	1	0.468803882599
17	1	0.411076068878
17	1	0.377960920334
17	1	0.56104683876
17	1	0.379216909409
17	1	0.459521055222
17	1	0.466841936111
17	1	0.442925214767
17	1	0.500380039215
17	1	0.394649982452
17	1	0.425322055817
17	1	0.475662946701
17	1	0.425749063492
17	1	0.57756114006
17	1	0.444370985031
17	1	0.417211771011
17	1	0.387326002121
17	1	0.33272600174
17	1	0.337134122849
17	1	0.530951976776
17	1	0.436695098877
17	1	0.365823030472
17	1	0.434388875961
17	1	0.340049982071
17	1	0.35585808754
17	1	0.544733047485
17	1	0.409852027893
17	1	0.385403871536
17	1	0.411617994308
17	1	0.370723962784
17	1	0.329030990601
17	1	0.514143943787
17	1	0.39532494545
17	1	0.372620105743
17	0	0.327605009079
17	1	1.00999307632
17	1	0.401360034943
17	1	0.346560001373
17	1	0.31543803215
17	1	0.337332010269
17	1	0.386402130127
17	1	0.347666025162
17	1	0.332437992096
17	1	0.432791948318
17	1	0.385396957397
17	1	0.394538164139
17	1	0.379205226898
17	1	0.464797973633
17	1	0.403551101685
17	1	0.377121925354
17	1	0.356463909149
17	1	0.54553103447
17	1	0.418578147888
17	1	0.403506040573
17	1	0.513918161392
17	1	0.443471193314
17	1	0.448945045471
17	1	0.333070993423
17	1	0.633852005005
17	1	0.506000041962
17	1	0.421083927155
17	1	0.362712860107
17	1	0.352833032608
17	1	0.353868961334
17	1	0.451743125916
17	1	0.465929031372
17	1	0.391470193863
17	1	0.348654985428
17	1	0.418972015381
17	1	0.355045080185
17	1	0.383985996246
17	1	0.395240068436
17	1	0.37012219429
17	1	0.35337305069
17	1	0.380044937134
17	1	0.63298201561
17	1	0.497848033905
17	1	0.41873717308
17	1	0.410848855972
17	1	0.402671098709
17	1	0.425014972687
17	1	0.380311012268
17	1	0.426662921906
17	1	0.491509914398
17	1	0.378329992294
17	1	0.41565489769
17	1	0.386232852936
17	1	0.421912908554
17	1	0.407874107361
17	1	0.402400016785
17	1	0.360691070557
17	1	0.394828081131
17	1	0.381436109543
17	1	0.376411914825
17	1	0.434329986572
17	1	0.387506961823
17	1	0.370820999146
17	1	0.472382068634
17	1	0.505304098129
17	1	0.516371011734
17	1	0.768261909485
17	1	0.427578926086
17	1	0.442394971848
17	1	0.435889005661
17	1	0.38401889801
17	1	0.381336927414
17	1	0.472974061966
17	1	0.402032136917
17	1	0.362197875977
17	1	0.394329071045
17	1	0.346930980682
17	1	0.362323999405
17	1	0.317836046219
17	1	0.334677934647
17	1	0.363186120987
17	1	0.411812067032
17	1	0.50380897522
17	1	0.369776964188
17	1	0.517213106155
17	1	0.370006084442
17	1	0.388005971909
17	1	0.458983898163
17	1	0.339663982391
17	1	0.456102132797
17	1	0.369647026062
17	1	0.402287006378
17	1	0.477478027344
17	1	0.416406154633
17	1	0.353386163712
17	1	0.410353899002
17	1	0.354956865311
17	1	0.385446071625
17	1	0.38118314743
17	1	0.408684968948
22	1	0.724636077881
21	1	0.473716974258
22	1	0.480661869049
22	1	0.404232025146
22	1	0.385403871536
22	1	0.485571146011
22	1	0.450236797333
21	1	0.467136859894
22	1	0.371040821075
21	1	0.411013841629
22	0	0.312264919281
21	1	0.825307130814
22	1	0.4265229702
21	1	0.426372051239
22	1	0.877212047577
22	1	0.545391798019
21	1	0.419725894928
21	1	0.83275604248
21	1	0.371194124222
22	0	0.897564888
21	1	0.579053163528
22	1	0.916580915451
22	1	0.560719013214
22	1	0.500676870346
22	1	0.41899394989
21	1	0.535194158554
21	1	0.651141166687
21	1	0.450484037399
21	1	0.425492048264
22	1	0.39658498764
21	1	0.695611953735
21	1	0.764238119125
21	1	0.483846902847
22	1	0.386435985565
22	1	0.417726993561
21	1	0.41973400116
22	1	0.378239870071
22	1	0.475199222565
21	1	0.496422052383
21	1	0.404974937439
22	1	0.384927988052
21	1	0.657697200775
22	1	0.365248918533
22	1	0.394253015518
21	1	0.395586013794
21	1	0.914757966995
21	1	0.39977312088
22	1	0.532060861588
22	1	0.324193954468
22	1	0.377695083618
22	1	0.435717105865
22	1	0.369929790497
21	1	0.387592077255
21	0	0.435792922974
21	1	1.56218600273
21	1	0.499828100204
21	1	0.361722946167
21	1	0.43319106102
21	1	0.456785917282
21	1	0.515896081924
22	1	0.354135990143
22	1	0.497313976288
21	1	0.381364107132
22	1	0.417181015015
22	1	0.474920034409
22	1	0.474702119827
21	1	0.441455125809
21	1	0.451808929443
21	1	0.370929002762
21	1	1.14465308189
22	1	0.450299978256
22	1	1.85905599594
21	1	0.379142045975
21	1	1.07403516769
21	1	0.740036964417
22	1	0.355736017227
22	1	0.377904891968
21	1	0.394860982895
21	1	0.489974021912
22	1	0.489969015121
22	1	0.500911951065
22	1	0.554477930069
22	1	0.328431844711
21	1	0.623224973679
22	1	0.413383960724
22	1	0.361993074417
22	1	0.377099990845
22	1	0.469360113144
22	1	0.418066978455
21	1	0.442193984985
21	1	0.488964080811
21	1	0.418611049652
21	1	0.490792989731
21	1	0.779052019119
21	1	0.419265031815
21	1	0.34608912468
22	1	0.924810886383
22	1	0.425304174423
21	1	0.776391983032
22	1	0.547480106354
22	1	0.499073028564
21	1	0.579571962357
21	1	0.414613962173
22	1	0.459184885025
21	1	0.48047208786
22	1	0.701117992401
21	1	0.466052055359
21	1	0.37907910347
21	1	0.372179985046
22	1	0.400506973267
21	1	0.832567930222
22	1	0.355152130127
22	1	0.408317089081
21	1	0.380654096603
22	1	0.36260008812
22	1	0.3795170784
22	1	0.423840045929
21	1	0.395524978638
22	1	0.442597150803
22	1	0.483397006989
22	1	0.443730115891
21	1	0.721794128418
22	1	0.45889210701
21	1	0.361735105515
22	1	0.435724020004
22	1	0.345519065857
22	1	0.411288976669
21	1	0.425786972046
22	1	0.452867031097
22	1	0.439341068268
21	1	0.410547018051
22	1	0.298152923584
21	0	0.460438966751
21	1	0.544991016388
22	1	0.482047080994
21	1	1.24230694771
21	1	0.509130954742
21	1	0.392892122269
22	1	0.492188215256
21	1	0.407377958298
22	1	0.579998970032
21	1	0.386650800705
21	1	0.377855062485
21	1	0.418396949768
21	1	0.458898067474
21	1	0.530466079712
21	0	0.45992398262
21	1	0.442362070084
22	1	0.361336946487
19	1	0.800675153732
19	1	0.368782997131
19	1	0.373272180557
19	1	0.376853942871
19	1	0.442041158676
19	1	0.378201961517
19	1	0.460292100906
19	1	0.399824142456
19	1	0.373072862625
19	1	0.323394060135
19	1	0.354104042053
19	1	0.465913772583
19	1	0.379416942596
19	1	0.379998922348
19	1	0.400267124176
19	1	0.515690803528
19	1	0.456640958786
19	1	0.427771806717
19	1	0.412389993668
19	1	0.361160039902
19	1	0.367377996445
19	1	0.365030050278
19	1	0.443458795547
19	1	0.526666164398
19	1	0.403949975967
19	1	0.376471042633
19	1	0.378660202026
19	1	0.364099979401
19	0	0.300385951996
19	0	0.448240995407
19	1	0.426210165024
19	1	0.386770963669
19	1	0.405158042908
19	1	0.401746034622
19	1	0.427524089813
19	1	0.424369812012
19	1	0.562909126282
19	1	0.419345855713
19	1	0.48290681839
19	1	0.379064083099
19	1	0.434669017792
19	1	0.611384868622
19	1	0.44984292984
19	1	0.349027872086
19	1	0.520614147186
19	1	0.397104978561
19	1	0.344076871872
19	1	0.468634128571
19	1	0.506597042084
19	1	0.441266059875
19	1	0.514945983887
19	1	0.44056391716
19	1	0.540360927582
19	1	0.394101142883
19	1	0.338280200958
19	1	0.409774065018
19	1	0.535347938538
19	1	0.340002059937
19	1	0.434941053391
19	1	0.418442964554
19	1	0.347614049911
19	1	0.529134988785
19	1	0.363177061081
19	1	0.395889997482
19	1	0.385823965073
19	1	0.419497966766
19	1	0.379557132721
19	1	0.33863401413
19	1	0.401453018188
19	1	0.457365036011
19	1	0.428624868393
19	1	0.37803196907
19	1	0.538313865662
19	1	0.336579084396
19	1	0.410069942474
19	1	0.356602907181
19	0	0.402766942978
19	1	0.457479953766
19	1	0.412765026093
19	1	0.37744808197
19	1	0.332052230835
19	1	0.371409893036
19	0	0.32123208046
19	1	0.424680948257
19	1	0.386525154114
19	1	0.370989084244
19	1	0.403560161591
19	1	0.401360034943
19	1	0.380180835724
19	1	0.472599029541
19	1	0.411488056183
19	1	0.389163970947
19	1	0.402521133423
19	0	0.376101016998
19	1	0.572111129761
19	1	0.49196600914
19	1	0.430657863617
19	1	0.510390043259
19	1	0.391837120056
19	1	0.466334819794
19	1	0.547951221466
19	1	0.435259819031
19	1	0.368915081024
19	1	0.387042045593
19	1	0.369641065598
19	1	0.362227916718
19	1	0.346127986908
19	1	0.642818927765
19	1	0.515457868576
19	1	0.361463069916
19	1	0.417676210403
19	1	0.427718877792
19	1	0.519968986511
19	1	0.387431144714
19	1	0.377892971039
19	1	0.371164083481
19	1	0.319677114487
19	1	0.586182832718
19	1	0.477998971939
19	1	0.459888935089
19	1	0.426690101624
19	1	0.401519060135
19	1	0.403298854828
19	1	0.424036026001
19	1	0.38729095459
19	1	0.387709856033
19	1	0.61075592041
19	1	0.49920797348
19	1	0.39442896843
19	1	0.874548912048
19	1	0.378312110901
19	1	0.443777084351
19	1	0.449419975281
19	1	0.403167963028
19	1	0.353090047836
19	1	0.660150051117
19	1	0.433589935303
19	1	0.400781869888
19	1	0.45082616806
19	1	0.433850049973
19	0	0.452476024628
19	1	0.3955950737
19	1	0.435694932938
19	1	0.417997121811
19	1	0.419357061386
19	1	0.410388946533
19	1	0.39666891098
19	1	0.402534008026
19	1	0.57839012146
19	1	0.506338119507
19	1	0.529414892197
19	1	0.428185939789
19	1	0.395510911942
19	1	0.346487998962
19	1	0.498871088028
24	1	0.463937997818
23	1	0.41814994812
23	1	0.412399053574
23	0	0.882920026779
24	1	0.48135304451
24	1	0.395096063614
24	1	0.392766952515
24	1	0.432590007782
23	1	0.499710083008
24	1	0.456624984741
24	1	0.404958963394
24	1	0.448004961014
23	1	0.386134147644
24	1	0.441864013672
23	1	0.450508832932
23	1	0.539546966553
23	1	0.443270921707
24	1	0.587023973465
24	1	0.343706130981
24	1	0.462390184402
24	1	0.81854891777
24	1	2.3453271389
24	1	0.530749082565
23	1	0.40318107605
23	1	0.353937149048
24	1	0.419054985046
24	1	0.433569192886
24	1	0.404138088226
24	1	0.458210945129
24	1	0.72328209877
23	1	0.499279975891
24	1	0.42688202858
24	1	0.483860969543
23	1	0.609330177307
24	1	0.425149917603
23	0	1.10666489601
24	1	0.453274965286
24	1	0.393212080002
24	1	0.387450933456
24	1	0.417572021484
24	1	0.393402099609
23	1	0.772167921066
24	1	0.450007915497
23	1	0.489134073257
24	1	0.378846883774
24	1	0.435236930847
24	1	0.44984793663
23	1	0.683022022247
23	1	0.435817956924
24	1	0.481438875198
24	1	0.435512065887
23	1	0.625268936157
23	1	0.46574306488
24	1	0.490731954575
23	1	0.458554983139
24	1	0.962552070618
24	1	0.380594968796
24	1	0.369720935822
23	1	0.385349988937
23	1	0.404590129852
23	1	0.601850986481
24	0	0.448465108871
24	1	0.460452079773
24	1	0.434711933136
23	1	0.592336177826
23	1	0.445262908936
24	1	0.448872804642
24	1	0.492269039154
23	1	0.450294017792
23	1	0.369601964951
24	1	0.419618844986
24	1	0.38719201088
24	1	0.401017904282
23	1	0.402626037598
24	1	0.418668031693
23	1	0.356374979019
23	1	0.401421070099
24	1	0.507749080658
24	1	0.443269014359
24	1	0.441172838211
24	1	0.45845413208
24	1	0.492918014526
24	1	0.425941944122
24	1	0.376718044281
24	1	0.555405139923
23	1	0.380562067032
23	1	0.45032119751
24	1	0.468457937241
24	1	0.361717939377
23	1	0.507375001907
23	1	0.387516021729
24	1	0.354226112366
23	1	0.642586946487
24	1	0.427088975906
23	1	0.498654127121
23	1	0.425999879837
24	1	0.529602050781
23	1	0.408560037613
24	1	0.555605888367
24	1	0.449429035187
23	1	0.491192102432
24	1	0.538506984711
23	1	0.425539970398
24	1	0.410684108734
23	1	1.10602211952
23	1	0.37396979332
23	1	0.473082065582
24	1	0.427373886108
24	1	0.46624994278
23	1	0.331385135651
23	1	0.41135597229
23	1	0.521915912628
23	1	0.414645195007
23	1	0.401658058167
23	1	0.635308027267
23	1	0.532345056534
24	1	0.382239103317
24	1	0.387101888657
24	1	0.45228600502
24	1	0.410388946533
23	1	0.420918941498
23	1	0.613394975662
23	1	0.476248979568
23	1	0.416737794876
23	1	0.457809925079
24	1	0.427120923996
23	1	0.521948099136
23	1	0.410732984543
23	1	0.41198015213
24	1	0.452284097672
23	1	0.409936904907
23	1	0.546459913254
23	1	0.387174844742
23	1	0.487291097641
24	1	0.362300872803
24	1	0.522778987885
24	1	0.37987112999
24	1	0.4413189888
24	1	0.563683986664
23	1	0.433063030243
23	1	0.530106067657
24	1	0.62633895874
24	1	0.436434030533
24	1	0.41589307785
24	1	0.458724975586
24	1	0.369290113449
24	1	0.483364105225
24	1	0.409905910492
24	1	0.338917970657
24	1	0.345580816269
24	0	0.37239408493
20	0	2.30757498741
20	1	0.418356895447
20	1	0.3833360672
20	1	0.388342857361
20	1	0.411090135574
20	1	0.384499073029
20	1	0.786843061447
20	1	0.458549976349
20	1	0.410084962845
20	1	0.387281894684
20	1	0.37837600708
20	1	0.818582057953
20	1	1.04299998283
20	1	1.26682806015
20	1	0.441877126694
20	1	0.52393913269
20	0	0.512700080872
20	1	1.23388290405
20	1	0.491091012955
20	1	0.467408895493
20	1	0.426512956619
20	1	0.441926002502
20	1	0.418487071991
20	1	0.484977006912
20	1	0.399686098099
20	1	0.416871070862
20	1	0.397814035416
20	1	0.385737895966
20	1	0.450198173523
20	1	0.79342508316
20	1	0.713957071304
20	1	0.408593893051
20	1	0.642838001251
20	1	1.00340294838
20	1	0.460153102875
20	1	0.552784204483
20	1	0.40346288681
20	1	0.442461967468
20	1	0.354490995407
20	1	0.393840074539
20	1	0.473817110062
20	1	0.394901037216
20	1	0.616946935654
20	1	0.385849952698
20	1	0.394516944885
20	1	0.577579021454
20	1	0.444818019867
20	1	0.385356903076
20	1	0.986143112183
20	1	0.579468011856
20	1	0.490243911743
20	1	0.482616901398
20	1	0.441721916199
20	1	0.72983789444
20	1	1.36503195763
20	1	1.15354394913
20	1	0.698029994965
20	1	1.67411088943
20	1	1.27600812912
20	1	0.345752954483
20	1	0.554561853409
20	1	1.49098110199
20	1	0.391788959503
20	1	0.529260873795
20	1	0.346601963043
20	1	0.522018909454
20	0	0.451431035995
20	1	0.762978792191
20	1	0.688166856766
20	1	1.02579903603
20	1	0.43360209465
20	1	0.465745925903
20	1	0.420530080795
20	1	0.432869195938
20	1	0.515678882599
20	1	0.692198038101
20	1	0.386214971542
20	1	0.371691942215
20	1	1.32287788391
20	1	0.427853107452
20	1	0.496325016022
20	1	0.417443037033
20	0	0.913837909698
20	1	0.493016004562
20	1	0.41542506218
20	1	0.445379018784
20	1	0.466948986053
20	1	0.544308900833
20	1	0.38650393486
20	0	0.449635982513
20	1	0.426051139832
20	1	0.405198812485
20	1	0.569779157639
20	1	0.394142866135
20	1	0.458094835281
20	1	0.441765069962
20	1	0.60070514679
20	1	0.47442984581
20	1	0.483899116516
20	1	0.469937086105
20	1	0.650170087814
20	1	0.42738199234
20	1	0.553469181061
20	1	0.443134784698
20	1	0.424335956573
20	1	0.653856992722
20	1	0.725736856461
20	1	0.364114999771
20	1	0.489683151245
20	1	0.492409944534
20	1	0.418225049973
20	1	0.53000998497
20	1	0.585073947906
20	1	0.555110216141
20	1	0.483306884766
20	1	0.458010911942
20	1	0.466482877731
20	1	0.459499120712
20	1	0.440471887589
20	1	0.61957192421
20	1	0.480885982513
20	1	0.506325006485
20	1	0.483970880508
20	1	0.504359006882
20	1	0.458117961884
20	1	0.460201025009
20	1	0.361078023911
20	1	0.433010101318
20	1	0.541155099869
20	1	2.12957191467
20	1	0.448611974716
20	1	0.411524057388
20	1	0.34587597847
20	1	0.522068023682
20	1	0.346383810043
20	1	0.397379875183
20	1	0.370631933212
20	1	0.504047870636
20	1	0.571944952011
20	1	0.459259033203
20	1	0.474735021591
20	1	0.41717505455
20	1	0.361926078796
20	1	0.488738059998
18	0	2.28622508049
18	1	0.442653894424
18	1	0.433441162109
18	1	0.361351966858
18	1	0.379376888275
18	1	0.450616836548
18	1	0.570587158203
18	1	0.556484937668
18	1	0.439262151718
18	1	0.41882610321
18	1	0.40836596489
18	1	0.38692688942
18	1	0.602555036545
18	1	0.357580900192
18	1	0.616093873978
18	1	0.393270969391
18	1	0.444555997849
18	1	0.498475790024
18	1	0.658890962601
18	1	0.561021089554
18	1	0.642657995224
18	0	0.571758985519
18	1	0.602741003036
18	1	0.482167959213
18	1	0.500338792801
18	1	0.458557844162
18	1	0.43350315094
18	1	0.435224056244
18	1	0.816494941711
18	1	0.402949094772
18	1	0.379176139832
18	1	0.506874084473
18	1	0.600902795792
18	1	0.435508012772
18	1	0.425820112228
18	1	0.409228086472
18	1	1.46766591072
18	1	0.45960521698
18	1	0.552247047424
18	1	0.925446987152
18	1	0.46523308754
18	1	0.437387943268
18	1	0.411715984344
18	1	0.368874073029
18	1	0.339277982712
18	1	0.361416101456
18	1	0.569725036621
18	1	0.354100942612
18	1	0.436790943146
18	0	0.419898986816
18	1	0.520349979401
18	1	0.402097940445
18	1	0.468430995941
18	1	0.472212076187
18	1	0.416810035706
18	1	0.505752801895
18	1	0.555471897125
18	1	0.450995922089
18	1	0.489444971085
18	1	0.524512052536
18	1	0.402336120605
18	1	0.389811038971
18	1	0.404135942459
18	1	0.467378854752
18	1	0.783316850662
18	1	0.545339822769
18	1	0.531589984894
18	1	0.359157085419
18	1	0.684340953827
18	1	0.443480968475
18	1	0.4646961689
18	1	0.475050210953
18	1	0.395113945007
18	1	0.408783912659
18	1	0.667057037354
18	1	0.345990896225
18	1	0.386193037033
18	1	0.392855167389
18	1	0.436273097992
18	1	0.490434885025
18	1	0.48269200325
18	1	0.585662126541
18	1	0.891297101974
18	1	0.472267866135
18	1	0.490771055222
18	1	0.363923072815
18	1	0.345854997635
18	1	0.434481143951
18	1	0.403867959976
18	1	0.361645936966
18	1	0.401347160339
18	1	0.410813093185
18	1	0.356286048889
18	1	0.384168148041
18	1	0.522729873657
18	1	0.412152051926
18	1	0.345866918564
18	1	0.423748970032
18	1	0.372570037842
18	1	0.441320896149
18	1	0.540381193161
18	1	0.427237987518
18	1	0.52180314064
18	1	0.498070955276
18	1	0.456991910934
18	1	0.450278043747
18	1	0.402233123779
18	1	0.369856834412
18	1	0.379576921463
18	1	0.353178977966
18	1	0.49196600914
18	1	0.426661968231
18	1	0.409968137741
18	1	0.355711936951
18	1	0.346254825592
18	1	0.37117600441
18	1	0.362530946732
18	1	0.496602058411
18	1	0.387630939484
18	1	0.432909011841
18	1	0.356564044952
18	1	0.400349140167
18	0	0.403211116791
18	1	0.770410060883
18	1	0.393827915192
18	1	0.412197828293
18	1	0.336385965347
18	1	0.426363945007
18	1	0.371042966843
18	1	0.353179931641
18	0	0.372378826141
18	0	1.210242033
18	1	0.506529092789
18	1	0.441305875778
18	0	0.369601964951
18	1	0.714069128036
18	1	0.636083841324
18	1	0.530886888504
18	1	0.46581697464
18	1	0.51398897171
18	1	0.771054983139
18	1	0.424726009369
18	1	0.419104099274
18	1	0.394385814667
18	1	0.451190948486
18	1	0.415563106537
18	1	0.498458862305
18	1	0.35550403595
18	1	0.56370306015
18	1	0.49741601944
22	1	0.49401307106
21	1	0.464426040649
22	1	0.466560125351
22	1	0.801911115646
21	1	0.562198877335
21	1	1.32959103584
22	1	0.45872592926
21	1	0.348375797272
21	1	0.424582958221
22	1	0.458940982819
21	1	0.448837041855
21	1	0.427300930023
21	1	0.427474021912
21	1	0.436071872711
22	1	0.418050050735
22	1	0.442979097366
22	1	0.483173847198
21	1	0.434902906418
22	1	0.417762994766
22	1	0.650726079941
21	1	0.436086177826
21	1	0.577108860016
21	1	0.378422021866
21	1	0.467997074127
22	1	0.449615001678
22	1	0.386101007462
22	1	0.379164934158
21	0	0.39325594902
22	1	0.508100032806
21	1	0.587825059891
22	1	0.682073116302
22	1	0.548195123672
21	1	0.496692895889
21	1	0.554141998291
21	1	0.516080141068
21	1	0.412495851517
22	1	0.552498102188
21	1	0.434373855591
22	1	0.420763969421
22	1	0.43501496315
22	1	0.503695964813
22	1	0.373080015182
21	1	0.409147024155
22	1	0.416723012924
21	1	0.394558906555
21	1	0.484416007996
22	1	0.465937852859
21	1	0.380444049835
22	1	0.354629993439
21	1	0.455828905106
21	1	0.418133974075
22	1	0.43532204628
22	1	0.38015294075
22	1	0.521864891052
21	1	0.474864959717
21	0	1.31567215919
22	1	0.510742902756
21	1	0.380084037781
22	1	1.17722606659
22	0	0.355881929398
22	1	0.464745044708
21	1	0.930796146393
22	1	0.427675008774
21	1	0.419305086136
21	1	0.746309041977
22	1	0.978434085846
22	1	0.537633895874
21	1	0.559905052185
21	1	0.435023069382
21	1	0.570749044418
21	1	0.452203035355
21	1	0.738234996796
22	1	0.435117006302
21	1	0.408227920532
21	1	1.17084598541
21	1	0.467011213303
22	1	0.465090036392
21	1	0.395865917206
21	1	0.448424100876
22	1	0.428923130035
21	1	0.384892940521
22	1	0.484035968781
21	1	0.40912604332
21	1	0.755610942841
21	1	0.769884109497
21	1	0.45059800148
22	1	0.466990947723
22	1	0.46878194809
21	1	0.393352985382
22	1	0.409946918488
22	1	0.488838195801
22	1	0.409496068954
22	1	0.481591939926
22	1	0.477229118347
22	1	0.4971139431
22	1	0.393676996231
22	1	0.490746974945
22	1	0.537477016449
22	1	0.449337005615
21	1	0.51358795166
21	1	0.506650209427
22	1	0.402996778488
21	1	0.474177837372
22	1	0.835576057434
22	1	0.457849979401
21	1	0.56519985199
22	1	0.495312929153
22	1	0.452147006989
22	1	0.457085847855
21	1	1.52148199081
22	1	0.435286045074
21	1	0.476736068726
21	1	0.418429136276
21	1	0.679787874222
21	1	0.411733150482
22	1	0.464771986008
21	1	0.580381155014
22	1	0.363340854645
22	1	0.489861011505
21	1	0.456506967545
22	1	0.659583091736
21	1	0.5369348526
22	1	0.427281141281
22	1	0.463718891144
21	1	0.545086860657
21	1	0.524117946625
22	1	0.483669042587
21	1	0.49696803093
21	1	0.498907804489
22	1	0.475821018219
21	1	0.642707109451
22	1	0.530302047729
22	1	0.457401990891
22	1	0.441657066345
22	1	0.474453926086
21	1	0.579253911972
21	1	0.412656068802
22	1	0.407660007477
21	1	0.436964035034
21	1	0.38019490242
21	1	0.416062831879
21	1	0.404978990555
21	0	0.480296134949
22	1	0.473179101944
22	1	0.441040039062
21	1	0.787734985352
22	1	0.435324907303
21	1	0.480234861374
23	1	0.45920586586
24	1	0.434228181839
23	1	0.456197023392
23	1	0.387459993362
23	1	0.722804784775
23	1	0.459805011749
24	1	0.353259086609
24	1	0.584053039551
23	1	0.371901035309
24	1	0.441343069077
23	1	0.40093588829
23	1	0.435106992722
24	1	0.369922161102
23	1	0.448793888092
23	1	0.361883163452
24	1	0.395831823349
24	1	0.45813703537
23	1	0.395483016968
23	1	0.450152158737
23	0	0.395509004593
23	1	1.12110185623
24	1	0.467641115189
24	0	0.5379550457
24	1	0.841989040375
23	1	1.0647919178
24	1	0.483130931854
23	1	1.46164488792
23	1	0.451454162598
24	1	0.353251934052
23	1	0.474453210831
23	1	0.48099899292
23	1	0.507050991058
24	1	0.426068067551
24	1	0.425785064697
24	1	0.432507038116
24	1	0.771027088165
24	1	0.465635061264
23	1	0.405246019363
23	1	0.384714126587
24	1	0.417450904846
24	1	0.476125001907
23	1	0.372781991959
24	1	0.378143072128
24	1	0.46525812149
24	1	0.393517971039
23	1	0.467438936234
24	1	0.537949085236
24	1	0.355581045151
23	1	0.635940074921
24	1	0.441493988037
23	1	0.395589113235
23	1	0.370786905289
23	1	0.539205789566
23	1	0.507066011429
23	1	0.441797018051
23	1	0.521483182907
24	1	0.403717041016
24	1	0.378166913986
24	1	0.432412147522
24	1	0.420497894287
23	1	0.450757026672
24	1	0.483090877533
23	1	0.441941976547
23	1	0.724097967148
24	1	0.713646888733
23	1	0.567993879318
24	1	0.444365024567
24	1	0.378772974014
24	1	0.420861005783
24	0	0.39342713356
23	1	0.480950117111
23	0	1.14006495476
24	1	0.617609024048
23	1	0.434386968613
23	1	0.345991134644
24	1	0.515008926392
23	1	0.412029981613
24	1	0.522005796432
24	1	0.370593070984
24	1	0.449949979782
23	1	0.826967000961
24	1	0.425696849823
23	1	0.41015791893
23	1	0.468152046204
23	1	0.476057052612
24	1	0.841788053513
23	1	0.505754947662
24	1	0.427477121353
24	1	0.424085855484
24	1	0.350188970566
24	1	0.322530031204
24	1	0.555399894714
23	1	0.4485039711
24	1	0.420246124268
24	1	0.433849096298
24	1	0.459738016129
24	1	0.467783927917
24	1	0.410148143768
23	1	0.530629873276
24	1	0.440087080002
24	1	0.492969989777
24	1	0.448759078979
23	1	0.440630912781
23	1	0.627200841904
24	1	0.420653104782
23	1	0.818187952042
23	1	0.431495904922
23	1	0.482374191284
24	1	0.337538957596
24	0	0.410095930099
23	1	0.394948959351
24	1	0.363298892975
24	0	0.323161125183
24	1	0.504884958267
24	1	0.697965145111
23	1	0.826943159103
23	1	0.361773967743
23	1	0.52118396759
24	1	0.586515903473
24	1	0.515855073929
23	1	0.617681026459
24	1	0.427692890167
24	1	0.881203174591
24	1	0.667465209961
23	1	0.788696050644
23	1	0.554787874222
24	1	0.586409091949
24	1	0.658679008484
23	1	0.553335905075
23	1	0.437330961227
24	1	0.491191148758
24	1	0.570048093796
23	1	0.419098854065
24	1	0.514726161957
23	1	0.402653932571
24	1	0.570683956146
24	1	0.6912150383
24	1	0.368802785873
23	1	0.52251791954
23	1	0.481729984283
23	1	0.553297996521
23	1	0.483299970627
24	1	0.441322803497
23	1	0.385817050934
23	1	0.443985939026
24	1	0.435200929642
24	1	0.473678827286
23	1	0.428625822067
23	1	0.450721979141
