4	1	1.57784080505
4	1	0.787822008133
4	0	0.755338907242
4	1	0.95499587059
4	1	1.92196106911
4	1	1.06104016304
4	1	1.28447794914
4	1	3.28965711594
4	0	3.38625001907
4	1	1.07791996002
4	0	3.72099804878
4	1	0.971498012543
4	1	1.0126979351
4	1	2.32177305222
4	1	1.04479694366
4	1	0.968501091003
4	1	0.930371046066
4	1	0.851595878601
4	1	0.892096996307
4	1	2.82682800293
4	1	0.996744155884
4	1	0.745496988297
4	1	4.00511479378
4	1	0.850471019745
4	1	1.0338010788
4	1	0.794639825821
4	1	1.49105501175
4	1	1.40443587303
4	1	3.67307901382
4	1	0.989424943924
4	1	0.947288990021
4	1	0.89856004715
4	1	1.1889090538
4	1	2.06587314606
4	1	2.38076114655
4	1	0.986849069595
4	1	1.37811279297
4	1	1.74166297913
4	1	1.25916695595
4	1	2.05269002914
4	1	0.898879051208
4	1	1.49070811272
4	1	2.40231013298
4	1	3.08164310455
4	1	3.01060700417
4	0	2.9315059185
4	1	1.86174201965
4	1	2.28996014595
4	0	1.99195408821
4	1	1.88447380066
4	1	1.60506010056
4	1	1.73689603806
4	1	1.07697892189
4	0	3.79351186752
4	1	1.09578299522
4	1	0.733659029007
4	1	1.58081316948
4	1	1.07685399055
4	1	0.907011985779
4	1	0.899626016617
4	1	1.04834413528
4	1	1.25327396393
4	1	1.40154194832
4	1	1.25122213364
4	1	1.27349710464
4	1	0.88337802887
4	1	2.40325379372
4	0	1.3937330246
4	1	4.19264507294
4	1	1.61760306358
4	1	1.4433760643
4	1	1.01851606369
4	1	1.22466802597
4	1	2.21998500824
4	1	2.34715604782
4	1	1.53373599052
4	1	1.02415919304
4	1	1.08264899254
4	1	0.803354024887
4	1	1.17256808281
4	1	0.963791131973
4	1	1.44069695473
4	1	1.06867098808
4	1	0.952998161316
4	1	2.2198779583
4	1	1.29130291939
4	1	0.954400777817
4	1	0.813718795776
4	1	0.800000905991
4	1	1.15784692764
4	1	0.768751144409
4	1	0.794975042343
4	1	1.09957194328
4	1	0.852445840836
4	1	0.82519698143
4	1	0.864085912704
4	1	0.931248903275
4	1	0.706732988358
4	1	0.835781097412
1	1	1.00504016876
1	1	2.26711702347
1	1	0.857501029968
1	1	1.69046592712
1	1	1.73079395294
1	1	0.956196784973
1	1	0.732083082199
1	1	1.63441705704
1	1	0.769332885742
1	1	1.42012810707
1	1	1.62731003761
1	1	1.53105306625
1	1	2.37277007103
1	1	0.979327917099
1	1	1.21725893021
1	1	0.908236026764
1	1	0.77818107605
1	1	1.00454306602
1	1	0.663478851318
1	1	0.651832103729
1	1	0.633796930313
1	1	0.622304201126
1	1	0.665904045105
1	1	0.554342985153
1	1	0.548362970352
1	1	0.515914916992
1	1	0.691221952438
1	1	0.530788898468
1	1	0.779711961746
1	1	0.626626968384
1	1	0.636171102524
1	0	0.586706876755
1	1	0.771486997604
1	1	1.92296409607
1	1	0.850632190704
1	1	1.49167013168
1	1	0.619534015656
1	1	0.681072950363
1	1	1.04968595505
1	1	0.690086841583
1	1	0.676520109177
1	1	0.619497060776
1	1	0.561792135239
1	1	0.642874002457
1	1	0.653127908707
1	1	0.642199993134
1	1	0.643275976181
1	1	0.602831840515
1	0	0.913372993469
1	1	0.843249797821
1	1	0.643051147461
1	0	2.89185714722
1	1	2.96401596069
1	1	0.970137119293
1	1	3.74640583992
1	1	2.77898097038
1	1	2.42531919479
1	0	1.05997896194
1	0	1.2516849041
1	1	0.898988008499
1	0	3.72184896469
1	1	1.21340107918
1	1	1.18455791473
1	1	1.29118299484
1	1	2.13106298447
1	1	1.68950414658
1	1	1.44035506248
1	1	2.65118408203
1	1	2.08977293968
1	1	1.12276220322
1	1	1.60341715813
1	1	1.23634886742
1	1	0.915965080261
1	1	1.04016900063
1	1	2.55651593208
1	1	2.88976097107
1	1	1.34052205086
1	1	0.787326812744
1	1	1.15523600578
1	1	1.59346795082
1	1	0.892728090286
1	1	2.01673698425
1	1	0.923738002777
1	1	1.37829303741
1	1	1.97110915184
1	1	1.36407709122
1	1	1.49814796448
1	1	1.64391684532
1	1	1.45827317238
1	1	1.41155385971
1	1	1.22851991653
1	1	2.42713713646
1	1	0.972985982895
1	1	0.995932817459
1	1	1.20259189606
1	1	2.01083397865
1	1	1.32421588898
1	1	1.03357481956
1	1	0.924705028534
1	1	1.30769395828
1	1	2.49265909195
1	1	0.826335906982
1	1	1.05914711952
1	1	0.907078027725
1	1	1.05009698868
1	1	0.729295969009
1	1	1.78004097939
3	1	0.890588998795
3	0	1.45243000984
3	1	0.762153148651
3	1	0.811393976212
3	1	0.700082063675
3	1	0.801748991013
3	1	0.578465938568
3	1	0.77115893364
3	1	0.594298839569
3	1	0.851916074753
3	1	0.58139705658
3	1	0.584972858429
3	1	0.811657905579
3	1	0.907727003098
3	1	0.947071075439
3	1	0.603693008423
3	1	0.744526147842
3	1	0.610908031464
3	1	0.675109148026
3	1	0.596105098724
3	1	0.818526029587
3	1	1.3707690239
3	1	2.77268910408
3	1	2.34710907936
3	0	1.70668101311
3	1	1.08364892006
3	1	1.08096694946
3	0	2.71346306801
3	1	1.01047182083
3	1	0.874058008194
3	1	1.54216098785
3	1	1.6584379673
3	1	2.05922484398
3	1	0.897075891495
3	0	1.66718792915
3	1	0.9894490242
3	1	2.44322896004
3	1	1.84304594994
3	1	1.62006092072
3	1	1.17970585823
3	1	0.873039960861
3	1	1.13270497322
3	1	0.745577096939
3	1	0.890873908997
3	1	0.803057909012
3	1	2.28385090828
3	1	0.939475059509
3	1	0.875710964203
3	1	0.930249929428
3	1	1.00349998474
3	1	1.37803697586
3	1	2.05240082741
3	1	2.57620811462
3	1	0.86780500412
3	0	1.17297101021
3	1	1.07573699951
3	1	0.930721998215
3	1	1.04213190079
3	1	0.915729999542
3	0	0.850256919861
3	1	1.46931004524
3	0	1.28906702995
3	1	0.770948886871
3	1	1.71605396271
3	1	1.55349898338
3	1	2.15635180473
3	1	3.05186414719
3	1	1.00171804428
3	0	1.6185669899
3	1	1.3717019558
3	1	0.914482831955
3	1	0.737782001495
3	1	0.853785037994
3	1	1.19454717636
3	1	0.642905235291
3	1	1.0345621109
3	1	0.836473941803
3	1	1.66646981239
3	1	0.673094034195
3	1	1.37793111801
3	0	1.37245678902
3	1	1.06466984749
3	1	2.14889717102
3	0	0.986364126205
3	1	0.720650196075
3	1	0.820194959641
3	1	1.82018589973
3	1	0.752110004425
3	1	0.930650949478
3	1	0.802940130234
3	1	1.50761294365
3	1	1.67617797852
3	1	0.778257846832
3	1	1.89801597595
3	1	1.17969202995
3	1	2.43512892723
3	1	1.64332985878
3	1	1.58715796471
3	1	1.65838599205
3	1	1.70970582962
3	1	0.79437494278
3	1	1.88323497772
3	1	2.00443005562
3	1	1.56140398979
3	1	1.94869089127
3	1	1.27390217781
3	1	1.22829413414
3	0	2.40224099159
8	1	0.78723192215
8	1	1.35236501694
7	1	3.1715118885
8	1	0.883308887482
7	1	2.00238800049
8	1	0.938719987869
7	1	0.755159139633
8	1	0.649991035461
7	1	0.963706016541
7	0	1.25913000107
7	1	1.23406505585
7	1	2.82695102692
7	1	0.66556096077
8	1	0.762989044189
8	1	0.721935987473
7	1	1.61125183105
7	1	0.876219034195
7	1	1.33932995796
7	1	2.59322810173
7	1	3.23027205467
7	1	1.16054081917
8	1	0.924815177917
7	1	2.07998800278
7	1	1.34947800636
7	1	1.0111451149
8	1	1.33040714264
7	1	1.89983105659
8	1	0.890647888184
8	1	1.50012993813
8	1	0.963361978531
8	1	1.6433839798
8	1	1.75497198105
7	1	1.89084100723
7	1	1.37022209167
7	1	0.787124156952
7	1	0.811334848404
8	1	1.50668001175
7	1	1.17971515656
8	0	3.02079105377
7	1	4.57880711555
7	1	0.897573947906
8	1	1.16235303879
8	1	2.41284704208
8	1	3.13914489746
8	1	3.47425699234
8	0	1.38835096359
7	1	3.01615786552
7	1	1.95025396347
8	1	1.8641910553
8	0	2.78110980988
7	1	1.85804200172
7	0	1.78681707382
8	1	1.0751850605
7	0	3.17901515961
8	0	4.03453087807
7	1	1.1708419323
8	1	1.31569504738
7	1	0.826905012131
7	1	0.787161111832
7	1	3.21025180817
7	0	1.17046308517
8	1	3.20388197899
7	1	3.40269684792
7	0	1.50814008713
8	1	0.91382598877
7	0	0.70906496048
7	1	0.978157997131
7	1	0.739796161652
7	1	0.71734380722
7	0	0.968626976013
8	0	0.747300863266
7	1	1.21249103546
7	1	1.45477509499
8	1	3.94782710075
8	1	2.16461396217
7	1	2.17634391785
8	1	1.73381710052
8	1	1.09019398689
8	1	1.89985203743
7	1	1.90439081192
7	1	3.82883000374
8	1	2.20836591721
8	1	1.13323116302
8	1	1.33186292648
7	1	0.944144010544
8	1	4.44410610199
7	1	0.74107003212
8	1	0.609447956085
8	1	1.64288115501
7	1	1.40520501137
8	1	1.42792701721
7	1	0.770994901657
7	1	1.09033417702
7	1	0.89056801796
2	1	1.18692302704
2	1	0.746956110001
2	1	0.618699073792
2	1	0.970846891403
2	1	0.618654966354
2	1	0.611515045166
2	0	0.609382867813
2	1	0.761395931244
2	1	1.64315700531
2	1	0.673148155212
2	1	0.938528060913
2	1	1.52306509018
2	1	1.4107811451
2	1	1.42591881752
2	1	0.620579004288
2	1	0.706612110138
2	0	1.45886516571
2	1	0.64534497261
2	1	0.673078775406
2	1	0.950206041336
2	1	1.184882164
2	1	0.707471847534
2	1	0.922291040421
2	1	0.746325016022
2	0	0.757535934448
2	1	1.76316785812
2	1	0.78663611412
2	1	1.41231489182
2	1	3.21766400337
2	1	0.997628927231
2	1	0.794173002243
2	1	1.85944700241
2	1	0.802217006683
2	1	1.73225712776
2	1	1.4350271225
2	1	0.730844974518
2	1	0.72346997261
2	1	1.24814891815
2	1	0.651591062546
2	0	0.739726066589
2	1	0.812011957169
2	1	2.40238189697
2	0	0.764252185822
2	1	0.627208948135
2	1	0.873713970184
2	1	0.987329959869
2	1	0.747260093689
2	1	0.685307025909
2	1	0.953973054886
2	1	0.643983125687
2	1	0.745976924896
2	1	1.58771896362
2	1	0.865833044052
2	1	1.33083105087
2	1	0.876303911209
2	0	1.31154203415
2	1	0.731299877167
2	1	1.16368913651
2	1	0.874073028564
2	1	1.01905012131
2	1	2.97092294693
2	1	3.13117003441
2	1	1.15682601929
2	1	0.852147817612
2	1	1.13767910004
2	1	0.804347038269
2	1	0.579316854477
2	1	0.915246963501
2	0	1.43485498428
2	1	0.875034093857
2	1	0.610510110855
2	1	1.56508207321
2	0	0.977660894394
2	1	0.690639972687
2	1	0.675936937332
2	1	1.42132997513
2	1	0.657702922821
2	1	1.18899297714
2	1	0.651427984238
2	1	1.75560212135
2	1	1.32104516029
2	1	0.661200046539
2	1	1.72928190231
2	1	0.676813840866
2	1	0.842489004135
2	1	0.87414598465
2	1	2.06793689728
2	1	0.649698972702
2	1	0.970062017441
2	1	0.843937158585
2	1	0.881217002869
2	1	1.1325571537
2	1	0.779196977615
2	1	0.977215051651
2	1	0.76523399353
2	1	0.595741033554
2	1	0.690090179443
2	1	0.731475114822
2	1	0.761477947235
2	0	0.626803874969
2	1	0.859914064407
2	1	0.642996072769
2	1	0.661334991455
2	1	0.576822042465
2	1	0.595538139343
2	1	0.802842140198
2	1	0.572238922119
2	1	0.819431781769
2	1	1.70584988594
2	1	1.20446586609
2	1	0.723474979401
2	1	0.824520111084
2	1	0.698537826538
2	1	0.820047140121
2	1	0.629226922989
2	0	0.579777956009
2	1	0.63396191597
2	1	0.963454961777
2	1	0.961694955826
5	0	1.6505651474
5	1	0.733577013016
5	1	1.06523799896
5	1	0.606020927429
5	1	0.795675039291
5	1	0.835608959198
5	1	0.632015943527
5	1	1.45292901993
5	1	0.593295097351
6	0	0.933104991913
5	1	0.684633016586
5	1	0.680248975754
5	1	1.27542281151
6	1	0.852077960968
5	1	0.777321815491
6	1	0.643278121948
6	1	0.732860803604
5	1	0.786513090134
5	1	0.93106508255
5	0	0.740404129028
6	1	0.793546915054
6	1	0.69095993042
5	1	0.843904018402
6	1	0.930932998657
6	1	1.15388798714
6	1	0.699254989624
5	1	0.978040933609
5	1	0.755375862122
6	1	1.04417204857
6	1	1.59589791298
5	1	0.880791902542
5	1	0.804790973663
5	1	1.72316288948
5	1	2.06540989876
6	1	0.746734142303
5	1	0.788094997406
6	1	0.682497024536
5	1	0.988609790802
5	1	0.809741973877
6	0	1.73829507828
5	1	2.1901910305
5	1	1.02533793449
6	1	0.897773981094
6	1	0.62801194191
5	1	0.738859176636
5	1	0.691453933716
5	1	0.584742069244
5	1	0.724817991257
6	1	0.64208817482
5	1	0.669064044952
5	1	0.512237071991
6	0	0.866708040237
6	1	0.580420970917
6	1	0.592833042145
6	1	1.01887607574
5	1	0.524687051773
5	1	3.2292509079
5	0	1.03319406509
6	1	0.660881996155
5	1	0.899908065796
5	1	0.994417905807
5	0	0.61116194725
5	0	2.08135509491
6	1	0.747617006302
5	1	1.72385787964
5	1	0.810972929001
5	1	2.05929398537
6	1	0.779171943665
5	1	1.96365904808
6	1	3.77877998352
6	1	0.834757089615
5	1	0.682760000229
5	1	1.00348091125
6	1	1.30865597725
5	1	0.787384033203
5	1	1.15266394615
6	1	0.734012842178
6	1	0.753175020218
6	1	0.901031970978
5	1	1.132833004
6	1	0.888451099396
6	0	2.44553112984
6	1	1.97718405724
5	1	1.57151794434
6	1	1.09836697578
5	0	0.780843019485
5	1	1.25886702538
6	1	0.706758022308
6	1	0.625108957291
6	1	1.49300503731
6	0	0.994033098221
6	1	0.988821983337
5	1	0.904479980469
5	1	0.947819948196
5	1	1.00160598755
6	1	0.803730010986
5	1	1.19473290443
5	1	0.636426925659
5	1	0.948857069016
5	1	0.987205982208
6	1	0.984982013702
6	0	1.09138679504
6	1	0.809753894806
6	1	0.979825019836
5	1	0.706945896149
6	1	1.96463704109
5	1	1.41220712662
5	1	0.730452775955
6	1	0.804823160172
5	1	0.664756059647
5	1	0.899486064911
6	1	0.875581026077
5	1	0.761431932449
5	1	1.0895550251
6	1	1.04510188103
6	1	0.851306915283
6	0	4.03310012817
7	0	1.30891394615
8	0	0.762651205063
8	1	1.24417805672
8	1	0.890296936035
7	1	0.770320892334
7	1	0.681785821915
8	1	0.794721126556
7	1	1.26153898239
8	1	0.555954933167
8	1	0.60369515419
8	1	0.529074192047
7	1	1.32340979576
8	0	0.955490112305
7	1	0.97087097168
8	0	2.38610601425
8	1	1.47834515572
7	1	1.7561070919
8	1	0.728879928589
8	1	0.900156974792
8	1	0.651952028275
8	1	0.634393215179
8	1	0.675584077835
7	0	1.42801308632
8	1	0.928972959518
8	0	0.868537187576
7	1	0.668391942978
7	1	1.17614793777
7	1	0.708410978317
7	1	1.60354590416
8	0	3.01711416245
7	1	0.588874101639
8	1	1.28396701813
8	0	0.745853900909
8	1	0.596396923065
7	1	0.961649894714
8	0	0.792881965637
7	1	0.675143003464
7	1	0.682814121246
8	1	0.692063808441
7	1	0.634353160858
7	0	1.16426301003
8	0	0.610357999802
7	0	0.986768960953
7	0	0.522767066956
8	1	0.74666595459
8	1	0.683237791061
7	1	0.8748960495
7	1	1.43475699425
8	1	0.866370916367
8	0	0.67560005188
7	1	1.1500878334
7	1	0.737153053284
7	1	1.16321992874
7	1	0.963746070862
7	0	2.75534796715
7	1	1.31566596031
8	1	0.898566007614
7	1	1.07463693619
8	1	0.868609905243
7	1	2.76321101189
7	1	0.668533086777
7	1	1.75538611412
8	1	1.0503180027
7	1	0.602789878845
8	1	0.892590045929
8	1	0.833516120911
7	1	1.41722297668
7	1	0.661437034607
8	1	1.8501458168
8	1	1.53226780891
7	1	0.763756990433
7	1	0.907816171646
8	1	0.76954293251
7	1	1.25225305557
7	1	0.705410003662
8	1	0.611749887466
8	1	1.01256203651
8	1	0.538173913956
7	1	0.602051973343
8	1	1.15621900558
8	1	0.755009889603
8	1	0.939926147461
7	0	0.900109052658
8	1	0.996136903763
8	1	0.745319128036
8	1	1.90950798988
7	1	1.25066113472
8	1	0.722511053085
8	1	0.689538955688
7	1	0.683007955551
7	1	0.779922008514
8	1	0.723124980927
7	1	0.720499038696
8	1	0.724410057068
8	1	1.58699584007
8	1	0.746915102005
7	1	0.747163057327
7	1	2.76390194893
7	1	1.03297019005
8	1	0.789071083069
7	1	0.625972986221
7	1	0.940943002701
8	1	0.641888856888
7	0	2.37212514877
7	1	1.18658399582
8	1	2.96632099152
8	1	0.815713882446
8	1	1.76324892044
7	1	0.95060801506
7	1	1.33704686165
7	1	0.875417947769
8	1	0.824740171432
8	0	2.36429595947
8	1	0.707466125488
8	1	1.9237639904
8	1	0.691097974777
7	1	0.792645931244
6	1	0.874784946442
6	1	0.548047065735
6	1	0.778342008591
5	1	0.466824054718
5	0	0.563514947891
6	1	0.548475027084
5	1	0.561268806458
5	1	1.65906620026
5	1	0.921872138977
5	1	1.35654902458
6	1	0.657002925873
5	1	0.684403181076
5	0	1.15628910065
6	1	0.681909799576
5	1	0.91558098793
6	1	0.722764968872
6	1	0.794531106949
6	1	0.595674991608
5	1	3.47430801392
6	1	1.06821990013
5	1	1.29962491989
6	1	0.780171871185
5	1	0.765582799911
6	1	1.1685321331
6	1	0.899879217148
5	1	0.867358922958
6	1	0.668108940125
5	1	0.880782842636
6	1	2.96365213394
5	1	0.925415992737
5	1	1.08959913254
6	1	2.011895895
6	1	0.825057029724
6	1	0.885301113129
6	1	0.729163885117
5	1	0.691548109055
6	1	0.68199801445
6	1	0.643333911896
5	1	1.03767490387
6	1	1.22681498528
6	1	1.54675483704
5	0	1.80413079262
5	1	0.616885900497
6	1	0.68340086937
6	1	0.611929893494
6	1	0.557153940201
5	1	1.10484004021
5	1	0.739167928696
5	1	0.642240047455
6	1	0.603965997696
6	1	0.554871082306
5	1	0.725501060486
5	1	0.664627075195
6	1	0.845879077911
6	1	0.554648160934
5	1	1.13849902153
5	0	0.643982887268
6	1	0.585863113403
5	0	1.61864614487
6	1	0.715972900391
6	1	0.64339184761
6	1	0.612624168396
6	1	0.589255094528
5	1	1.20257496834
6	1	0.688736200333
6	1	0.627143859863
5	1	0.572237968445
6	1	0.684226989746
6	0	1.83417987823
6	0	1.82701802254
5	1	2.61288309097
5	0	0.952615022659
5	1	2.12578487396
6	1	1.49635791779
5	1	1.36540102959
5	1	1.21657705307
5	1	1.19520306587
5	0	3.13029098511
6	1	1.93060112
5	1	0.805061101913
5	0	4.9220290184
5	0	3.45063400269
6	1	1.25158596039
6	1	0.859153985977
6	1	1.21203494072
5	1	0.826333999634
6	1	0.883606910706
5	1	0.608170986176
5	1	0.540177106857
5	1	1.2923719883
5	1	0.808109045029
5	1	0.707720994949
6	1	0.862109899521
5	1	1.1061398983
6	1	0.628747940063
5	0	1.69787096977
6	1	0.689949035645
5	0	1.78879094124
5	1	1.07562708855
5	1	0.763463020325
6	1	0.714292049408
5	1	1.18682122231
6	1	0.95596408844
6	1	0.774024009705
6	1	0.921962976456
6	1	0.528469085693
5	0	1.08243203163
5	1	0.58810710907
5	0	0.681876182556
6	1	0.811824083328
6	1	2.34755682945
6	0	1.94610190392
5	1	0.955487966537
5	1	1.34700417519
5	1	0.786370038986
6	1	0.770983219147
15	1	1.75654578209
15	1	0.786635875702
16	1	0.904824018478
16	0	1.69142413139
15	1	1.02660012245
16	1	1.06554484367
16	1	0.764983177185
15	1	0.866582870483
16	1	1.41894388199
16	1	0.601819038391
15	1	2.09943819046
15	1	0.681869983673
16	1	0.738701105118
16	1	2.18722701073
15	1	0.600147008896
16	1	0.627099990845
16	0	0.802011966705
16	1	1.61282205582
15	1	1.05809903145
16	1	1.28890705109
15	1	2.60273504257
15	1	1.84242892265
15	1	1.14689707756
15	1	1.37783908844
16	1	0.896441936493
15	1	0.532075166702
16	0	1.03375101089
16	1	0.667415857315
15	1	0.700565099716
15	1	0.578346014023
15	1	0.968168020248
15	1	1.85067081451
16	1	0.848959922791
16	1	0.833375930786
16	1	1.42825818062
16	1	2.25019097328
15	1	0.584904909134
16	1	1.74760317802
15	1	0.849354982376
16	1	1.16958999634
16	0	0.699579000473
15	1	0.704685926437
15	1	1.30158400536
16	1	0.754562139511
15	1	1.73668694496
15	0	1.07573413849
15	1	0.618214130402
15	1	0.66601896286
16	1	2.16884112358
15	1	1.50016903877
16	1	1.27407097816
16	1	0.826562166214
16	0	0.698051929474
15	1	1.92331004143
16	1	0.65989279747
15	1	0.86511516571
15	0	1.41912484169
16	1	0.642580986023
15	1	0.904044866562
16	1	0.754140138626
15	1	0.707348823547
15	1	1.69008302689
16	1	0.827144861221
16	1	0.515534162521
15	1	0.496236801147
15	1	1.07420110703
15	1	0.708631038666
16	1	0.52109003067
16	1	0.595911026001
16	1	0.857354879379
16	1	1.8922560215
15	0	1.08386182785
16	0	0.688377141953
15	1	1.01857805252
15	0	0.79412817955
15	1	0.947615861893
16	1	0.905089855194
16	1	3.3305850029
15	1	0.81712603569
15	1	0.80252790451
15	1	2.12140607834
16	1	3.45877790451
15	1	0.818733930588
15	1	0.73730802536
15	1	0.99471116066
16	1	0.585133075714
15	1	0.715438127518
16	1	0.593229055405
16	1	0.922334909439
16	1	0.658778190613
16	1	0.572632074356
15	1	0.602042198181
15	0	0.617101192474
16	1	0.968609809875
15	1	1.08177900314
15	1	3.25317502022
16	1	0.777260065079
16	1	0.898657083511
15	1	0.889477014542
15	1	0.683736085892
16	1	0.704982042313
15	1	1.07755899429
15	1	1.67167496681
16	1	0.930801153183
16	1	0.755518198013
16	1	0.553065061569
15	1	0.738072872162
15	1	0.653265953064
15	1	1.07401895523
16	1	1.03912496567
15	1	1.36413192749
15	1	0.531956911087
15	1	1.27245807648
15	1	1.1690530777
16	1	0.644600868225
16	1	0.673919916153
14	1	0.680567026138
14	1	0.668686151505
14	1	0.696748971939
14	1	0.621304988861
14	0	1.00142812729
13	1	0.761038064957
14	1	0.83503818512
14	1	0.699546813965
14	1	0.602240085602
14	1	1.84148001671
14	1	1.2748529911
13	1	0.61768078804
13	1	0.705237150192
13	1	0.618915081024
13	1	0.641440153122
14	1	1.23593497276
14	1	0.721735954285
14	1	0.570109844208
14	1	0.713011980057
14	1	0.555845022202
14	1	0.810662984848
13	1	1.10574412346
13	1	0.569469928741
14	1	0.587906837463
14	1	0.529942035675
13	1	0.585639953613
14	1	0.586310148239
14	1	0.79336309433
13	1	1.49791502953
14	1	0.721158027649
14	1	0.572705030441
14	1	0.7154109478
13	1	0.705691099167
13	1	0.827033042908
14	1	1.13966012001
14	1	0.729022979736
13	1	1.32220387459
13	1	0.835344076157
14	1	0.626405000687
13	1	0.611371994019
13	1	1.03307390213
14	1	0.617378950119
14	1	0.585463047028
14	1	0.620605945587
14	1	0.626691102982
13	1	0.970640897751
14	0	0.769237995148
13	1	0.608981132507
14	1	0.924180984497
13	1	0.57771897316
14	1	0.690855026245
14	1	0.63480591774
14	1	0.62842297554
13	1	0.608566045761
14	1	0.593770980835
14	1	0.802567958832
14	1	0.540071964264
14	1	0.504214048386
13	1	1.06029701233
13	0	0.848139047623
13	1	0.618627071381
13	1	0.516283988953
14	0	0.602900028229
13	1	0.768697977066
14	1	0.811655044556
13	1	2.32091116905
14	1	1.08382105827
13	1	1.01622605324
14	1	0.778690099716
14	1	1.46646785736
13	1	1.53181695938
13	1	0.6897149086
14	1	0.641505002975
13	1	0.572268009186
13	1	0.994653940201
13	1	0.552654027939
13	1	0.675050973892
14	0	0.739300012589
14	1	1.17005300522
13	1	0.620107889175
13	1	1.307284832
13	1	0.67312002182
14	1	1.49125099182
14	1	0.511258125305
13	1	0.691705942154
13	1	0.617605924606
14	1	0.960527896881
13	1	0.779942035675
13	1	0.652055978775
14	1	1.12116909027
14	1	0.603329181671
13	1	1.40073013306
13	1	0.540106058121
14	1	1.09052395821
14	1	0.601197004318
14	1	0.642330884933
13	1	0.603163957596
13	1	0.841757059097
14	1	0.9157371521
14	0	0.609601974487
14	0	0.61146402359
13	1	0.706028938293
14	1	1.21002817154
14	1	0.59584903717
14	1	0.658757925034
13	1	1.41680407524
14	1	0.69250202179
13	1	1.39506387711
14	1	0.671522855759
14	1	2.12357401848
13	1	0.754978895187
14	1	0.720499992371
13	1	1.74508786201
13	1	0.834212064743
14	0	0.955783843994
14	1	1.95501089096
14	1	0.872854948044
13	1	1.74656605721
14	1	0.754366159439
13	0	1.06657505035
13	1	0.691587924957
13	1	1.8975379467
13	1	0.697180986404
13	1	0.820788145065
14	1	2.68801116943
14	1	0.764627933502
10	1	2.22659683228
10	1	0.996124982834
10	1	0.689229011536
10	1	0.62704205513
10	0	0.930329799652
10	1	0.597183942795
10	1	0.974824905396
10	1	0.829149961472
10	1	0.930119991302
10	1	0.680731058121
10	1	0.954787015915
10	0	0.873407125473
10	1	0.595593929291
10	1	0.512771129608
10	1	0.691308021545
10	1	0.778982877731
10	1	0.753337860107
10	1	0.84996008873
10	1	0.675046205521
10	1	0.628873109818
10	0	0.537841081619
10	1	0.91384100914
10	1	1.62006092072
10	1	0.745002985001
10	1	0.739768028259
10	1	0.753226995468
10	1	0.913758993149
10	0	0.765249967575
10	1	0.584071874619
10	1	1.69269800186
10	1	0.775632858276
10	0	0.659780025482
10	1	0.713050842285
10	1	1.05044388771
10	1	0.874958992004
10	1	0.587650060654
10	1	0.554793834686
10	1	0.545413017273
10	1	0.852845907211
10	1	0.761068105698
10	1	0.524358987808
10	1	0.983906030655
10	0	0.531718969345
10	1	0.723597049713
10	1	0.697965860367
10	1	0.707581996918
10	1	0.570306062698
10	1	0.633177995682
10	1	0.618963003159
10	1	0.633824110031
10	1	0.6750228405
10	1	0.737675905228
10	1	0.856920957565
10	1	0.716836929321
10	1	0.568471193314
10	1	1.1418530941
10	1	0.579140901566
10	1	0.785593986511
10	1	0.620352983475
10	1	0.578494787216
10	1	1.15314292908
10	1	1.00134110451
10	1	1.01280784607
10	1	0.569926977158
10	1	0.65110707283
10	1	0.586003065109
10	1	0.553416967392
10	1	0.65110707283
10	0	0.601320981979
10	1	0.60208106041
10	1	1.8427491188
10	1	0.810204982758
10	1	7.41705489159
10	1	0.723121881485
10	1	2.15220594406
10	1	0.93127989769
10	1	0.858726024628
10	1	4.6886048317
10	1	0.867537975311
10	0	0.681576013565
10	0	0.677083969116
10	0	4.38477611542
10	1	3.11537599564
10	1	0.944828987122
10	1	1.45083904266
10	1	1.85098290443
10	1	1.34676003456
10	1	0.569556951523
10	1	1.78627300262
10	1	0.755040168762
10	1	1.04815292358
10	1	0.538952112198
10	1	0.817901134491
10	0	0.52241396904
10	1	0.670907020569
10	1	0.723944187164
10	1	0.52926492691
10	1	0.547755002975
10	1	0.890017986298
10	1	0.55751991272
10	1	0.53941988945
10	0	0.682103872299
10	1	0.570943832397
10	1	0.548462867737
10	1	0.537972927094
10	1	0.561396121979
10	0	0.546777009964
10	1	1.09061002731
10	1	1.52330088615
10	1	1.96957397461
10	1	0.809767007828
10	1	0.79395699501
10	1	0.643332004547
10	1	1.35220980644
10	1	2.97185587883
10	1	1.17002511024
10	1	1.56337308884
10	1	0.988060951233
10	1	0.944083929062
10	1	0.609558820724
9	0	1.68312501907
9	1	1.95178890228
9	1	0.813280105591
9	1	0.75942492485
9	1	0.956815004349
9	1	0.801658153534
9	0	0.850035905838
9	1	0.635457038879
9	1	0.867415904999
9	1	1.74528622627
9	0	1.23513698578
9	1	0.73179101944
9	1	0.682607889175
9	1	1.00081682205
9	1	3.32531905174
9	1	0.690848827362
9	1	1.01110601425
9	1	1.0154030323
9	1	0.717314004898
9	1	1.91248703003
9	0	1.14825606346
9	1	1.64157581329
9	0	2.49016499519
9	1	1.65736103058
9	1	0.724988937378
9	1	1.09807896614
9	1	0.809651851654
9	1	1.01588106155
9	0	1.36314487457
9	1	0.946233987808
9	1	0.834062099457
9	1	1.10012817383
9	1	2.53955793381
9	1	6.34356117249
9	1	0.890902996063
9	1	0.731668949127
9	1	0.732448816299
9	1	0.658042192459
9	1	1.76358389854
9	0	4.40056085587
9	1	0.690116882324
9	1	0.56249499321
9	1	0.804454088211
9	1	0.569500207901
9	1	1.9852809906
9	1	1.07522296906
9	1	0.625151157379
9	1	1.402354002
9	1	1.45157694817
9	1	1.84217500687
9	1	2.20129799843
9	1	0.80232000351
9	1	2.61096310616
9	1	0.696521997452
9	1	0.628602981567
9	1	0.636270999908
9	1	1.01665306091
9	1	1.11534380913
9	1	0.881266117096
9	1	0.778868198395
9	1	0.768880844116
9	1	0.795685052872
9	1	0.882179021835
9	1	0.778589010239
9	1	1.16161608696
9	0	1.4319601059
9	1	0.619104146957
9	1	0.594825029373
9	1	0.80039691925
9	1	0.842607975006
9	1	0.666496038437
9	1	0.844537973404
9	1	0.576623916626
9	1	0.915095090866
9	1	0.562631845474
9	1	1.56343817711
9	1	1.07174015045
9	1	0.557225942612
9	1	1.13053417206
9	1	0.777304887772
9	0	0.746256828308
9	1	0.650284051895
9	1	0.723549127579
9	1	1.03293991089
9	1	0.69042301178
9	1	0.627471208572
9	1	0.601969957352
9	1	0.628561019897
9	1	0.736819982529
9	0	0.698746919632
9	1	1.64079713821
9	1	0.781929969788
9	1	1.29856300354
9	1	1.10476112366
9	1	0.63396191597
9	1	0.620512008667
9	1	0.580754995346
9	1	0.6255838871
9	1	0.690742969513
9	1	0.817944049835
9	1	0.666120052338
9	1	0.642776012421
9	1	0.578876018524
9	1	0.689649820328
9	1	0.652191162109
9	1	0.595155954361
9	1	0.568812131882
9	1	1.21781516075
9	1	0.61963391304
9	1	0.714736938477
9	1	0.650864839554
9	1	0.513783931732
9	1	0.513626098633
9	1	0.585886955261
9	1	0.810348033905
9	1	0.500943899155
9	1	0.432682037354
14	1	0.698320865631
14	1	0.52264380455
14	1	0.722679138184
13	0	1.08877396584
14	1	0.635005950928
14	0	0.626720905304
13	1	0.71435713768
14	1	1.57892584801
14	1	0.722997903824
14	1	0.666343927383
14	1	0.580704927444
14	1	0.656753063202
13	0	0.62877202034
13	1	0.633082151413
14	1	0.658878087997
13	1	3.01120996475
13	0	2.36207985878
13	1	0.987275123596
14	1	1.07467603683
14	1	0.690387964249
14	1	0.890147209167
13	1	1.75440406799
13	1	0.889127016068
13	1	0.995469808578
13	0	1.0638988018
13	1	1.28460693359
14	1	1.23336410522
14	1	0.8907289505
14	1	0.679565906525
14	1	0.932290792465
13	1	2.48167395592
14	1	0.936105012894
13	1	0.803255081177
13	1	0.728979110718
14	1	0.906534910202
14	1	0.732693195343
14	1	0.624795198441
14	1	0.669417858124
14	1	0.543828010559
14	1	0.741696834564
13	1	0.78503203392
13	0	0.648061990738
14	1	0.594826936722
14	1	1.22695302963
14	1	0.636668920517
14	0	1.09773802757
13	1	0.928072929382
13	1	0.644828081131
14	1	0.730033159256
13	1	1.24388313293
14	1	1.03529500961
13	1	0.799567937851
13	0	0.682400941849
14	1	1.44854402542
14	1	2.00227284431
14	1	0.804976224899
14	1	1.39990997314
14	1	1.09206199646
14	0	0.762059926987
13	1	0.939363956451
13	1	1.11590695381
13	1	0.7473320961
13	1	1.53756999969
14	1	1.21934890747
13	1	0.707809925079
14	1	0.801139831543
13	1	0.547205209732
14	1	0.752462148666
13	1	0.796368837357
14	1	0.770471096039
14	1	1.01023697853
13	1	0.833899974823
13	0	2.04273295403
13	1	1.72247409821
13	1	0.827010154724
14	1	0.698755025864
13	1	0.787243843079
13	1	0.755248069763
14	1	0.778272867203
13	0	2.072701931
14	1	1.20310497284
13	1	0.888090848923
13	1	3.43686079979
13	1	2.00070905685
14	1	1.81069207191
14	1	1.28981590271
13	1	1.15651011467
13	1	0.91420006752
14	0	0.889954090118
14	1	0.759813785553
13	1	1.35460686684
13	1	1.01981186867
14	1	1.02628898621
13	1	1.06565308571
14	1	0.914047956467
14	0	0.715147018433
14	1	0.800321102142
14	1	1.15401291847
14	1	1.32384800911
14	1	0.688811063766
13	0	0.892012119293
13	1	1.24145507812
14	0	1.04221796989
14	1	0.888727903366
14	0	1.07437181473
14	1	0.733026027679
13	1	0.729943037033
13	1	0.859431028366
13	1	1.81820082664
13	1	1.81692290306
14	1	0.692281007767
14	1	0.834828138351
13	0	0.62730717659
14	1	0.561344146729
13	1	5.08961510658
13	1	0.860152006149
13	1	0.775819063187
15	1	0.73398399353
15	1	0.855918884277
15	1	1.44314098358
15	1	1.27532410622
16	1	1.05066490173
16	1	1.37880706787
16	1	1.06780195236
15	1	0.952227115631
15	1	0.828058004379
15	1	1.37963700294
16	1	3.04818797112
15	0	2.49612808228
15	1	0.772086143494
16	1	0.698760986328
16	1	0.633051872253
15	1	0.668812990189
16	1	0.92116189003
15	1	1.48372912407
15	1	0.923450946808
15	1	0.730841159821
16	1	0.649160861969
16	1	0.922883033752
15	1	0.669199943542
15	1	0.978749990463
16	1	0.688209056854
15	1	0.939634084702
15	1	0.747382879257
16	0	2.02439212799
15	1	1.17024207115
15	1	0.761844873428
16	1	0.779121875763
16	1	0.675443887711
16	1	0.787045001984
16	1	1.23361992836
16	1	1.16368794441
15	0	1.81793808937
16	1	0.81960105896
16	0	1.20127606392
16	0	0.617058992386
16	1	0.561248064041
16	1	0.82914686203
16	1	1.14480996132
15	1	1.61865401268
16	1	2.02033114433
16	1	1.33675003052
16	1	0.691522121429
16	0	1.3448908329
15	1	0.594558000565
15	1	2.49713397026
15	0	0.764705181122
16	1	0.640991926193
16	1	1.18693804741
15	0	3.27294683456
16	1	1.0892970562
16	0	0.819128990173
15	1	0.763274908066
15	1	0.778650999069
16	1	1.47339200974
15	1	0.715411186218
16	1	0.609444856644
15	1	2.81875109673
16	1	0.83576798439
15	1	1.12160491943
15	1	0.603889942169
15	1	0.890920877457
15	1	0.675119876862
16	0	1.04838490486
16	0	0.884011983871
16	0	0.681324958801
15	0	0.907153129578
16	1	0.72142791748
16	1	1.361068964
16	1	0.970496892929
16	1	1.8585062027
16	1	0.618738889694
16	1	0.499120950699
15	1	0.770622014999
16	1	0.795196056366
16	1	0.579407930374
15	1	0.520807981491
16	1	0.524063110352
16	0	0.591190099716
15	1	0.538525104523
16	1	0.539025068283
15	0	0.69060587883
16	1	0.602732896805
16	1	0.970066070557
16	1	0.548820972443
15	1	1.11409687996
16	1	0.490849018097
15	1	0.575214147568
16	1	0.683900117874
16	1	0.899625062943
16	1	0.752477884293
16	0	0.466782093048
15	1	0.811595201492
16	1	0.659921169281
16	1	0.808367967606
16	1	0.755127906799
15	1	0.643244028091
15	1	1.02436900139
16	1	0.723854064941
15	0	0.633095979691
15	1	0.571090936661
15	1	0.539674043655
15	1	0.569150924683
15	1	1.02549695969
16	1	0.77862906456
16	0	0.547311067581
15	1	0.716912031174
15	1	0.634830951691
15	1	0.769987821579
16	0	0.75407910347
15	1	0.755243778229
16	1	0.620321989059
16	1	0.562551021576
15	1	0.705871105194
15	1	0.784862995148
16	1	0.565475940704
16	1	0.569977045059
15	1	0.739787817001
16	1	0.778481006622
11	0	1.01985788345
11	1	0.604215145111
11	1	0.689939975739
11	0	0.459762096405
11	0	0.32137298584
11	1	0.217597007751
11	1	0.596462011337
11	1	0.577759027481
11	0	0.459265232086
11	1	0.633342027664
11	1	0.643554210663
11	1	0.466552972794
11	1	0.556296110153
11	1	0.634028911591
11	1	0.456467151642
11	1	0.549850940704
11	1	0.488532066345
11	1	0.644963979721
11	1	0.487554073334
11	1	1.96133208275
11	1	0.835646867752
11	1	0.628924846649
11	1	0.745342969894
11	1	1.07372403145
11	1	0.650150060654
11	1	0.859040021896
11	1	1.14669895172
11	1	0.64312505722
11	1	0.625267028809
11	1	0.784749031067
11	1	0.517402887344
11	1	0.617117881775
11	1	0.849165201187
11	1	0.933487892151
11	1	1.1932349205
11	1	0.555046796799
11	1	0.674440145493
11	1	0.84205698967
11	1	0.841784000397
11	1	0.608618021011
11	1	0.478061199188
11	1	0.504461050034
11	1	0.524170875549
11	1	0.547986984253
11	1	0.457618951797
11	1	0.467533111572
11	1	0.442326784134
11	0	0.537667036057
11	1	0.477193117142
11	1	0.801719903946
11	1	0.41891002655
11	1	0.522143125534
11	0	0.610285997391
11	1	0.548309087753
11	1	0.648236036301
11	1	0.532306194305
11	1	0.537353992462
11	1	0.56347489357
11	1	0.753216981888
11	1	0.641973972321
11	1	0.539108991623
11	1	1.2748041153
11	1	0.547251939774
11	1	0.594462156296
11	1	0.530398845673
11	1	0.53976893425
11	1	0.808547973633
11	1	0.586519002914
11	1	0.587719917297
11	1	0.657946109772
11	1	0.674100875854
11	1	0.720772981644
11	1	1.46601295471
11	1	0.578097105026
11	1	0.578490972519
11	1	0.530803918839
11	1	0.561388969421
11	1	0.684938192368
11	1	0.586547136307
11	1	0.736916780472
11	1	0.611677885056
11	1	0.672674894333
11	1	0.955404043198
11	1	0.513915061951
11	1	0.523525953293
11	1	0.769927978516
11	1	0.442695856094
11	1	0.46870303154
11	0	0.505867958069
11	1	0.540519952774
11	1	0.480933189392
11	1	0.796085119247
11	1	0.753111124039
11	1	0.594309091568
11	1	0.716613054276
11	1	0.738343954086
11	1	0.721424102783
11	1	0.576569080353
11	1	0.491719007492
11	1	0.636106014252
11	0	0.601613998413
11	1	0.561928987503
11	1	0.408525943756
11	1	0.587439060211
11	1	0.706434965134
11	1	0.634845972061
11	1	0.505055904388
11	1	0.63542509079
11	1	0.538588047028
11	1	0.563679933548
11	1	0.672769069672
11	1	0.755573034286
11	1	0.55571103096
11	1	0.632901906967
11	1	0.740993022919
11	1	0.473387956619
11	1	0.475353002548
11	1	0.513617038727
11	1	0.539080858231
11	1	0.508380889893
11	1	0.505222082138
11	1	0.532367944717
11	1	0.600311994553
11	1	0.484082937241
11	1	0.531592845917
11	1	0.722578048706
11	1	0.577610015869
11	1	0.689218044281
11	1	0.586098909378
11	1	0.555209159851
11	1	0.545564889908
11	1	0.555406808853
11	1	0.559265136719
11	1	0.500045061111
11	1	0.499285936356
11	1	0.737201929092
11	0	0.627470970154
11	1	0.489823102951
11	1	0.611945867538
11	1	0.554672002792
12	1	0.803107023239
12	1	0.604960918427
12	1	0.497554063797
12	1	0.545484781265
12	1	0.523231983185
12	1	0.511904001236
12	1	0.547981977463
12	1	0.624215841293
12	1	0.522905111313
12	1	0.563965082169
12	1	0.811633110046
12	1	0.680868864059
12	1	0.619187831879
12	1	0.716160058975
12	0	0.721872091293
12	1	0.587540864944
12	1	0.714923143387
12	1	0.553707838058
12	1	0.648815870285
12	1	0.597710847855
12	1	0.849148988724
12	1	0.684104204178
12	1	0.544797182083
12	1	0.649924039841
12	1	0.636887073517
12	1	0.731437206268
12	1	0.682415962219
12	1	1.0581510067
12	1	0.672931194305
12	1	0.930171966553
12	1	0.659518957138
12	1	0.890459060669
12	1	0.802917957306
12	0	0.896916866302
12	1	0.610638856888
12	1	0.963423967361
12	0	0.784765005112
12	1	0.842289924622
12	0	1.65058112144
12	1	1.06802415848
12	1	0.721889019012
12	1	0.6586561203
12	1	0.634777069092
12	1	0.746997833252
12	1	0.569138050079
12	1	0.594819068909
12	1	0.746753931046
12	1	0.546108961105
12	1	0.594155073166
12	1	0.643378019333
12	1	0.810390949249
12	0	0.580209970474
12	1	0.577239990234
12	1	0.601034879684
12	0	0.930592060089
12	1	0.580661058426
12	1	0.825058937073
12	1	0.685089826584
12	1	0.751749992371
12	1	0.715062856674
12	1	0.828758955002
12	1	0.857032060623
12	0	1.10598611832
12	1	0.784913063049
12	1	1.23487710953
12	1	0.739027023315
12	1	0.827497959137
12	1	0.786834955215
12	1	0.827071905136
12	1	0.682991981506
12	1	0.554418087006
12	1	0.656013965607
12	1	0.717569112778
12	1	0.639946937561
12	1	0.619978904724
12	1	0.762696027756
12	1	0.592455863953
12	1	0.755928039551
12	1	0.669241905212
12	1	0.848854064941
12	1	0.793349981308
12	1	0.779333114624
12	1	0.88273692131
12	1	0.864645004272
12	1	0.986652851105
12	1	0.797436952591
12	1	0.994068861008
12	1	1.12917399406
12	1	0.881839036942
12	1	0.64430809021
12	1	0.642220973969
12	1	0.81889295578
12	1	0.690214157104
12	1	2.28896284103
12	1	0.652018070221
12	1	0.713850975037
12	1	0.923212051392
12	1	1.19489407539
12	1	1.38371801376
12	1	0.780471086502
12	0	0.905863046646
12	1	0.779476881027
12	0	0.680301904678
12	1	0.602370023727
12	0	0.867072105408
12	1	2.25818490982
12	1	0.819474220276
12	1	1.87988805771
12	1	0.883407115936
12	1	1.83417606354
12	1	0.939374923706
12	1	0.841882944107
12	1	0.522889852524
12	1	0.658888101578
12	1	0.520630121231
12	1	0.685194969177
12	1	0.731342077255
12	1	0.530204057693
12	1	0.832290172577
12	1	0.667279005051
12	1	1.33093810081
12	1	0.507274866104
12	1	0.459807872772
12	1	0.464447975159
12	1	0.434007883072
12	1	0.508445978165
12	1	0.562561988831
12	1	0.528768062592
12	1	0.537724971771
12	0	0.557724952698
12	1	0.68331193924
24	1	0.805771112442
23	1	0.666646957397
23	1	0.483846902847
23	1	0.602417945862
23	1	0.642696142197
24	1	0.906822919846
24	1	0.562768936157
23	1	0.626466035843
23	1	0.525506973267
23	1	0.545636177063
24	1	0.628540039062
24	0	0.665805101395
23	1	0.666490077972
24	1	0.501331806183
23	0	0.514681100845
23	1	0.729208946228
24	1	0.564368009567
23	0	1.34476995468
24	1	0.603279829025
23	1	0.667560815811
24	1	0.699939966202
24	1	0.803031921387
23	1	0.651750802994
23	1	0.619249820709
23	1	1.72148609161
24	1	2.39670205116
24	1	2.48068284988
23	1	0.739319801331
24	1	0.860339164734
24	1	0.939208030701
24	1	0.763550043106
23	1	0.594826936722
23	1	0.595896959305
23	1	0.498109102249
23	1	0.515223026276
24	1	0.531610012054
24	0	0.657881975174
24	0	0.698985815048
23	1	0.660310029984
23	1	2.20178484917
24	1	0.690812826157
23	1	1.54823207855
24	1	1.42099285126
24	1	0.841221094131
24	1	0.797767877579
24	1	0.811444997787
23	1	0.723054885864
23	1	0.673748016357
24	1	1.03477716446
24	1	2.01222491264
23	1	1.11261487007
23	0	1.20553207397
23	1	0.70542883873
24	1	1.51580882072
24	1	0.707720041275
24	1	1.29009222984
24	0	1.82755708694
23	1	0.932179927826
23	1	1.27296590805
24	0	0.914299964905
23	0	0.7981569767
24	1	1.02612900734
23	1	3.42722916603
23	1	1.73854804039
23	1	0.732037067413
23	1	0.553516864777
24	1	0.700493097305
24	1	0.765470027924
23	1	0.777739048004
24	1	1.41752314568
24	1	0.68531703949
24	1	0.619088172913
24	1	0.731533050537
23	0	0.930685997009
23	1	1.49221611023
24	1	1.54692196846
23	1	0.683097839355
23	1	0.876013040543
24	1	2.48924612999
23	1	1.49952602386
24	1	0.667080163956
24	1	0.772327899933
24	1	0.713757991791
23	1	0.634230852127
24	1	0.715096950531
23	1	0.603380918503
24	0	1.13172101974
23	1	0.610258102417
24	1	0.893522024155
23	0	0.810000896454
24	1	0.868363857269
23	1	0.761922121048
23	0	1.36330294609
23	1	1.68348002434
23	1	0.715105056763
23	1	0.844918012619
23	1	2.61873292923
24	1	1.07407689095
23	1	3.70910811424
23	1	1.082269907
23	1	0.768788099289
23	1	0.916441917419
23	1	0.62014913559
23	0	4.39345479012
23	1	0.763369083405
23	1	1.10093402863
24	1	0.977027893066
24	1	0.692732810974
23	1	0.667041063309
24	1	0.58670592308
23	1	1.05919098854
23	1	0.709068059921
24	1	0.705477952957
23	1	0.610939025879
24	1	0.547427177429
23	1	0.681850910187
24	1	0.684450864792
23	1	0.691727876663
23	1	0.666773080826
24	1	0.724284172058
19	1	0.828554868698
19	1	0.633199930191
19	1	0.925140857697
19	1	1.1068880558
19	1	0.466368913651
19	1	1.05940198898
19	1	0.571389913559
19	1	0.553510904312
19	1	0.492110967636
19	1	0.512804031372
19	1	0.747675180435
19	1	0.482071876526
19	1	0.709481954575
19	1	0.490110874176
19	1	0.500114917755
19	1	0.691216945648
19	1	0.785965919495
19	1	2.00500392914
19	1	0.712859153748
19	1	0.802855014801
19	1	0.612061023712
19	1	0.716961860657
19	1	0.561354160309
19	1	0.755617856979
19	1	0.571370124817
19	1	0.540582895279
19	1	0.683279037476
19	1	0.563957929611
19	1	1.226115942
19	1	0.627380847931
19	1	0.932589054108
19	0	1.05107188225
19	1	0.537395954132
19	1	0.516937017441
19	1	0.632251977921
19	1	1.49018788338
19	1	0.502345085144
19	1	1.20184612274
19	1	0.515570163727
19	1	0.609575033188
19	1	0.460747003555
19	1	0.555055856705
19	1	0.587155103683
19	1	0.474115133286
19	1	0.621278047562
19	1	0.423686981201
19	1	0.508685112
19	1	0.61828494072
19	1	0.835465908051
19	1	0.683382034302
19	0	0.530876874924
19	0	0.874125003815
19	1	1.25207495689
19	1	0.697169780731
19	1	0.701798915863
19	1	0.633619070053
19	1	0.813147068024
19	1	0.657681941986
19	1	1.03728890419
19	1	0.699151992798
19	1	0.888785839081
19	1	1.3809299469
19	1	1.08995318413
19	0	1.2835650444
19	1	0.627851963043
19	1	0.692234039307
19	1	0.513610124588
19	1	0.721489191055
19	1	0.637048959732
19	1	0.618800878525
19	1	0.874673128128
19	1	0.660789012909
19	1	0.568308830261
19	1	0.532400846481
19	1	0.547557115555
19	1	0.644479036331
19	1	0.584217071533
19	1	0.524682998657
19	1	0.587848901749
19	1	0.563459873199
19	1	0.538792133331
19	1	0.530951976776
19	1	0.452622890472
19	1	0.898218154907
19	1	0.555009126663
19	1	0.501767873764
19	1	0.513591051102
19	1	0.581578969955
19	1	0.820247888565
19	1	0.601472139359
19	1	0.530597925186
19	1	0.510758876801
19	1	0.433462142944
19	1	0.538522958755
19	1	0.628610134125
19	1	0.659340143204
19	1	0.570880174637
19	1	0.490689992905
19	1	0.53063082695
19	1	0.467216968536
19	1	0.545629024506
19	1	0.461564064026
19	0	0.569747924805
19	1	0.643007040024
19	1	0.507468938828
19	1	0.543581008911
19	1	0.530280828476
19	1	0.836922168732
19	1	0.730984926224
19	1	0.643481016159
19	1	0.48314499855
19	1	0.552073001862
19	1	0.46920800209
19	1	0.504363059998
19	1	0.565330028534
19	1	0.577579975128
19	1	0.50733089447
19	1	0.563827991486
19	1	0.514497041702
19	1	0.513692140579
19	1	0.809459924698
19	1	0.580556154251
19	1	0.530936956406
19	1	0.435040950775
19	1	0.483159065247
19	1	0.4365670681
19	1	0.553601026535
19	1	0.467972040176
19	1	0.625687122345
19	1	0.707264900208
19	1	0.546561002731
19	1	0.899924993515
19	1	0.467820167542
19	1	0.656659126282
19	1	0.526127815247
19	1	0.467511177063
19	1	0.666654109955
19	1	0.570774793625
17	1	0.667702913284
17	1	0.523808002472
17	1	0.466844081879
17	1	0.595902204514
17	1	0.411702871323
17	0	0.584264039993
17	1	0.539720058441
17	1	0.509178876877
17	1	0.994138002396
17	0	0.55565404892
17	1	0.53209900856
17	1	0.682415008545
17	1	0.626548051834
17	1	0.673429965973
17	1	0.651910066605
17	1	0.516874074936
17	1	0.633709192276
17	1	0.604480028152
17	1	0.634039878845
17	1	0.500644922256
17	1	0.626129865646
17	1	0.652587175369
17	1	0.594452142715
17	1	0.546610116959
17	1	0.681683063507
17	1	0.684071063995
17	1	0.553823232651
17	1	0.568977117538
17	1	0.546982049942
17	1	0.436364889145
17	1	0.650919914246
17	1	0.569295167923
17	1	1.05753803253
17	1	0.539849042892
17	1	1.13058805466
17	1	0.532660007477
17	1	0.569909095764
17	1	0.873243808746
17	1	0.691967964172
17	1	0.641138076782
17	1	0.9481549263
17	1	0.517170906067
17	1	1.35447597504
17	0	0.508497953415
17	1	0.497786045074
17	1	0.500597000122
17	1	0.720144987106
17	1	0.660134077072
17	1	0.57843208313
17	1	0.513494968414
17	1	0.476438999176
17	1	0.610702991486
17	1	1.52290010452
17	1	0.609716176987
17	1	0.57981801033
17	1	0.532666921616
17	1	0.547540903091
17	1	0.577323198318
17	1	0.556450843811
17	1	0.490864038467
17	1	0.450026035309
17	1	0.994686841965
17	0	0.827073097229
17	1	0.75422501564
17	1	1.10009980202
17	1	0.674268007278
17	1	0.507040023804
17	1	0.596812963486
17	1	0.458014965057
17	1	0.428415060043
17	1	0.44336605072
17	1	0.473994970322
17	1	0.900010108948
17	1	0.667272090912
17	1	0.611686944962
17	1	0.649163961411
17	1	0.522469043732
17	1	0.570232152939
17	0	0.787649154663
17	1	0.674343109131
17	1	0.556437969208
17	1	0.706576108932
17	1	0.548753023148
17	1	0.689720869064
17	1	0.957682132721
17	1	0.578970909119
17	1	0.7136759758
17	1	0.554415941238
17	1	0.587687969208
17	1	0.549115180969
17	1	0.562716960907
17	1	0.818517923355
17	1	0.56579709053
17	1	0.490002155304
17	1	0.483219861984
17	1	0.416650056839
17	1	0.523231983185
17	1	0.508577108383
17	1	0.450548171997
17	1	0.818618774414
17	1	0.482602834702
17	1	0.650442123413
17	1	0.636496067047
17	1	0.46435880661
17	1	0.475261926651
17	1	0.467442989349
17	1	0.515568971634
17	1	0.483111858368
17	1	0.65221118927
17	1	0.40363907814
17	1	0.467674970627
17	1	0.465424776077
17	1	0.628638029099
17	0	0.529371976852
17	1	0.54842209816
17	1	0.762468099594
17	1	0.91565990448
17	1	2.07310390472
17	1	0.644994020462
17	1	0.506031990051
17	1	0.529576063156
17	0	0.53124499321
17	1	0.64316701889
17	1	1.62008404732
17	1	0.568450927734
17	1	0.6210501194
17	1	0.672426939011
17	1	0.587192058563
17	1	0.817307949066
17	1	0.7425968647
17	1	0.560631990433
17	1	0.866894960403
17	1	0.635473012924
17	1	0.469334125519
17	1	1.64285707474
17	1	1.42692685127
17	1	0.756644010544
17	1	0.627393007278
17	1	0.585916996002
24	1	0.665792942047
24	1	0.500486850739
23	1	0.554734945297
23	1	2.50635886192
24	1	0.678260803223
23	0	1.11546993256
23	1	0.705446958542
24	1	0.58776807785
23	1	1.16203594208
24	1	0.774156093597
24	1	0.546627044678
24	1	0.763633966446
23	1	0.536409139633
24	1	0.507524013519
23	1	0.509138822556
24	1	0.513076066971
24	1	0.533534049988
24	1	0.528732061386
24	1	0.449996948242
24	1	0.427664995193
24	1	0.747941017151
24	1	0.514456033707
23	1	0.485070943832
24	1	0.506479024887
24	1	0.706358194351
24	1	0.500488996506
23	1	0.538490056992
24	1	0.588089942932
24	1	0.57078909874
24	1	0.450593948364
23	1	0.618788003922
23	1	0.572551012039
24	1	0.474945068359
24	1	0.50039601326
24	1	0.473767995834
24	1	0.429565906525
24	1	0.539263010025
23	1	0.594908952713
24	1	0.490664958954
23	1	0.490004062653
23	0	0.757501125336
24	1	0.483817815781
23	1	0.49756193161
24	1	1.62870121002
24	1	0.634054899216
23	1	0.594657182693
23	1	0.778344154358
23	1	0.602783203125
24	1	0.561160087585
23	1	0.500435829163
23	1	1.34764289856
24	1	0.697695016861
24	1	0.580144882202
24	1	1.18686485291
23	1	0.56262087822
23	1	0.565626144409
24	1	0.522405862808
23	1	1.1068251133
23	1	1.78493905067
23	1	0.604099988937
23	1	0.651813983917
24	1	0.628345012665
24	1	0.475308179855
23	1	0.594639062881
24	1	0.971478939056
23	1	0.523150205612
23	0	0.538712978363
24	1	0.899021148682
23	1	0.514227151871
24	1	0.554437875748
24	1	0.565399885178
23	1	0.513305902481
23	1	0.986042976379
23	1	0.83518409729
24	1	0.873920917511
24	1	0.651875972748
23	1	0.723294019699
24	1	0.506285905838
23	1	0.905957937241
23	1	0.533048868179
23	1	0.585419178009
23	1	0.635241031647
23	1	0.563783168793
24	1	0.562957048416
24	1	0.661255121231
23	0	0.625644922256
23	1	0.67627286911
24	1	0.955273866653
23	1	0.609554052353
24	1	0.664642095566
23	1	0.620589971542
23	0	0.765582084656
24	0	0.619480133057
24	1	0.634773015976
23	1	0.524406909943
24	1	0.467500209808
23	1	0.792500972748
23	1	0.595341920853
23	1	0.820840835571
24	1	0.714684009552
24	1	0.746500968933
24	1	0.634536027908
23	1	0.531011104584
23	1	0.531159162521
23	1	0.747067928314
23	1	0.443022966385
24	1	0.483700037003
24	1	0.397256851196
23	1	0.537080049515
23	1	0.468835830688
24	1	0.544843912125
24	1	0.450970888138
23	0	0.852122783661
23	1	0.554883956909
23	1	0.586903095245
23	1	0.491879940033
23	1	0.474393129349
23	0	0.563682079315
23	1	0.632925033569
24	1	0.890599966049
23	1	0.62677693367
23	1	1.29980015755
23	1	0.706351041794
24	1	0.722968816757
23	1	1.47635602951
23	0	2.17062997818
24	1	0.72117805481
24	1	0.540457963943
24	1	0.604444026947
24	1	0.457280874252
24	1	0.485157012939
24	1	0.642929077148
24	1	0.475463867188
23	1	0.947144031525
24	1	0.540885210037
23	1	0.515024900436
24	1	0.500582933426
21	1	0.747397899628
22	1	0.593427181244
22	1	0.54855799675
21	1	0.561565876007
21	1	0.96369600296
22	1	0.508012056351
21	1	0.52366900444
21	1	0.791958093643
22	1	0.613072156906
22	1	0.490638971329
21	1	0.515821933746
22	1	0.505911111832
22	1	0.491241931915
21	1	0.786727905273
22	1	0.572422027588
22	1	0.443734884262
22	1	0.50551199913
21	1	0.540749073029
22	0	0.401521205902
21	1	0.515408039093
21	1	0.641968011856
21	1	0.499858856201
21	1	0.777023077011
22	1	0.629983901978
22	0	0.596104860306
22	1	0.488080024719
21	1	0.811643123627
22	1	0.586662054062
21	1	0.49121594429
22	1	0.796643018723
22	1	0.54000711441
22	0	0.818590164185
21	1	0.730882883072
22	1	0.569582939148
22	1	0.586579084396
21	1	2.63631296158
21	1	0.523651123047
21	1	0.571145057678
22	1	0.630068063736
22	1	0.754102230072
22	1	0.531139135361
21	1	0.859538078308
22	1	0.508180856705
22	1	0.552488088608
21	1	0.540157079697
22	1	0.532101869583
22	1	0.530441045761
21	1	0.505116939545
21	1	0.490951061249
22	0	0.611082077026
22	0	0.604010820389
22	1	0.86581993103
21	1	0.573579072952
22	1	0.593657970428
22	1	1.06703090668
21	1	0.795717954636
21	1	0.825684785843
21	1	0.748476982117
21	0	1.63367199898
21	1	0.933221817017
21	1	0.585682153702
21	0	0.716721057892
21	1	0.688868999481
21	1	0.725271940231
22	1	0.745325088501
22	1	0.636106014252
22	1	0.706686019897
22	1	0.524994134903
21	0	0.634813070297
22	1	0.530490875244
21	1	0.65291595459
21	1	0.594106912613
21	0	0.859240055084
22	1	0.620718002319
21	1	0.572117090225
21	1	1.87485814095
22	1	0.657294988632
21	1	1.27666687965
22	1	1.1700398922
22	1	0.650462865829
22	1	0.602588891983
21	1	0.522266864777
22	1	0.572121858597
22	1	0.548304796219
22	1	0.68902182579
22	1	1.67457199097
21	0	0.907587051392
21	0	0.68234205246
22	1	0.92417383194
21	1	1.03471899033
21	1	0.827831983566
21	1	0.506598949432
21	1	0.745748996735
22	1	0.690862894058
21	1	0.876472949982
22	0	0.705854892731
21	1	0.572845220566
22	1	0.729022979736
22	1	0.881769895554
22	1	0.595659971237
21	1	0.924339056015
22	0	1.01029586792
21	1	1.621062994
21	1	0.801870822906
22	1	1.16380596161
22	1	0.695763111115
22	1	0.692676067352
21	1	0.76993393898
21	1	0.708492040634
21	1	1.05088305473
22	1	1.04242897034
21	1	0.962388038635
21	1	0.87607383728
22	1	0.562847852707
22	0	0.777423858643
22	1	0.676283836365
21	0	1.40036416054
21	0	0.829856872559
22	1	1.01716089249
21	1	0.899929046631
22	1	1.27556180954
22	0	0.682798862457
22	1	0.532341003418
22	1	1.0507478714
21	1	0.856132984161
21	0	1.07625007629
21	1	1.31532001495
22	0	0.874197006226
22	1	0.677417993546
21	0	4.08280491829
18	1	0.979999065399
18	1	0.609741926193
18	1	0.629124164581
18	1	0.658387899399
18	1	0.532134056091
18	0	0.817306041718
18	1	1.00454998016
18	1	0.652107954025
18	1	0.577045917511
18	1	0.667494773865
18	1	0.578207969666
18	1	0.547403097153
18	1	0.545264005661
18	1	0.700731992722
18	1	0.588975191116
18	1	0.929577112198
18	0	0.523671865463
18	0	0.578845024109
18	1	1.98687005043
18	1	2.97671604156
18	1	1.19801998138
18	1	1.34746289253
18	1	1.01668000221
18	1	0.987517118454
18	1	0.627202987671
18	1	0.746277093887
18	1	1.02782893181
18	1	0.564064979553
18	1	0.914307832718
18	1	0.652942895889
18	1	0.731491088867
18	1	1.10016894341
18	1	0.681600093842
18	1	0.819558143616
18	1	0.872051954269
18	0	1.03751397133
18	1	1.483273983
18	1	0.674973964691
18	1	1.12167406082
18	1	0.491761207581
18	1	0.532434940338
18	0	2.17847704887
18	1	0.770082950592
18	1	0.520526885986
18	1	0.60297203064
18	1	0.540550947189
18	1	0.626425981522
18	1	0.649213790894
18	1	0.723955869675
18	0	1.31445193291
18	0	1.10074591637
18	1	0.659168958664
18	1	0.755208969116
18	0	1.12386107445
18	1	1.12940883636
18	0	0.867889165878
18	1	0.825607061386
18	1	0.738304138184
18	1	0.68492603302
18	1	1.1635351181
18	0	1.28143882751
18	1	1.25615310669
18	0	1.85407996178
18	1	1.79611587524
18	1	0.635812997818
18	1	0.499084949493
18	1	0.466412067413
18	1	0.53885102272
18	1	0.845331192017
18	1	0.592850923538
18	1	0.699633836746
18	1	0.785265922546
18	1	0.900071144104
18	1	0.481034040451
18	1	0.557945013046
18	1	0.811060190201
18	1	1.01839900017
18	1	0.587601900101
18	1	0.59680891037
18	0	0.866399049759
18	1	0.530846118927
18	1	0.65172791481
18	1	0.611555099487
18	1	0.688371896744
18	1	0.653490066528
18	1	0.923086166382
18	1	0.521708011627
18	1	0.539481878281
18	1	0.491369009018
18	0	0.930043935776
18	0	0.627912044525
18	0	0.508126020432
18	1	0.593339920044
18	1	0.524075031281
18	1	1.30803203583
18	1	0.506230115891
18	0	1.0495891571
18	0	0.644353866577
18	1	0.858695030212
18	1	0.802942991257
18	1	0.587975978851
18	1	0.620131015778
18	1	0.865953922272
18	1	2.37774300575
18	1	1.28304290771
18	1	1.94742202759
18	1	1.34771299362
18	1	0.844295978546
18	0	0.961125135422
18	1	1.11740398407
18	0	2.0964038372
18	1	1.36364197731
18	1	0.60246181488
18	1	2.03725004196
18	1	1.25830602646
18	0	0.778484106064
18	1	0.779089927673
18	1	1.98601388931
18	0	1.65213179588
18	1	1.1637070179
18	1	0.889297962189
18	1	0.563261032104
18	1	0.648625850677
18	0	1.10699701309
20	1	0.728203058243
20	1	0.467904090881
20	1	0.869606971741
20	1	0.875485897064
20	0	0.596312046051
20	1	0.695415973663
20	0	0.6364569664
20	1	0.649517059326
20	1	0.684553861618
20	1	2.16318202019
20	0	0.70781493187
20	1	0.842013120651
20	1	0.627014875412
20	1	0.963881969452
20	0	0.777760982513
20	1	0.588335037231
20	1	2.16431808472
20	1	0.921254873276
20	1	0.713363170624
20	1	0.727219104767
20	1	0.585692882538
20	1	1.61876296997
20	1	0.961688995361
20	1	0.771384954453
20	1	0.979968070984
20	1	0.818023920059
20	1	0.628880977631
20	1	0.61648607254
20	1	2.0746691227
20	1	0.55514383316
20	1	0.72501206398
20	1	0.547077178955
20	1	0.571007966995
20	1	0.475946903229
20	1	0.745255947113
20	1	0.602270126343
20	1	0.63664317131
20	1	0.450991153717
20	1	0.772758960724
20	1	0.497641801834
20	1	0.482909917831
20	1	0.427510023117
20	1	0.448464155197
20	1	0.506542921066
20	1	0.444036006927
20	1	0.490766048431
20	1	0.57054400444
20	1	1.69088196754
20	1	0.499202013016
20	1	0.545692920685
20	1	0.611036062241
20	1	0.48166012764
20	1	0.508827924728
20	1	0.449346065521
20	1	0.476151943207
20	1	1.33907008171
20	1	0.577630996704
20	1	0.514767885208
20	1	0.515816926956
20	1	0.580184936523
20	1	0.52313709259
20	1	0.594769001007
20	1	0.61311006546
20	1	0.496738195419
20	0	0.489844799042
20	1	0.539396047592
20	1	0.621105909348
20	1	0.593518972397
20	1	0.748335838318
20	1	0.497131109238
20	1	0.634760141373
20	1	1.26115298271
20	1	0.588917016983
20	1	0.689033031464
20	1	0.667454957962
20	1	0.699216127396
20	1	0.524860143661
20	0	0.497519016266
20	1	0.618932008743
20	1	0.593862056732
20	0	0.708388090134
20	1	0.696851968765
20	1	0.676923036575
20	1	1.12252092361
20	1	1.68862295151
20	1	0.557062149048
20	0	1.41010689735
20	1	0.804609060287
20	1	0.601980924606
20	1	0.883121967316
20	1	0.601180076599
20	1	0.693301916122
20	1	0.529586076736
20	1	0.484562158585
20	1	0.640744924545
20	1	0.54659485817
20	1	0.780795812607
20	1	0.746017217636
20	0	0.563261985779
20	1	0.691478967667
20	1	0.819969177246
20	1	0.979776859283
20	1	1.25764393806
20	1	0.732502937317
20	1	0.953337907791
20	0	1.12224912643
20	1	0.826768159866
20	1	0.756913900375
20	1	0.609622955322
20	1	0.59560585022
20	1	0.721899032593
20	1	0.602855920792
20	1	0.756125926971
20	1	0.483476877213
20	1	0.545370817184
20	1	0.678550004959
20	1	0.888138055801
20	1	0.618205070496
20	1	0.827314138412
20	1	0.602276086807
20	1	0.580714941025
20	1	0.592440128326
20	1	0.597259044647
20	1	0.60955786705
20	1	0.683575153351
20	1	0.682687997818
20	1	0.612060070038
20	1	0.601719141006
20	1	0.601999998093
20	1	0.560854911804
20	1	0.477791070938
20	1	0.609702110291
20	1	0.523315906525
20	1	0.572093009949
20	0	0.425924062729
21	1	1.63546800613
21	1	0.514800071716
22	1	0.46641087532
21	1	0.540328979492
22	1	0.456568956375
21	1	0.580223083496
21	1	0.546035766602
21	1	0.540600061417
21	1	0.537643909454
21	1	0.546857833862
22	1	0.788796901703
22	1	0.682270050049
22	1	0.801237821579
22	0	0.476217031479
21	1	0.602864027023
22	1	0.890439033508
21	1	0.652496099472
22	1	0.700610160828
22	1	0.49872803688
21	0	0.577929973602
22	1	0.621510982513
21	1	0.761128902435
22	1	0.676034927368
22	1	0.554497003555
22	1	0.633365869522
21	1	3.98892521858
22	1	0.604223966599
22	1	0.615716934204
22	1	0.476804971695
22	1	0.522248029709
21	1	0.572511911392
21	1	0.475885868073
21	1	0.550924062729
22	1	0.604948043823
21	1	0.545773029327
21	1	0.548672914505
22	1	0.555325031281
22	1	0.729194164276
22	1	0.635806083679
22	1	0.537708997726
22	1	0.693564891815
21	1	0.649178028107
21	1	0.516984224319
21	1	0.69788813591
21	0	0.627243995667
21	1	0.537863969803
22	1	0.547044038773
22	0	0.636317968369
21	1	0.620937824249
21	0	0.682322978973
21	1	0.602566957474
21	1	0.569936037064
21	1	0.469048976898
21	1	0.488929986954
22	1	0.83366894722
21	1	0.946750879288
21	1	1.86709690094
21	0	1.32475996017
22	1	0.530955076218
22	1	0.633583068848
22	1	1.05972599983
22	0	0.6928191185
22	1	0.753408908844
22	1	0.636085987091
22	1	0.594275951385
22	1	1.45115494728
21	1	0.617985010147
21	1	0.643485069275
21	1	0.660549163818
22	0	0.506898164749
22	1	0.498664140701
21	1	0.556006908417
21	1	0.490339994431
22	1	0.523213148117
21	1	0.521262168884
21	0	0.524609804153
22	1	0.474670886993
22	1	0.580770969391
21	1	0.625707864761
22	1	0.644568920135
22	0	0.705587863922
21	0	1.03409099579
21	1	1.26572203636
22	1	0.557381868362
22	1	0.570770025253
21	1	0.793447971344
21	1	0.589219093323
22	1	0.465893030167
21	1	0.611383914948
21	1	0.588604927063
22	1	0.739027023315
21	1	0.592967987061
21	1	1.41050887108
21	1	1.47692394257
22	1	0.587004899979
22	1	0.658478021622
22	1	0.588222980499
22	1	0.593423128128
22	1	0.562437057495
21	1	0.818472146988
22	1	1.25289201736
22	1	0.601535081863
21	1	0.52543091774
21	1	2.06686806679
22	1	0.938565969467
21	1	1.80404806137
22	1	1.01144719124
21	1	3.53107714653
22	0	0.701233863831
22	0	0.587088108063
22	1	0.667139053345
21	1	0.897526025772
21	0	1.89932203293
22	1	0.585666179657
22	1	3.06784796715
21	1	0.899336099625
21	0	0.786942958832
22	1	0.579442977905
21	1	1.31495785713
21	0	2.55756998062
22	1	0.595953941345
21	0	0.706254959106
22	1	0.58696103096
21	1	0.67748093605
22	1	0.466976881027
21	1	0.627012968063
22	1	0.490089178085
21	1	0.515926837921
22	1	0.557698965073
21	0	0.465361118317
