6	1	1.84270811081
6	1	1.96922302246
6	1	2.16505503654
5	1	1.25779604912
6	1	3.39370107651
6	1	3.39427709579
5	1	3.72428107262
6	0	1.39512491226
5	1	3.72465515137
6	1	3.27490901947
5	1	1.16169810295
5	1	1.23430204391
5	1	2.8516728878
6	1	3.12409186363
6	1	2.83488178253
6	1	2.17783498764
5	0	1.24456715584
6	1	2.84356403351
6	1	4.8356449604
6	0	3.64037108421
6	1	1.36357116699
6	1	2.62062191963
6	1	3.89166808128
6	1	3.68893384933
5	1	3.97313594818
6	0	2.29205393791
5	1	2.34605097771
5	0	4.78701210022
5	0	2.42548513412
5	1	5.86699795723
6	1	1.49814605713
6	1	1.65183901787
6	1	3.89634799957
6	0	1.59997200966
5	1	4.25257992744
5	1	2.69102907181
6	0	1.44278597832
5	1	3.97652792931
6	1	3.06047606468
5	1	3.77157306671
6	1	5.15452098846
5	1	3.72049498558
6	1	3.1553030014
6	0	2.5484058857
6	0	4.93756699562
6	1	4.7139980793
6	1	2.01902103424
5	1	1.14794802666
5	1	0.968548059464
6	1	0.748828887939
5	1	1.18489909172
6	0	0.741689920425
5	1	0.945923089981
5	0	1.02703094482
5	0	4.34038901329
5	1	0.986327886581
6	1	5.53233599663
5	0	1.60234284401
6	1	3.80228495598
5	1	3.93109798431
5	1	2.43705797195
6	1	5.00923109055
5	1	2.18653202057
5	1	6.35616397858
5	0	0.251829862595
5	1	2.49083995819
5	0	3.51186585426
6	1	2.7734541893
5	0	1.81892585754
7	1	1.3952600956
7	1	0.963833093643
8	1	2.82054400444
8	1	3.70511698723
8	1	3.43511295319
7	1	6.2660779953
8	1	4.57317900658
7	1	2.52996897697
7	1	2.49872803688
7	1	2.64280509949
8	0	1.80483388901
7	1	2.61818909645
7	1	0.196892976761
8	1	2.1706969738
8	1	1.51309704781
8	1	2.04469704628
7	1	2.69813609123
8	1	2.87355995178
7	1	0.883863925934
7	1	1.0524020195
8	0	0.883208990097
7	1	1.2830889225
7	0	1.20256590843
8	1	2.83378481865
7	0	3.37181401253
8	0	3.90615200996
8	1	1.21040010452
7	1	1.23702979088
8	1	1.32940101624
8	1	1.19619607925
7	1	2.49062490463
8	1	3.04095101357
7	1	2.32442712784
7	1	1.48122596741
8	1	0.946768045425
8	0	0.868957996368
7	1	1.27419614792
7	0	1.31540203094
8	1	4.06144380569
8	1	1.21046090126
8	1	1.71352910995
8	1	1.06657290459
7	1	1.62826395035
8	1	2.03589892387
8	1	0.946378946304
7	1	1.17088508606
7	0	1.61365199089
8	1	2.12996792793
8	0	1.77063083649
7	1	0.962889194489
8	1	1.01272797585
8	0	1.31534409523
7	1	2.03510499001
8	1	1.97744417191
8	1	1.45469284058
7	1	1.44302606583
7	1	1.54812097549
8	1	1.28951716423
7	0	1.22681999207
8	1	2.5146188736
7	1	1.16180491447
8	1	0.851011037827
7	1	0.780857086182
7	0	0.643503904343
8	1	0.851017951965
8	0	0.962235927582
7	1	0.970390081406
8	0	0.899530887604
7	1	0.922523975372
7	1	3.38920307159
8	1	0.876163959503
7	1	0.730619907379
8	1	3.4606719017
7	1	3.37602806091
7	1	1.30737805367
8	1	2.09858083725
8	1	2.84454894066
8	1	1.25960421562
7	1	1.8429980278
7	1	2.14305186272
7	1	2.10864281654
8	1	2.48318004608
7	1	1.99249601364
8	1	2.28487181664
8	0	2.20121383667
8	1	2.9394288063
8	0	3.42963695526
8	1	1.04134297371
1	0	3.25276899338
1	1	1.23584604263
1	1	1.44209480286
1	0	1.691147089
1	1	3.76405501366
1	1	1.58583903313
1	1	2.13835477829
1	1	1.67733216286
1	1	0.876084089279
1	0	0.97088599205
1	1	0.873454093933
1	1	0.902224063873
1	0	4.48101496696
1	1	1.12346601486
1	1	1.44290184975
1	1	0.763289928436
1	1	0.675137042999
1	1	0.649477005005
1	0	0.755292892456
1	0	2.6581158638
1	1	1.09875202179
1	1	1.8132648468
1	1	1.06705117226
1	1	1.0569050312
1	1	1.13145017624
1	1	3.13708996773
1	1	2.88931918144
1	1	1.49321699142
1	0	3.43501091003
1	0	1.05029296875
1	1	1.21806693077
1	1	0.829283952713
1	1	2.18559408188
1	0	1.53886795044
1	1	2.04905605316
1	1	1.32599306107
1	0	1.58659100533
1	1	2.89920091629
1	1	5.73800110817
1	1	2.52117991447
1	1	2.12920999527
1	1	1.62025690079
1	1	7.21446180344
1	1	3.35459518433
1	1	3.52438497543
1	1	3.61822509766
1	1	2.96308898926
1	1	4.27490210533
1	1	1.70810604095
1	1	1.83486199379
1	1	2.79550600052
1	1	2.2359559536
1	1	2.35489082336
1	1	2.10068416595
1	1	2.72313308716
1	1	2.40928697586
1	1	3.90994405746
1	1	0.90009188652
1	1	1.25841021538
1	1	1.40176177025
1	1	1.4280397892
1	1	0.994302988052
1	1	1.06686806679
1	0	2.76075196266
1	1	5.26032614708
1	1	2.0189139843
1	1	2.49214816093
1	0	3.8006310463
1	1	4.99559998512
1	1	1.14726018906
1	1	2.19681501389
1	1	1.89799594879
1	0	1.5687391758
1	1	1.57994389534
1	1	1.40306520462
1	1	0.93861579895
1	0	1.11644005775
1	1	0.915482997894
1	1	2.11422300339
1	1	1.0598180294
1	1	1.06557583809
1	1	0.924184083939
1	1	2.33934497833
1	1	1.17863202095
2	0	4.44363284111
2	1	2.89873409271
2	1	4.05094003677
2	1	0.908638000488
2	0	2.73106694221
2	0	3.86597204208
2	1	3.10102701187
2	1	2.33034014702
2	0	3.07370710373
2	1	2.99269008636
2	1	3.57386302948
2	1	2.00293493271
2	1	1.80295705795
2	1	2.47300314903
2	0	5.48621582985
2	1	2.05747795105
2	1	2.18706917763
2	1	2.81237983704
2	1	1.83596897125
2	0	2.03329014778
2	1	0.714910984039
2	1	0.916703939438
2	1	1.97868394852
2	1	1.72405290604
2	1	1.15413212776
2	1	2.10122585297
2	1	0.776633024216
2	1	0.962293148041
2	1	1.09915804863
2	1	1.92508888245
2	1	0.777468919754
2	1	2.13949489594
2	0	2.45066308975
2	1	1.10901403427
2	0	2.13762903214
2	0	4.50662279129
2	0	0.85014295578
2	1	1.44408416748
2	0	3.0334072113
2	1	2.812240839
2	1	3.40303993225
2	1	4.28729510307
2	0	2.3643682003
2	1	1.30842494965
2	1	2.13201498985
2	1	1.63417100906
2	1	3.36975097656
2	0	2.97209000587
2	0	2.62895178795
2	0	1.44898200035
2	1	2.1810131073
2	1	0.986102104187
2	1	0.899168968201
2	1	0.772262096405
2	1	0.71392416954
2	1	0.617190122604
2	1	0.68443608284
2	0	0.850843906403
2	0	1.81972289085
2	1	0.84521317482
2	1	1.81155896187
2	1	1.2171151638
2	0	3.72186589241
2	1	1.07487106323
2	1	2.290391922
2	1	0.978283166885
2	1	1.76326918602
2	1	1.17202615738
2	1	0.884002923965
2	1	0.881542921066
2	1	0.81071805954
2	1	1.87005805969
2	0	1.23393106461
2	1	0.8518409729
2	1	0.79247713089
2	1	0.932929039001
2	0	0.8679292202
2	1	2.1968331337
2	1	0.850607872009
2	0	2.43191099167
2	1	1.92511606216
2	1	1.30785989761
2	1	1.18041205406
2	1	0.895704984665
2	1	1.29122281075
2	1	0.940429925919
2	1	0.809644937515
2	1	2.20282793045
7	0	1.00283098221
7	1	1.11658501625
7	1	0.840389966965
8	1	0.659540891647
7	1	0.826099872589
8	1	0.667660951614
8	0	0.68619799614
8	0	1.39321613312
8	1	2.83420014381
8	1	1.5633058548
7	1	1.80369091034
7	0	2.87521505356
7	0	1.7868270874
7	1	2.78536295891
8	1	0.933048963547
8	1	1.67427396774
7	0	2.08269095421
8	1	5.67566585541
8	0	1.17031288147
7	1	0.996726989746
8	1	1.59254312515
8	1	1.18121099472
8	1	0.795619010925
7	1	1.96195006371
7	1	1.13195014
7	1	1.0520939827
7	1	0.71449804306
8	1	0.691531181335
7	0	0.73961520195
8	1	1.78876209259
8	1	2.37239408493
8	1	1.73107218742
7	1	1.13065695763
8	1	1.9894759655
8	1	2.18518781662
8	1	2.69108200073
7	0	1.54003095627
8	1	1.04929184914
7	1	2.45067214966
8	1	1.41188716888
7	1	0.988086938858
8	1	1.28982996941
7	1	2.24916219711
8	0	4.70070695877
8	1	1.04261183739
7	1	2.36480689049
8	1	0.881708860397
8	1	0.72464799881
7	1	2.04120707512
7	1	1.3811070919
8	1	2.19404482841
8	1	0.899722099304
8	1	2.67592215538
7	1	2.26614785194
8	1	3.38060998917
8	1	1.97009801865
7	1	4.68138504028
7	1	5.02929210663
7	1	2.58699083328
7	1	1.05102682114
7	1	0.908540964127
7	0	2.26748991013
8	1	1.52069687843
7	1	2.35393714905
7	1	3.02706599236
8	1	1.87507510185
8	1	1.99529409409
7	0	1.13806200027
8	1	1.76295900345
8	1	1.31697797775
8	0	1.33981513977
7	1	1.3303668499
8	1	1.26909589767
7	0	7.0194439888
8	1	1.7392308712
7	1	0.859758853912
8	1	0.882668018341
7	1	0.71489405632
8	1	0.772382974625
8	1	0.730002880096
8	1	0.636451005936
7	1	0.793807983398
7	1	0.875874042511
7	1	0.681676864624
8	1	0.70517206192
7	1	0.739617109299
7	1	0.985613107681
8	1	0.698827981949
7	1	0.659431934357
7	1	0.716895103455
7	1	0.634309053421
8	1	0.651615142822
7	1	0.625879049301
8	1	0.690868139267
8	0	0.778605937958
7	1	2.10034704208
5	1	3.332706213
6	0	3.7852499485
6	1	1.88211083412
5	0	3.83470797539
6	1	0.970100879669
5	0	0.898577928543
5	1	5.09858584404
5	1	2.84260582924
5	1	1.21882510185
6	1	4.07472896576
6	1	2.08333110809
6	1	1.30010294914
5	0	2.0584859848
5	1	2.69110393524
6	1	1.1714849472
6	1	1.05129694939
5	1	2.09164905548
5	1	0.929949998856
5	1	1.02708411217
5	1	0.986284971237
5	1	2.89325618744
5	1	1.02532505989
5	1	1.56352686882
5	1	1.3069460392
5	1	1.83655309677
6	1	6.33793592453
6	1	4.36260318756
5	1	2.36443090439
5	1	2.04979085922
5	1	1.36531591415
5	1	1.61767411232
6	1	1.09870219231
6	1	0.865335941315
6	1	0.834695100784
5	1	1.21263003349
6	1	4.86338400841
5	0	1.90381407738
6	1	5.12432408333
6	1	1.01035785675
6	1	1.94662690163
5	1	1.67815899849
5	1	1.28165698051
5	1	2.15471196175
5	1	2.00367093086
6	0	3.4834690094
6	1	1.74617195129
6	1	0.826332092285
6	1	1.70671796799
5	0	1.52229380608
5	1	1.45073390007
5	1	4.62864899635
6	1	3.81133008003
6	1	1.05132007599
5	1	1.5461461544
6	1	0.821723937988
6	1	1.00974011421
5	1	0.965213060379
6	1	0.594619035721
6	1	0.848625898361
5	1	1.02074289322
5	0	0.891944169998
6	0	1.82481908798
6	1	0.833868026733
5	1	1.5144109726
6	1	1.16542100906
5	1	1.14442515373
6	1	2.69942617416
5	1	7.41950893402
6	1	1.23729085922
6	1	0.890679121017
5	0	0.842522859573
6	1	1.16086101532
6	1	0.870944976807
5	1	1.40136003494
6	1	0.923897981644
6	1	0.57727599144
6	1	0.722285985947
5	1	2.7084209919
6	1	4.08374118805
6	1	2.04168891907
6	1	1.2753610611
5	1	1.58012580872
6	1	1.14715504646
6	1	1.30454993248
6	1	0.910218954086
6	0	0.873737096786
6	1	0.883511066437
5	1	1.0013999939
3	1	2.42018413544
3	1	2.60292315483
3	1	1.12284421921
3	1	1.0182518959
3	1	2.30061388016
3	1	0.964374065399
3	1	0.937571048737
3	1	0.825443983078
3	1	1.24395108223
3	1	2.21785378456
3	1	2.5728468895
3	0	4.75404500961
3	1	3.78045892715
3	1	1.07270908356
3	1	1.17980909348
3	1	0.770636081696
3	1	0.716444969177
3	1	0.825278043747
3	1	0.790033102036
3	1	1.54526185989
3	1	1.56311893463
3	1	0.858911037445
3	1	0.548275947571
3	1	0.745113134384
3	1	0.580456972122
3	1	0.617008924484
3	1	0.386719942093
3	1	0.908798933029
3	1	0.76206612587
3	1	0.750737905502
3	1	0.633361816406
3	1	0.859232187271
3	1	2.06009411812
3	1	1.55529308319
3	1	1.05012011528
3	1	1.01147294044
3	1	0.712885141373
3	1	1.18767595291
3	1	1.25975584984
3	1	0.707816123962
3	1	1.49850106239
3	1	0.922275066376
3	1	0.794898033142
3	1	1.58579087257
3	1	0.955316066742
3	1	0.86980009079
3	1	0.777837991714
3	1	0.74750995636
3	1	1.61919379234
3	1	1.87368488312
3	1	0.987188816071
3	1	0.770659923553
3	1	0.667069911957
3	1	0.920603990555
3	1	0.755208969116
3	1	0.778643846512
3	1	0.795083999634
3	1	0.764427900314
3	0	0.793835163116
3	1	1.98022294044
3	1	3.06729197502
3	0	1.72586393356
3	0	1.12127399445
3	0	5.18754911423
3	1	2.36266613007
3	1	1.82510519028
3	1	1.20331287384
3	0	3.21208810806
3	0	1.77018499374
3	1	4.18150091171
3	1	2.97163200378
3	1	2.79316306114
3	1	0.96439909935
3	1	0.728209018707
3	1	0.585034132004
3	1	1.4911608696
3	1	0.908812046051
3	1	0.759258985519
3	1	0.71676492691
3	0	1.11319994926
3	1	0.949110984802
3	1	0.889763116837
3	1	0.628611087799
3	1	0.587233781815
3	1	0.697567939758
3	1	0.596132993698
3	1	0.682710886002
3	1	0.608800888062
3	1	0.630079030991
3	1	0.608401060104
3	1	0.587222099304
3	1	0.645002841949
3	1	0.659017086029
3	1	0.601463079453
3	1	0.577447891235
3	1	0.652975082397
3	1	0.506588935852
3	1	0.641633987427
3	0	0.715220928192
3	1	0.715445041656
3	1	0.771138906479
3	1	1.50711894035
3	1	0.877558946609
3	1	1.0659430027
3	1	0.826339960098
3	1	0.976114034653
3	1	4.06046700478
3	1	0.997821092606
4	1	2.18862891197
4	1	1.72184085846
4	1	1.38815689087
4	1	2.44225311279
4	1	2.57816982269
4	1	1.1479010582
4	1	2.13012290001
4	1	4.13077807426
4	1	1.20206689835
4	1	0.753910064697
4	0	0.852056980133
4	1	1.5244410038
4	1	2.67577600479
4	1	1.50381612778
4	1	1.38730502129
4	1	2.91552209854
4	1	1.68395900726
4	1	1.44153809547
4	1	1.2601339817
4	1	1.04432106018
4	1	0.937501907349
4	1	2.00247001648
4	1	1.21913909912
4	1	1.01279306412
4	1	1.904337883
4	1	1.15518498421
4	1	1.5635061264
4	1	1.57102894783
4	1	0.938791036606
4	1	1.46620416641
4	0	4.06142401695
4	1	1.25957894325
4	1	2.2993221283
4	1	7.78510808945
4	0	2.50557899475
4	1	0.972267150879
4	1	1.03374195099
4	1	7.19470310211
4	1	0.964722156525
4	1	0.738445043564
4	1	0.78000497818
4	1	0.659622192383
4	0	2.22438502312
4	1	0.755342006683
4	1	0.753432035446
4	0	0.836374044418
4	1	0.899063825607
4	1	1.22583699226
4	1	0.825172901154
4	1	0.829795837402
4	1	0.85168504715
4	1	0.785377979279
4	0	0.779453992844
4	1	0.941515922546
4	1	0.825043916702
4	1	0.892395973206
4	1	0.692193984985
4	1	4.6094918251
4	1	2.87604188919
4	1	1.33670401573
4	1	0.972827911377
4	1	2.45073318481
4	0	4.78668189049
4	1	4.78566217422
4	1	1.28339004517
4	1	0.905497074127
4	1	0.986027002335
4	1	0.813110113144
4	1	5.17183685303
4	1	0.825081110001
4	1	1.17471885681
4	1	1.13676118851
4	1	0.737071037292
4	1	0.95525097847
4	1	0.891016960144
4	1	0.843700170517
4	1	1.49856209755
4	1	0.692136049271
4	1	0.975286960602
4	1	0.73094201088
4	1	0.8201649189
4	1	0.748015880585
4	1	1.02716803551
4	1	0.736545801163
4	0	0.852735042572
4	1	1.05067205429
4	1	0.835574150085
4	1	0.812690019608
4	1	0.721866846085
4	1	0.666693925858
4	1	0.645289897919
4	0	0.552765130997
4	0	0.901129007339
4	1	1.58699297905
4	0	1.62668609619
4	1	3.0931789875
4	0	2.12048411369
11	1	1.13285398483
11	1	2.34574079514
11	1	2.75903701782
11	0	1.77235198021
11	1	1.05282402039
11	1	1.33278512955
11	1	4.13125705719
11	1	9.00891208649
11	1	1.05283308029
11	1	1.05276584625
11	1	0.879533052444
11	1	0.826183080673
11	1	0.773386955261
11	0	0.759471893311
11	1	0.906129837036
11	1	0.666662931442
11	1	1.51942181587
11	1	0.919424057007
11	1	0.972697019577
11	1	0.666640043259
11	1	0.719511985779
11	1	0.666095972061
11	1	0.812844991684
11	1	0.706629037857
11	1	0.719823122025
11	1	0.679476976395
11	0	0.652801036835
11	1	0.906070947647
11	1	0.73312997818
11	1	0.919434070587
11	1	0.639503955841
11	1	0.720026016235
11	0	0.732944011688
11	1	0.719475984573
11	1	0.732808113098
11	0	0.866492033005
11	1	0.839542865753
11	1	0.706058979034
11	1	0.719497919083
11	1	6.11704397202
11	1	0.759521007538
11	1	0.87988114357
11	1	0.919575929642
11	1	0.666176080704
11	1	0.733225107193
11	0	2.53227710724
11	1	1.0395219326
11	0	0.839538097382
11	1	0.919466972351
11	1	2.19907188416
11	1	1.13291501999
11	1	0.693000078201
11	1	0.773216962814
11	0	0.7194480896
11	1	0.959453105927
11	0	1.01275801659
11	1	0.786109209061
11	1	1.0791990757
11	1	1.42602205276
11	1	0.626214981079
11	1	0.892906188965
11	1	0.77321100235
11	1	0.826159000397
11	1	1.09272098541
11	1	0.759701013565
11	1	0.74617600441
11	1	0.866156101227
11	0	6.50377106667
11	1	0.759957075119
11	1	1.05283594131
11	1	0.706351995468
11	0	0.666610002518
11	1	0.639709949493
11	1	0.706125020981
11	1	0.626139163971
11	0	1.82571601868
11	1	3.70514702797
11	1	2.9718401432
11	1	1.41230106354
11	1	0.986153125763
11	1	0.772857904434
11	0	1.05280995369
11	1	0.839866876602
11	1	0.746089935303
11	1	0.799435853958
11	0	0.773245811462
11	1	1.81229496002
11	1	0.786227226257
11	1	1.91897797585
11	1	0.986203193665
11	0	1.03946089745
11	1	1.14609885216
11	1	4.50471186638
11	1	1.02618598938
11	1	1.85227394104
11	1	1.57245612144
11	1	0.866545200348
11	1	4.55786395073
11	1	2.21225309372
11	1	0.892729043961
11	1	0.759423017502
11	1	0.839455127716
11	1	0.746536016464
11	0	0.799592971802
11	1	0.826169967651
12	1	4.14434099197
12	1	0.826069831848
12	1	7.47604393959
12	1	0.732824802399
12	1	1.05280995369
12	1	0.799417972565
12	1	0.732937097549
12	1	0.653310060501
12	1	0.679654121399
12	1	2.29233312607
12	1	1.90570116043
12	1	0.799519062042
12	1	0.679956912994
12	1	6.84974694252
12	1	0.97270989418
12	1	1.89259696007
12	1	0.892822027206
12	1	0.786162137985
12	1	0.879508018494
12	1	0.83949303627
12	0	0.732846021652
12	1	2.10573220253
12	1	0.759495019913
12	1	3.29186820984
12	1	1.3323571682
12	1	0.879443883896
12	1	4.10472893715
12	1	0.946182012558
12	1	0.719964981079
12	1	0.946245908737
12	1	0.879557132721
12	1	0.799752950668
12	1	0.786228895187
12	1	1.38575601578
12	0	2.70511007309
12	1	1.18563699722
12	1	2.0789949894
12	0	1.74620604515
12	1	6.130382061
12	1	1.17287015915
12	1	1.07950115204
12	1	0.719469070435
12	1	0.812839031219
12	1	3.35795807838
12	1	1.37239694595
12	1	6.33023905754
12	1	2.45233798027
12	0	2.50568795204
12	0	1.05284118652
12	1	1.51928400993
12	1	2.33230113983
12	0	1.46571302414
12	0	1.17254209518
12	1	0.879539012909
12	1	0.959484100342
12	1	0.652852773666
12	1	0.679544210434
12	1	0.652742862701
12	1	0.652740955353
12	1	0.599995136261
12	1	0.586639881134
12	1	0.679975032806
12	1	0.732914924622
12	1	0.612941026688
12	1	0.692876815796
12	1	0.906451940536
12	1	5.59718799591
12	1	1.74559378624
12	1	0.959568023682
12	1	2.17236995697
12	1	0.826158046722
12	1	0.812870025635
12	1	0.719538927078
12	1	1.412348032
12	1	0.746241092682
12	1	1.43909788132
12	1	0.799528837204
12	1	0.706611871719
12	1	0.626096010208
12	1	0.692806959152
12	1	0.719460010529
12	1	1.01280283928
12	1	0.69297504425
12	1	0.69288110733
12	1	0.599545001984
12	1	0.706608057022
12	0	0.666739940643
12	1	0.799546957016
12	1	0.892821073532
12	1	1.5595729351
12	0	0.91944694519
12	1	0.826123952866
12	1	0.639470815659
12	1	0.666692972183
12	1	0.719725131989
12	1	1.1194729805
12	1	0.679976940155
12	1	0.959527015686
12	1	0.692798137665
12	1	0.679623126984
12	0	0.626662015915
12	1	0.839468955994
12	1	0.692872047424
16	1	0.693331003189
16	1	0.679747819901
16	1	0.706168889999
15	1	0.67951798439
16	1	0.866168022156
15	1	0.61326789856
15	1	0.612864017487
15	1	0.666207075119
15	1	0.626278877258
15	1	0.546200990677
15	1	0.732882976532
16	1	0.853192806244
16	1	0.812736034393
15	1	0.652786970139
15	1	0.639642953873
15	0	0.613346099854
15	0	2.13237690926
15	1	0.63950419426
15	0	6.21020889282
15	1	0.599550008774
16	1	0.706132888794
16	1	0.559971094131
15	1	0.600000143051
16	1	0.613359928131
15	1	0.706264972687
16	1	0.61279296875
15	1	0.626168966293
15	0	0.559499979019
16	1	0.652832984924
15	1	0.573312044144
16	1	0.573332071304
15	1	0.560003042221
16	0	0.666688919067
16	1	0.612747907639
15	0	0.466204166412
15	0	0.692848920822
16	1	0.986200094223
15	0	0.493302106857
15	1	0.426650047302
15	1	1.5194978714
16	1	0.693342924118
15	1	0.613075017929
16	1	0.666181087494
16	1	0.572798013687
15	0	0.639555931091
16	1	2.3184928894
15	1	0.586243152618
16	0	0.626173019409
16	1	1.01281905174
16	1	1.43958902359
15	1	0.692857027054
16	1	0.746163845062
16	1	0.719518184662
16	1	0.693380117416
15	0	2.03897190094
15	1	0.519487142563
15	1	0.772730112076
16	1	0.653230905533
15	0	0.892763137817
15	1	0.612790107727
16	1	0.81281208992
16	1	0.693368911743
15	1	0.786088943481
15	1	0.759506940842
15	1	1.25223398209
16	1	2.05226182938
16	1	1.23948907852
16	1	0.813143014908
16	1	0.639914989471
16	0	1.27945804596
15	1	0.932817935944
16	1	0.612766027451
16	1	0.612737178802
16	1	1.052546978
16	1	0.972800970078
15	1	0.853008985519
16	1	0.852822065353
15	1	1.46555805206
16	1	0.892772197723
15	1	6.23695015907
16	1	1.97225403786
15	1	0.919440031052
15	1	0.892872095108
15	1	0.786691904068
16	1	0.626179933548
15	1	0.572767019272
15	0	0.599523067474
16	1	0.69272685051
16	1	0.679436922073
16	1	1.4527630806
15	1	3.838504076
15	1	1.85234308243
15	1	0.772789955139
16	1	0.640021085739
15	1	1.29287695885
16	1	0.653122901917
16	1	0.666617870331
16	1	0.626647949219
15	1	0.626103878021
16	1	0.812702178955
15	1	0.706218004227
15	1	0.679928064346
15	1	0.666378974915
15	1	0.879502058029
16	0	0.87952709198
16	1	0.666665792465
15	1	0.599471092224
15	1	0.692824840546
16	1	0.692894935608
16	1	0.559617996216
16	1	0.759901046753
16	1	0.679866075516
15	1	0.692791938782
16	1	0.626133918762
16	1	0.652837991714
15	1	0.639615058899
15	1	1.17285513878
16	0	0.75955414772
15	1	0.640007972717
15	1	1.47953891754
15	1	1.57286596298
15	1	0.812808990479
10	1	4.49089288712
10	1	1.01280093193
10	1	0.919448137283
10	1	0.906207799911
10	1	0.866271972656
10	1	0.93284702301
10	1	1.5461139679
10	1	1.67947912216
10	1	0.83949303627
10	1	0.626085996628
10	1	0.799506902695
10	1	1.38614797592
10	1	0.706295013428
10	1	0.599999189377
10	1	0.653153896332
10	1	2.439027071
10	1	0.932896137238
10	1	0.586097002029
10	1	0.652794122696
10	1	2.91861581802
10	1	1.33295416832
10	1	0.759551048279
10	1	1.03942513466
10	1	1.23945689201
10	1	2.43847417831
10	1	1.47901391983
10	1	2.43856096268
10	1	0.746188879013
10	1	1.77276706696
10	1	0.759425878525
10	1	5.38392710686
10	1	0.946080207825
10	1	1.1857509613
10	1	1.05287098885
10	1	0.919520139694
10	1	2.90518784523
10	1	1.25279402733
10	1	0.666224956512
10	1	0.839692115784
10	1	3.19847893715
10	1	0.826571941376
10	1	0.892919063568
10	1	0.77287197113
10	1	1.49286699295
10	1	0.693280935287
10	0	0.706588029861
10	1	1.2928340435
10	1	0.972775936127
10	1	1.01279306412
10	0	0.812791109085
10	0	1.22617912292
10	1	1.55902099609
10	0	0.78622508049
10	1	1.54612803459
10	1	2.22561883926
10	1	1.42615318298
10	1	0.813047885895
10	1	0.772749185562
10	1	0.732867002487
10	1	0.852801084518
10	1	0.813076972961
10	1	0.666142225266
10	0	0.772799968719
10	1	1.98566412926
10	1	0.706144094467
10	1	0.732801198959
10	1	0.732816934586
10	1	0.759961843491
10	1	0.772835969925
10	1	1.33248496056
10	1	0.772844076157
10	1	2.23852491379
10	1	3.5979950428
10	1	0.85272192955
10	1	0.786329984665
10	1	0.573337078094
10	1	0.586531877518
10	1	0.666168928146
10	1	0.666105031967
10	1	0.546177148819
10	1	0.546180009842
10	1	0.51943397522
10	1	0.506319999695
10	0	0.466372966766
10	1	0.639519929886
10	1	0.49326300621
10	0	0.506681203842
10	1	0.533348083496
10	1	0.520009040833
10	1	0.506589174271
10	0	0.480017900467
10	1	0.68000793457
10	1	0.586571931839
10	0	0.639471054077
10	1	0.626148939133
10	1	1.21274185181
10	1	0.519762992859
10	1	0.493218898773
10	0	0.453328847885
10	1	0.533176183701
10	1	0.493229150772
10	1	0.506479978561
10	1	0.453274011612
10	1	0.493231058121
10	0	0.439946889877
10	1	0.533426046371
10	1	0.533229112625
10	1	0.572840213776
10	1	0.652847766876
10	1	1.90565109253
10	1	1.21284914017
10	1	0.999417066574
10	1	0.959575891495
10	0	1.47892189026
10	1	1.21249222755
14	1	0.839498996735
14	1	0.706209897995
14	1	0.612948894501
13	0	1.38623690605
14	1	0.532949924469
13	1	0.599854946136
13	1	0.693292856216
13	1	0.573343992233
13	1	0.919583082199
13	0	0.666168928146
13	0	0.866499900818
13	1	0.986237049103
14	1	1.21235990524
14	1	1.46567392349
13	1	1.1061258316
13	1	0.666656970978
13	0	0.692924022675
14	1	1.35957694054
13	1	0.826229095459
13	1	2.13246011734
14	0	2.69189596176
14	1	1.23957085609
14	1	0.71947479248
14	1	0.666086912155
14	1	0.679539203644
14	1	2.03888297081
14	1	0.666158914566
13	1	0.639554023743
14	1	0.706120014191
13	1	0.613044023514
14	1	0.64005112648
13	1	0.706546068192
13	1	0.679505825043
14	1	0.812829971313
14	1	0.573215961456
14	1	0.653429985046
13	1	0.693367004395
14	1	0.57301402092
13	1	0.612860918045
14	1	0.559460878372
13	1	0.559568166733
13	1	0.679533958435
13	1	0.679682970047
14	1	0.666713953018
14	1	1.1861550808
13	1	0.839817047119
13	1	0.692909955978
13	1	0.70624089241
14	1	0.81272315979
14	1	0.826622009277
14	1	0.652806043625
14	1	2.01236200333
13	1	0.706727981567
14	1	0.826171159744
14	1	0.746150016785
13	1	4.62423396111
13	1	1.03942203522
14	1	1.91896891594
14	1	1.26596903801
14	1	0.772833108902
14	1	0.98620390892
13	1	0.612909078598
13	1	0.812852144241
14	0	0.773202180862
14	1	0.866169929504
13	1	0.786128997803
13	1	0.706326961517
13	1	1.1062169075
14	1	0.732864141464
13	1	0.653057098389
14	1	0.63995218277
14	0	0.732860803604
13	1	0.652911901474
14	1	0.639461994171
13	1	0.586160182953
14	1	0.492995023727
13	1	0.546313047409
14	1	0.986155986786
13	1	0.546164035797
13	0	0.519484043121
13	1	0.759505987167
13	1	0.719485044479
13	1	1.09287691116
14	1	0.959463119507
14	1	0.626626968384
14	1	0.53338599205
13	1	1.01293802261
14	0	0.612861156464
13	1	0.772957086563
13	1	0.653373003006
13	1	0.613145112991
14	1	1.89246106148
14	1	0.65286898613
14	1	0.733366966248
14	1	0.586744070053
13	1	0.719529151917
13	1	0.572901964188
13	1	0.652868032455
14	1	0.572890996933
13	1	0.57298707962
14	1	0.919831037521
14	1	0.586268901825
14	1	0.599493026733
14	1	0.746294975281
14	1	0.586174964905
13	1	0.573106050491
14	1	0.653357028961
14	1	0.679960012436
13	1	0.559710025787
13	1	0.666115999222
13	1	0.652864933014
13	1	1.01284003258
14	1	0.706199884415
13	1	0.692743062973
13	0	0.679560184479
14	1	0.653056144714
13	1	0.746649980545
13	1	2.21228909492
13	1	0.760022163391
14	1	0.90616106987
14	1	0.852798938751
13	1	1.79944610596
14	1	0.772916078568
13	1	1.37235093117
14	1	0.83952999115
13	0	0.972868919373
13	1	2.41237711906
14	1	3.17197299004
13	1	1.97240614891
13	1	3.21182799339
14	1	1.69258999825
13	1	9.3288860321
14	1	1.94570207596
13	0	1.43906092644
13	1	1.3723950386
14	1	1.45236802101
14	0	5.83708286285
13	1	1.35905194283
13	1	1.45232701302
14	1	6.75658893585
14	1	1.02611398697
14	0	0.892802000046
14	1	1.45245885849
13	1	0.919526100159
13	1	0.732861042023
14	1	0.71942281723
13	1	0.746222019196
14	0	0.759999990463
13	1	0.959531068802
14	1	1.31903004646
14	1	0.732843875885
13	1	1.35908603668
13	0	1.02620005608
13	1	0.772912025452
14	1	1.17293310165
13	1	0.946161985397
14	1	2.51856422424
13	1	0.866102218628
14	1	0.83998298645
13	1	0.78613781929
14	1	0.692858934402
14	1	0.692776918411
14	1	0.693336963654
13	1	0.692929983139
13	0	0.732774019241
13	1	1.73224115372
13	1	0.706436157227
14	1	0.746510028839
14	1	0.65280008316
13	1	0.706162929535
14	1	0.612843036652
14	1	0.599596977234
14	1	0.653306007385
14	1	0.586735963821
13	0	1.31949496269
13	1	0.680017948151
14	1	0.692962169647
14	1	1.93233704567
14	1	1.22587609291
14	1	1.57238912582
14	1	0.666074991226
14	0	0.972943067551
14	1	0.78612112999
14	1	2.19900393486
13	1	1.47956109047
13	1	1.97234201431
14	0	0.866147994995
14	1	2.29232597351
14	1	1.01274895668
13	1	1.39923000336
14	1	0.972798109055
13	0	0.866441011429
13	1	0.719512939453
13	1	0.679487943649
14	0	1.3989739418
13	1	0.852745056152
14	1	0.599969863892
14	1	1.82595801353
13	1	0.692781925201
14	1	0.586073160172
13	1	0.69284081459
14	1	0.586387872696
14	1	0.773402929306
13	1	0.732799768448
14	1	0.639544963837
13	1	0.652899026871
14	1	0.612907171249
14	1	0.599843978882
13	1	0.573300123215
13	1	0.600011825562
14	1	0.60003900528
13	1	0.586397171021
14	0	0.546179771423
14	1	0.666178941727
14	1	0.626160860062
14	1	0.586173057556
13	1	0.613011837006
13	1	0.613317012787
13	1	0.759835004807
14	1	0.786243915558
13	1	0.652842998505
14	1	0.746181964874
13	1	0.626742839813
13	1	2.85197305679
14	1	0.69283080101
13	1	0.706203937531
13	1	0.546568870544
13	1	0.626661062241
13	1	0.613450050354
13	0	0.573137044907
14	1	1.78573012352
13	0	0.919571876526
14	1	2.35903406143
14	1	2.47890305519
13	1	0.999502897263
9	1	2.67858600616
9	1	0.719933986664
9	1	0.666687965393
9	1	0.786185026169
9	1	0.572814941406
9	1	0.652760028839
9	1	0.559736967087
9	1	0.573251008987
9	1	0.69341802597
9	1	0.786124944687
9	1	0.732867002487
9	1	3.45136117935
9	1	4.73084115982
9	1	2.22557091713
9	1	0.866232872009
9	1	3.01178407669
9	1	0.666143894196
9	0	0.692856788635
9	1	0.719970941544
9	1	0.759558916092
9	1	0.652854204178
9	1	1.46576309204
9	1	0.74610710144
9	1	0.612895965576
9	1	0.559907913208
9	0	0.6000020504
9	1	0.573252916336
9	0	0.639913797379
9	1	0.906055927277
9	1	0.692828893661
9	1	0.626747131348
9	1	1.63951301575
9	1	0.666342020035
9	1	0.78614783287
9	1	0.706213951111
9	1	1.55934500694
9	1	0.613332986832
9	1	0.639997959137
9	1	0.66635799408
9	1	0.826236009598
9	1	0.586157083511
9	1	2.4919860363
9	1	0.866251945496
9	1	0.812783002853
9	1	0.692758083344
9	1	0.639552116394
9	1	0.653091907501
9	1	0.680064916611
9	1	0.573309183121
9	1	0.599659919739
9	1	0.652744054794
9	1	0.559576034546
9	1	0.706140995026
9	1	0.599606990814
9	0	0.693359851837
9	1	0.546761989594
9	1	0.493325948715
9	1	0.426693916321
9	1	0.613276004791
9	1	0.533366918564
9	1	0.786143779755
9	1	0.559502124786
9	1	0.50620508194
9	1	0.479460954666
9	0	0.479557991028
9	1	0.666198968887
9	1	0.506238937378
9	1	0.466306209564
9	0	0.439496994019
9	1	0.426156997681
9	1	0.47957611084
9	1	0.532852172852
9	1	0.58617401123
9	1	0.492758989334
9	1	0.746158123016
9	1	0.573369026184
9	1	0.6799659729
9	1	0.572892904282
9	1	0.519524812698
9	1	0.492911100388
9	1	0.679582118988
9	1	0.599489927292
9	1	0.58612203598
9	1	1.75900697708
9	1	1.13282799721
9	1	0.692756175995
9	1	1.87944817543
9	1	0.972774982452
9	1	0.65282702446
9	1	1.15956091881
9	1	1.21272397041
9	1	1.15948295593
9	1	1.79947280884
9	1	0.812897920609
9	1	2.89194607735
9	1	1.25284194946
9	1	1.07916498184
9	1	2.22573900223
9	0	0.972864151001
9	1	1.43896198273
9	1	1.1594748497
9	1	0.79945397377
9	1	2.03900885582
9	1	1.27958607674
9	1	0.719639062881
9	1	0.706654787064
9	1	2.31904911995
9	1	0.653316020966
9	1	1.78567218781
9	0	1.03948998451
9	0	0.852854013443
9	1	0.972945928574
9	1	0.773381948471
9	1	0.692923784256
9	1	0.666178941727
9	1	0.652892112732
9	1	0.652833938599
9	1	0.826702833176
9	1	0.63961815834
9	1	1.07942295074
9	1	0.826684951782
9	1	0.746057987213
16	1	0.866176843643
16	1	0.62668299675
16	1	0.586559057236
15	1	1.19947886467
16	1	0.666598081589
15	1	1.13283419609
16	0	1.05269098282
15	1	1.30608010292
16	1	0.839567899704
16	1	5.3972120285
16	0	9.60833287239
15	1	0.666208028793
16	1	0.706255912781
16	1	2.57236719131
15	1	0.866421937943
16	1	0.892750024796
15	1	0.639428138733
15	1	1.9326839447
15	1	0.666162014008
16	1	0.559544086456
16	1	0.546096086502
16	1	0.519432067871
16	1	0.532882928848
15	1	0.506181955338
16	1	0.639454126358
15	1	0.586437940598
15	0	0.546627998352
16	1	0.506721019745
15	1	0.613451004028
15	1	0.626668930054
15	1	0.626178026199
16	1	0.519530057907
16	1	0.519494056702
16	1	0.599536895752
15	1	0.572904109955
16	1	0.55951499939
16	1	0.786201953888
15	1	0.653357982635
16	1	1.05287599564
16	1	0.599492073059
16	0	0.626264095306
16	0	0.893121957779
15	1	1.49258613586
15	1	0.706182956696
16	1	0.692739963531
16	1	0.719598054886
16	1	0.720029830933
16	1	0.759474039078
16	1	0.786237001419
15	1	0.599545001984
15	1	2.85223388672
15	1	0.746299028397
16	0	0.6528840065
15	1	1.13284611702
15	0	0.959569215775
16	1	1.63908100128
16	1	0.666649103165
15	1	0.932890892029
15	1	0.692869901657
16	1	0.652903795242
15	1	0.506588935852
16	1	0.68001294136
16	1	1.59952402115
15	1	0.759415864944
15	1	0.679494857788
16	1	0.532824993134
15	1	0.53283405304
15	1	0.826225042343
15	1	0.600021839142
15	1	0.573366880417
15	1	0.546686887741
16	1	0.706117153168
15	1	0.719436883926
16	1	0.786237001419
15	1	0.826238155365
16	1	0.692852020264
16	1	0.626187086105
16	1	1.15914988518
15	1	0.826159000397
15	1	0.639564037323
15	1	0.559756994247
16	1	0.600061893463
16	1	0.746665000916
15	1	0.719514846802
15	1	0.652891874313
15	1	1.70573210716
15	1	0.599831104279
16	1	0.6399538517
16	1	0.626717090607
16	1	0.613017082214
15	0	0.599519014359
15	1	0.599537849426
15	0	0.546069145203
15	1	0.692775964737
15	1	0.653101921082
15	1	0.666693925858
16	1	0.599973917007
15	1	0.706199169159
16	1	0.639482021332
15	1	0.639487981796
16	1	0.666215181351
15	1	0.746739864349
15	1	0.533367156982
16	1	0.613081932068
15	1	0.559530973434
16	1	0.666121006012
16	1	0.546265125275
16	1	0.546174049377
15	1	0.546212911606
16	1	0.586246013641
16	1	0.639782190323
16	1	0.573347091675
15	1	0.852867126465
15	1	0.599460124969
15	1	0.599472045898
15	1	0.586125135422
16	1	0.532902956009
15	1	1.61246204376
15	1	0.760045051575
16	1	0.679585933685
15	1	0.866124153137
15	1	0.639517068863
16	1	0.653343200684
15	1	0.626605033875
16	1	0.639770030975
15	1	0.679472208023
23	1	0.572851896286
23	1	0.586196899414
24	1	0.506239891052
23	1	0.399467945099
23	1	0.599576950073
23	1	0.612874031067
24	1	0.493237018585
23	1	0.493330001831
24	1	0.426620006561
23	1	0.493077039719
23	1	0.43966794014
23	1	1.43901586533
24	1	0.55949306488
23	0	0.546231985092
24	1	0.559767007828
24	1	0.519927978516
24	1	0.653375864029
23	1	0.480023860931
24	1	0.546707868576
23	1	0.54673910141
24	1	1.5461909771
23	1	0.573153018951
23	1	1.31942200661
24	1	0.573359012604
24	1	0.533359050751
24	1	0.480026006699
24	1	0.85285115242
23	1	0.532794952393
24	1	0.532722949982
24	1	0.612746953964
23	1	0.54630112648
23	1	0.453248023987
24	1	0.546341896057
24	1	0.413172960281
24	0	0.399642944336
24	1	0.479473829269
23	1	0.479485988617
24	0	0.506150007248
24	1	0.45286989212
24	1	0.519404888153
23	1	0.626121997833
23	1	0.599598884583
23	1	0.506627082825
23	1	0.586761951447
24	1	0.626669883728
24	1	0.506634950638
23	1	0.54666018486
23	1	0.493314981461
23	1	0.493417978287
24	1	0.599745035172
23	1	0.546334028244
23	1	0.506283998489
23	1	0.4928150177
24	1	0.639472961426
23	1	0.426221847534
23	1	0.732835054398
23	0	0.372773170471
23	1	0.706092834473
24	1	0.49288892746
23	1	0.492917060852
24	1	1.26586699486
24	1	0.506110191345
24	1	0.572750091553
24	1	0.772860050201
23	1	0.533299922943
24	1	1.1727449894
23	1	0.626214027405
23	1	0.652884960175
24	1	0.560035943985
24	1	0.546710968018
23	1	0.586651086807
24	1	0.480042934418
24	1	0.599941968918
24	1	0.519947052002
23	1	0.440044879913
24	1	0.440064907074
24	1	0.639816045761
24	0	0.47976899147
24	1	0.59948515892
24	1	0.546190977097
24	1	0.559417009354
23	0	0.612847089767
23	1	0.599448919296
24	1	0.519535064697
23	1	0.439616203308
23	1	0.546195983887
24	1	0.519616127014
24	1	0.452986955643
24	1	0.49281001091
23	1	0.572952985764
24	1	0.506472110748
23	1	0.57333111763
23	1	0.440037965775
24	1	0.453313827515
24	1	0.493190050125
24	1	0.586425065994
23	1	0.653320074081
24	1	0.53330206871
24	1	0.426708936691
24	1	0.50666308403
23	1	0.573348999023
23	1	0.466678857803
24	1	0.520029067993
23	1	1.23944878578
23	1	0.466659784317
23	1	0.45324420929
23	1	0.493205070496
23	0	0.586462974548
23	1	0.640043973923
24	1	1.38622903824
24	1	0.519922971725
24	1	0.519989013672
23	1	0.533397912979
24	1	0.560016155243
23	1	0.506705999374
24	1	0.480054855347
24	1	0.520013093948
24	1	0.546595811844
24	1	0.506645202637
24	1	0.466728925705
23	1	0.533279180527
23	1	0.413255929947
23	1	0.65301990509
24	1	1.11946415901
24	1	0.493450880051
24	1	0.493332862854
23	1	0.520055055618
23	1	0.520025014877
23	0	1.98572707176
24	1	0.532746076584
23	0	0.786180973053
24	1	0.613196849823
24	1	0.546738147736
24	1	0.546652793884
23	1	0.493269920349
23	1	0.812893152237
24	1	0.532907962799
24	1	0.532818078995
24	0	0.586146116257
24	1	0.586223840714
24	1	0.572719812393
24	1	0.532823085785
18	1	0.533323049545
18	1	0.639936923981
18	1	0.493343114853
18	1	0.586561918259
18	1	0.440034866333
18	1	0.493382930756
18	1	0.466719150543
18	1	0.506724119186
18	0	0.573348045349
18	1	0.520031929016
18	1	0.559805870056
18	1	0.439958095551
18	1	0.506556034088
18	1	0.413333892822
18	1	0.426625013351
18	1	0.586683988571
18	1	0.453371047974
18	1	0.386617898941
18	1	0.466725111008
18	1	0.493401050568
18	1	0.453344106674
18	1	0.386713027954
18	1	0.413386821747
18	1	0.559753894806
18	1	0.466622114182
18	1	0.479959011078
18	1	0.479920864105
18	1	0.466529846191
18	1	0.666445970535
18	1	0.506721973419
18	1	0.693377971649
18	1	0.613085985184
18	1	0.479839086533
18	1	0.479924917221
18	1	0.506509065628
18	1	0.479866981506
18	1	0.466677904129
18	1	0.546458005905
18	1	0.493113994598
18	1	0.532972812653
18	0	0.626118898392
18	1	0.532855987549
18	1	0.626201152802
18	1	0.53276181221
18	1	0.639535903931
18	1	1.65271401405
18	1	0.706702947617
18	1	1.01287198067
18	1	0.612833023071
18	1	0.453335046768
18	1	0.559781074524
18	1	0.733299016953
18	1	0.573282003403
18	0	0.546591043472
18	1	0.493394851685
18	1	0.559701919556
18	1	0.493129014969
18	1	0.599511861801
18	1	0.679536819458
18	1	0.599514007568
18	1	0.506206035614
18	1	0.546185016632
18	1	0.559704065323
18	1	0.479989051819
18	1	0.493253946304
18	1	0.47999382019
18	1	0.519770860672
18	1	0.586542844772
18	1	0.506690979004
18	1	0.600033044815
18	1	0.560042858124
18	1	0.480039834976
18	1	0.62668800354
18	1	0.599581003189
18	1	0.413201808929
18	1	0.439939975739
18	1	0.546544075012
18	0	0.386668920517
18	1	0.493330001831
18	1	0.533291816711
18	1	0.52006816864
18	1	0.493408918381
18	1	0.533171892166
18	1	0.506525039673
18	1	0.532979011536
18	1	0.43985581398
18	1	0.612854957581
18	1	0.532794952393
18	1	0.532791852951
18	1	0.572754859924
18	1	0.63957285881
18	1	0.466080188751
18	1	0.559479236603
18	1	0.492789030075
18	1	0.559555053711
18	1	0.493193149567
18	1	0.653180122375
18	1	0.439967870712
18	1	0.533295869827
18	1	0.546769857407
18	1	0.453377962112
18	1	0.57341504097
18	1	1.43948292732
18	1	0.693343877792
18	1	0.466701030731
18	1	0.53334903717
18	1	1.10625195503
18	1	1.27936410904
18	1	1.75910496712
18	1	0.600039958954
18	1	0.520029067993
18	1	0.533313989639
18	1	0.73316192627
18	0	0.546220064163
18	1	0.679511070251
18	1	0.599421024323
18	1	0.532871007919
18	1	0.626168012619
18	1	0.733114957809
18	1	0.60000705719
18	1	0.626450061798
18	0	1.01284408569
18	1	0.519737005234
18	1	0.586573123932
18	1	2.45233917236
18	1	2.90538311005
18	1	0.599514007568
18	1	0.612869024277
18	1	1.265843153
18	1	3.11853909492
18	1	0.640074968338
18	1	3.18522000313
18	1	0.599617004395
18	1	0.586768865585
18	1	0.573365926743
18	1	0.560019016266
18	0	0.546662807465
18	1	0.839475870132
23	1	0.652864933014
23	1	0.520002126694
24	1	0.653362989426
23	1	6.45040297508
23	1	1.31948399544
24	0	0.719941139221
24	1	0.626637935638
24	1	0.679526805878
24	1	0.639514923096
24	1	0.559573173523
23	1	0.492928981781
23	0	0.479569911957
23	1	0.732798099518
24	1	0.453152894974
24	1	0.546363115311
23	1	0.453272104263
24	1	0.49313211441
24	0	0.479779958725
23	1	0.50634598732
23	1	1.45266699791
24	1	0.506270885468
24	1	1.41258597374
23	0	0.746169805527
23	1	1.13280296326
24	1	1.41235899925
23	1	0.612793922424
24	1	0.586197853088
23	1	0.492842912674
24	1	0.412852048874
23	1	0.51950097084
24	1	1.34566307068
24	1	0.559480190277
23	1	0.54611492157
24	1	0.532853126526
24	1	0.47953414917
23	1	0.612838029861
24	1	0.533108949661
24	1	0.479969978333
24	1	0.586573123932
24	1	0.453332901001
23	1	0.493317127228
24	1	0.493369102478
24	1	0.480048179626
23	1	0.520061969757
23	1	0.533331871033
24	1	0.640062093735
24	1	0.50665307045
23	1	1.02627015114
24	1	0.59956407547
24	1	0.519600868225
23	1	0.5862159729
24	1	0.573207139969
24	1	0.506669044495
24	0	0.560086011887
24	1	0.559996128082
23	1	0.56004691124
23	1	1.0528190136
24	1	0.559585094452
24	1	0.519572973251
23	0	1.1859190464
24	1	0.599561929703
23	1	0.572769880295
24	1	0.57287812233
24	1	0.506242036819
24	1	0.532923936844
23	1	0.653094053268
23	0	0.533258199692
24	0	0.519982814789
23	1	0.626550912857
24	1	0.453376054764
23	1	1.06628799438
23	1	0.572820186615
24	1	0.479664087296
24	1	0.559581041336
24	1	0.506552934647
23	1	0.533359050751
24	1	0.63999915123
23	1	0.626708030701
23	1	0.639671087265
24	1	0.612735033035
23	0	1.05286192894
23	1	0.426587820053
24	1	0.50679898262
24	1	0.453398942947
24	0	0.480065107346
24	0	0.55992603302
23	1	1.51955103874
23	1	0.866347074509
24	1	0.612769842148
24	1	0.426164865494
24	1	0.546179056168
23	1	0.546139001846
24	1	0.586117982864
23	1	0.546231985092
24	1	0.532865047455
23	1	0.479517936707
24	1	0.559461832047
24	1	0.532842874527
23	1	0.61309504509
23	1	0.533301115036
24	1	0.746561050415
23	0	0.520044803619
24	1	0.719568014145
23	0	0.586179971695
23	1	0.506172895432
24	1	0.599545001984
23	1	0.50608086586
23	1	0.479552984238
23	1	0.546089887619
24	1	0.599542140961
24	1	0.573223114014
23	1	0.53325510025
24	1	0.506647109985
23	1	0.560052871704
23	1	0.639915943146
24	1	0.692823171616
23	1	0.519574165344
23	1	0.479505062103
24	1	0.666167974472
23	0	0.519617080688
24	1	0.626170158386
24	1	0.692855119705
23	1	0.720024108887
23	1	0.66633105278
23	1	0.639512062073
23	0	0.61279296875
24	1	0.492872953415
23	0	0.49284696579
24	1	0.466173171997
23	1	0.452867984772
24	1	0.679584980011
24	1	0.506083011627
24	1	0.506129026413
23	1	0.479576826096
24	1	0.519418954849
24	1	0.532782077789
24	1	0.533044099808
23	1	0.693191051483
20	1	0.546255111694
20	1	0.572853803635
20	1	1.0660610199
20	1	0.586730957031
20	1	0.480001926422
20	1	0.560002088547
20	1	0.440017938614
20	1	0.479974031448
20	1	0.626668930054
20	1	0.519809007645
20	1	0.586265802383
20	1	0.679459810257
20	1	0.492842912674
20	1	0.572838068008
20	1	0.599483013153
20	1	0.546211004257
20	1	0.533179044724
20	1	0.546642065048
20	1	0.533381938934
20	0	0.5333340168
20	1	0.546634912491
20	1	0.480015039444
20	1	3.02524590492
20	1	1.5190448761
20	1	0.986160993576
20	1	0.613323926926
20	1	0.546616077423
20	1	0.572993040085
20	1	0.599573850632
20	0	0.639536142349
20	1	0.759459018707
20	1	0.533275842667
20	1	0.533333063126
20	1	0.813288927078
20	1	0.559803009033
20	1	0.519616127014
20	1	0.559484958649
20	0	0.666136980057
20	1	0.679548025131
20	1	0.666378974915
20	1	0.56005191803
20	0	0.86622595787
20	1	0.652806043625
20	1	0.599529981613
20	1	0.492841005325
20	1	0.532891988754
20	1	0.652849912643
20	1	0.533290147781
20	1	0.493278026581
20	1	0.453294038773
20	1	0.75993013382
20	1	0.626621007919
20	0	1.61232304573
20	1	0.559440135956
20	0	2.34534597397
20	1	0.719520807266
20	1	0.692859888077
20	1	0.626142024994
20	1	0.640017986298
20	1	0.733299970627
20	0	0.652752876282
20	1	1.45234298706
20	1	0.626163005829
20	1	0.95943903923
20	1	0.653273105621
20	1	0.879513025284
20	0	0.812843799591
20	1	0.799840211868
20	1	0.879479169846
20	1	1.09283900261
20	0	0.86607003212
20	1	0.732836008072
20	1	0.692885875702
20	1	0.546602964401
20	1	0.52007818222
20	1	0.533330917358
20	1	0.520046949387
20	1	0.533345937729
20	1	0.50658082962
20	1	0.440075874329
20	0	0.373277902603
20	1	0.919489145279
20	1	0.492841959
20	1	0.492936134338
20	1	0.626241922379
20	1	0.54611992836
20	1	0.572869062424
20	1	0.599458932877
20	1	0.492876052856
20	1	0.519636869431
20	1	0.49303984642
20	1	0.453121900558
20	1	0.4128510952
20	1	0.612855911255
20	1	0.426287174225
20	1	0.426138877869
20	1	0.412943840027
20	1	0.572822093964
20	1	0.47954082489
20	1	0.492767095566
20	1	0.492729902267
20	0	0.46616601944
20	1	1.61233091354
20	1	0.652815103531
20	1	0.613389968872
20	1	0.533404111862
20	1	0.519962072372
20	1	0.53338098526
20	1	0.58655500412
20	1	0.493335008621
20	1	0.573158979416
20	1	0.626185894012
20	1	1.14608192444
20	1	0.533356904984
20	1	0.573240995407
20	1	0.586452007294
20	1	2.07892394066
20	1	1.57280492783
20	1	0.733306884766
20	1	1.71891283989
20	1	1.09285116196
20	1	0.533405065536
20	1	1.18613195419
20	1	0.61288523674
20	1	0.519963026047
20	1	0.519963026047
20	1	0.680035114288
20	1	0.600084066391
20	0	0.586425065994
20	1	0.626187086105
20	1	0.572913885117
20	1	0.652852058411
20	1	0.612867116928
20	0	0.773169994354
20	0	0.560057878494
21	1	0.639548063278
22	1	0.519514799118
21	1	0.612835168839
21	1	0.666126966476
21	1	0.49333691597
21	1	0.520052909851
21	1	0.559991836548
22	1	0.546679019928
22	1	0.506677865982
22	1	0.626713037491
22	1	3.13179588318
21	1	1.43946790695
21	1	0.573107004166
21	1	0.600036144257
22	1	0.906137943268
22	1	0.572727918625
21	1	0.519511938095
22	1	0.559448957443
22	1	0.559561014175
21	1	0.519556999207
21	1	0.5860850811
21	1	0.492837905884
22	1	0.559631109238
22	1	0.506441116333
22	1	0.466627120972
22	1	0.573170185089
22	1	0.506659030914
22	1	0.559934139252
21	1	0.4799721241
21	1	0.559950113297
21	1	0.506618022919
21	1	0.812829971313
22	1	2.13239598274
21	1	0.773194789886
21	1	0.692799091339
21	1	0.506206035614
21	1	2.46520113945
21	1	0.852795124054
22	1	0.519912958145
22	1	0.639961957932
22	1	0.679974079132
21	0	0.772816181183
22	1	0.59956908226
21	1	0.652808904648
21	1	0.639460086823
22	1	0.573344945908
22	1	0.773296117783
21	1	0.46661901474
22	1	0.45349407196
21	1	0.613202810287
22	1	0.493231773376
22	1	0.533023834229
22	1	0.519606113434
21	1	0.413106918335
22	1	0.493207931519
21	1	0.54633307457
21	1	0.400019168854
21	1	0.506654024124
22	1	0.466743946075
22	1	0.440093040466
21	1	0.639730930328
22	1	0.559565067291
21	1	0.546152114868
21	1	0.492844104767
22	1	0.626160860062
21	1	0.546180963516
22	1	0.546203136444
21	1	0.639494895935
22	1	1.79936814308
22	1	0.479975938797
22	1	1.77231907845
21	1	5.94372701645
22	1	1.39945888519
21	1	1.46572613716
21	1	1.59894895554
22	1	0.706596136093
22	1	0.906172037125
21	1	0.799550056458
21	1	3.06488800049
22	1	0.55951499939
22	1	1.47900819778
21	1	0.932776927948
22	1	0.666563034058
22	1	0.546728849411
21	1	0.560033082962
22	0	0.49337887764
21	0	0.493381977081
22	1	0.639895915985
22	0	0.732864141464
21	1	0.812791109085
21	1	0.639946937561
22	1	0.48003411293
21	0	0.559944152832
22	1	0.62664103508
21	1	0.506603956223
21	1	0.479999065399
22	1	2.67862510681
22	1	0.892749071121
22	1	0.639605045319
21	1	0.559947013855
21	1	0.480005979538
22	1	0.400053977966
21	0	0.5199239254
21	1	0.573399066925
22	1	0.533350944519
21	1	2.67899799347
21	1	0.493429899216
21	1	0.586489915848
22	1	0.559489011765
22	1	0.62624502182
21	1	0.439470052719
21	1	0.692775964737
22	1	0.532850980759
22	1	0.546205997467
21	1	0.559511184692
21	1	0.546443939209
21	1	0.439957141876
22	1	0.493055105209
21	1	0.626426935196
22	1	0.479977846146
22	1	0.49338388443
22	1	0.573371887207
21	1	0.493397951126
22	1	0.506675958633
21	1	0.45338010788
22	1	0.480001926422
21	1	0.546668052673
21	1	0.479998111725
22	1	0.65331697464
22	1	0.506676912308
22	1	0.466651916504
22	1	0.399990081787
22	1	0.599561929703
22	1	0.479513883591
22	1	0.43949508667
21	1	0.39945101738
22	1	0.546209096909
22	1	0.492832899094
22	1	0.546187162399
22	1	0.492722988129
22	1	0.572779893875
21	0	0.452776193619
22	1	0.532727003098
21	1	0.519507169724
22	1	0.652888059616
22	1	0.639656066895
22	1	0.480020999908
21	1	1.45282816887
22	1	0.533248901367
21	1	0.4399330616
22	1	0.719927072525
22	1	0.559953927994
21	1	1.37284088135
22	1	0.640018224716
21	1	1.59947800636
21	1	0.599473953247
21	1	0.599447011948
21	1	0.546255111694
22	1	0.626097917557
22	1	0.919489860535
21	1	0.626603126526
22	1	0.533194065094
21	1	0.506644964218
22	1	0.46662402153
22	1	0.519860029221
21	0	0.466562986374
22	1	0.719492912292
22	1	1.27938604355
22	1	0.93280005455
22	1	0.559441804886
22	1	0.572934865952
21	1	0.653356075287
21	1	0.493366003036
21	1	0.399994134903
21	1	0.56002497673
22	1	0.519944906235
21	1	0.519936084747
22	1	0.546701908112
22	1	0.520009994507
21	1	0.520046949387
21	1	0.679589986801
21	1	0.453127861023
21	1	0.440001964569
21	1	0.573126077652
22	1	0.612802028656
21	1	0.466227054596
22	1	0.49276304245
21	1	0.479471921921
22	1	0.692893981934
22	1	0.492892980576
21	1	0.466140031815
21	1	0.612793922424
22	1	0.732805013657
22	1	0.333371162415
21	1	0.599656105042
22	1	0.453436851501
22	1	0.706578016281
22	1	0.480067014694
22	1	0.599980115891
21	1	0.399996995926
22	1	0.546573162079
21	1	0.480036973953
21	1	0.560018062592
21	1	1.17286586761
22	1	0.546645879745
22	1	0.60000705719
21	1	0.533366918564
21	1	0.5199239254
21	1	0.506651878357
22	1	0.520087957382
21	1	0.54666686058
22	1	0.4666659832
21	1	0.559955835342
21	0	0.533401966095
21	1	0.519952058792
21	1	0.519748926163
21	1	1.61223196983
21	1	0.572783946991
22	1	0.559432029724
22	1	0.546185970306
21	1	0.532829999924
22	1	0.532805919647
22	1	0.626111984253
21	1	0.519889831543
22	1	0.493147134781
22	1	0.546583890915
22	1	0.560029983521
21	1	0.573293924332
22	1	0.506579875946
22	1	0.626759052277
22	1	0.519990921021
22	1	0.439987897873
21	1	0.506670951843
22	1	0.626413822174
22	1	0.599476099014
21	1	0.43940615654
22	1	0.413074016571
22	1	0.572805166245
22	1	0.519487857819
22	1	0.466238021851
21	1	0.439728021622
21	1	0.546220064163
22	1	0.399789810181
22	1	0.546373844147
21	1	0.453100919724
21	1	0.440024852753
22	1	0.41335105896
22	1	1.19960689545
21	0	0.439947128296
21	1	0.519778013229
22	1	0.519829034805
22	1	0.520016908646
21	1	0.41329908371
21	1	0.559862852097
21	1	0.506671905518
21	1	0.39998793602
21	1	0.373157024384
21	1	0.439511060715
21	1	0.599452018738
22	1	0.372883081436
21	1	0.492804050446
22	1	0.586193084717
21	1	0.612882852554
21	0	0.959720134735
22	1	0.692763090134
22	1	0.426198959351
21	1	1.47901415825
21	1	0.626113176346
21	1	0.519566059113
21	1	0.546126842499
21	1	0.559494018555
21	1	0.439538002014
21	1	0.386156082153
21	1	0.479519844055
22	1	0.586184978485
19	1	0.546685934067
19	1	0.506639003754
19	1	0.479990005493
19	1	0.49334692955
19	1	0.5200111866
19	0	0.600021839142
19	1	0.439960956573
19	1	0.373292922974
19	1	0.373323202133
19	0	0.373128890991
19	1	0.692836999893
19	1	0.506574869156
19	1	0.559934139252
19	1	0.479974985123
19	1	0.506694078445
19	1	0.466639041901
19	1	0.506766080856
19	0	0.453368186951
19	1	1.35956597328
19	1	0.626576900482
19	1	0.520035982132
19	1	0.533316850662
19	1	1.31940793991
19	1	0.533154010773
19	1	0.666664123535
19	1	0.479995965958
19	1	0.546614170074
19	1	0.546591997147
19	1	0.466733932495
19	1	0.493285894394
19	1	0.506695985794
19	1	0.479938030243
19	1	0.493345022202
19	1	0.466562986374
19	1	0.480094909668
19	0	0.493210077286
19	1	0.573233127594
19	1	0.61324095726
19	1	0.55964589119
19	1	0.519397974014
19	1	0.546282052994
19	1	0.492859125137
19	1	0.479450941086
19	1	0.466137170792
19	1	0.572825193405
19	1	0.479494094849
19	1	0.506237983704
19	1	0.492928981781
19	1	0.572893857956
19	1	0.452877998352
19	1	0.439465045929
19	1	0.612854957581
19	1	0.439432144165
19	1	0.519511938095
19	1	0.546139955521
19	1	0.519541978836
19	1	3.23803305626
19	1	0.732799768448
19	1	1.31902599335
19	1	0.572793960571
19	1	0.506213903427
19	1	0.532810211182
19	1	0.532871961594
19	1	0.492829084396
19	1	0.479560852051
19	0	0.386148929596
19	1	0.492838144302
19	1	0.546156167984
19	1	0.719564914703
19	0	0.772915124893
19	1	0.533293962479
19	1	0.493405818939
19	1	0.693198919296
19	1	0.58616900444
19	1	0.506157875061
19	1	0.586145162582
19	1	0.559427976608
19	1	0.492772102356
19	1	0.439601898193
19	1	0.679537057877
19	1	0.559542894363
19	1	0.506244182587
19	1	0.559551000595
19	1	0.546522140503
19	1	0.49330496788
19	1	0.613387107849
19	0	0.493305921555
19	1	0.560062170029
19	1	0.533274888992
19	1	0.546575069427
19	1	0.520059108734
19	1	0.5333070755
19	1	0.493314981461
19	1	0.493220090866
19	1	0.546477079391
19	1	0.959558010101
19	1	0.532884120941
19	1	0.599743127823
19	1	0.520031929016
19	1	0.479959964752
19	1	0.53324508667
19	1	1.57281589508
19	1	0.573277950287
19	1	0.466598033905
19	1	0.533393144608
19	1	0.546705961227
19	1	0.613137960434
19	1	0.506401777267
19	1	0.493005037308
19	1	0.546123027802
19	1	0.519505023956
19	1	0.492774963379
19	1	0.426380157471
19	1	0.5994181633
19	1	0.546175003052
19	1	0.519428014755
19	1	0.572793960571
19	1	0.492733955383
19	1	0.546156167984
19	1	0.612925052643
19	1	0.652955055237
19	1	0.760055065155
19	1	0.466606140137
19	1	0.559996843338
19	1	0.466634988785
19	1	0.533360958099
19	1	0.772885084152
19	1	0.519409894943
19	1	0.506117105484
19	1	0.492860078812
19	1	0.466346979141
19	1	0.546153068542
19	1	0.506170034409
19	1	0.479536056519
19	1	0.466151952744
19	1	0.559453964233
19	1	0.666142940521
19	0	0.879878997803
19	1	0.77271604538
19	1	0.639471054077
19	1	0.639482021332
19	1	0.532856941223
19	1	0.559746026993
17	1	1.02614092827
17	1	1.15946102142
17	1	0.612876176834
17	1	0.599535942078
17	1	0.559687137604
17	1	0.559961795807
17	1	0.71999502182
17	1	0.746222019196
17	1	0.639537096024
17	1	0.599471092224
17	0	0.639513969421
17	1	0.599809885025
17	1	1.11943078041
17	1	1.45231986046
17	1	0.786243915558
17	0	0.746299982071
17	1	0.812840938568
17	1	0.799558877945
17	1	0.666235923767
17	1	0.613180875778
17	1	0.706635951996
17	1	1.439453125
17	1	0.639849901199
17	1	0.546360015869
17	1	0.586056947708
17	1	0.639451980591
17	1	0.586090087891
17	1	0.559420108795
17	1	0.532835960388
17	1	0.546186923981
17	1	0.519782066345
17	1	0.453217029572
17	1	0.586357116699
17	1	0.533265829086
17	1	0.546765089035
17	1	0.746720075607
17	1	0.546467065811
17	1	0.479885101318
17	1	0.506520986557
17	1	0.49317407608
17	1	0.453316926956
17	1	0.533138990402
17	1	0.493130922318
17	1	0.479801893234
17	1	0.519703865051
17	1	0.586134910583
17	1	0.506146192551
17	0	0.559471130371
17	1	0.559476137161
17	1	0.546216011047
17	1	0.546152830124
17	1	0.479506969452
17	1	0.506142139435
17	1	0.53284907341
17	1	0.466197013855
17	1	0.49285197258
17	1	0.506139039993
17	1	0.506058931351
17	1	0.452790975571
17	1	0.479482889175
17	0	1.86560583115
17	1	0.519984006882
17	0	0.466647863388
17	1	0.639919996262
17	1	0.573210000992
17	1	0.493243932724
17	1	0.453299045563
17	1	0.626316070557
17	1	0.519665956497
17	1	0.492904186249
17	1	0.666059017181
17	1	0.51942896843
17	1	0.466205835342
17	1	0.492841005325
17	1	0.426209926605
17	1	0.53294301033
17	1	0.786077022552
17	1	0.533041954041
17	1	0.573125123978
17	1	0.506628036499
17	1	0.506685018539
17	1	0.493360996246
17	1	0.533343076706
17	1	0.600051879883
17	1	0.506642818451
17	1	0.506631135941
17	1	1.02616405487
17	1	0.59953379631
17	1	0.452939033508
17	1	1.26563978195
17	1	0.652765989304
17	1	0.452736139297
17	1	0.479514122009
17	1	0.452888011932
17	1	0.466092824936
17	1	0.572897195816
17	1	0.626159906387
17	1	0.572914838791
17	1	0.559819936752
17	1	0.693320035934
17	1	0.453388929367
17	1	0.47992682457
17	0	0.453252077103
17	1	0.479943990707
17	1	0.519952058792
17	1	0.559993982315
17	1	0.493254899979
17	1	0.733008861542
17	1	0.572757005692
17	1	0.532847881317
17	1	0.986186981201
17	1	0.653344869614
17	1	0.546739816666
17	1	0.506654024124
17	1	0.506635904312
17	1	0.573302984238
17	1	0.479974031448
17	1	0.559772968292
17	1	0.453207969666
17	1	0.506492853165
17	1	0.586127996445
17	1	0.452976942062
17	1	0.519495010376
17	1	0.47961306572
17	0	0.426634073257
17	1	0.546287059784
17	1	0.532809972763
17	1	0.519536972046
17	1	0.519612073898
17	0	0.412963867188
17	1	1.09281611443
17	1	0.533405780792
17	1	0.546682834625
17	1	0.626676082611
17	1	0.759465932846
17	1	2.35884594917
17	1	0.612810134888
17	1	0.559502840042
17	1	0.626246929169
17	1	0.719553947449
17	1	0.599972963333
