4	0	1.38621616364
4	1	1.30613493919
4	1	0.91982293129
4	1	0.826146125793
4	1	0.932718992233
4	0	1.02619290352
4	1	1.18597102165
4	1	2.13236308098
4	1	0.839937210083
4	1	0.932861089706
4	0	0.626167058945
4	0	1.70614409447
4	0	0.852837085724
4	0	2.18564891815
4	1	0.812731981277
4	0	1.41231799126
4	0	1.33276700974
4	1	1.87908506393
4	1	1.2126698494
4	1	1.42616200447
4	1	0.972855091095
4	1	0.706179141998
4	1	0.719961881638
4	0	0.919495105743
4	1	0.812829017639
4	0	0.559993028641
4	0	0.759953975677
4	1	1.41293597221
4	1	2.53257012367
4	1	1.15955996513
4	1	1.02623796463
4	1	0.999491930008
4	1	0.933017969131
4	1	0.812743902206
4	1	0.746158123016
4	1	0.81342792511
4	1	0.679479122162
4	1	0.599538087845
4	1	0.612755060196
4	1	0.62614107132
4	1	0.573028087616
4	1	0.666695833206
4	0	0.666694879532
4	1	3.05184483528
4	1	1.53243708611
4	1	1.21252799034
4	1	1.06616091728
4	1	0.919420957565
4	1	1.35896992683
4	0	2.97195386887
4	1	2.238904953
4	0	2.9051668644
4	1	1.13286495209
4	1	0.839437007904
4	1	1.02629899979
4	1	1.95903110504
4	1	0.892845869064
4	0	1.14605593681
4	1	1.03949403763
4	1	0.652739048004
4	1	0.706248998642
4	1	0.520048856735
4	0	0.79967713356
4	1	0.879506826401
4	0	0.559462070465
4	1	0.492957115173
4	1	0.799703121185
4	1	0.906157970428
4	0	0.826112031937
4	0	0.519779920578
4	1	0.893175840378
4	1	0.826118946075
4	1	1.01283407211
4	0	1.23952007294
4	0	1.05277109146
4	0	1.33266496658
4	0	0.906145095825
4	1	2.78522109985
4	1	1.1461648941
4	1	1.01278495789
4	1	1.05274105072
4	1	1.05273580551
4	1	1.3327691555
4	0	1.22614383698
4	1	1.41270494461
4	1	0.919556856155
4	1	0.839457035065
4	1	0.839497089386
4	1	0.946310043335
4	1	2.98523497581
4	1	1.38594102859
4	1	1.11911916733
4	0	1.46589398384
4	1	0.772855043411
4	0	1.49241805077
4	1	1.13285899162
4	1	0.932803869247
4	1	0.919438123703
4	1	1.14623713493
4	1	0.852879047394
4	1	1.77241396904
4	1	1.6923429966
4	1	0.812861204147
4	1	0.813387870789
4	1	1.21288108826
4	1	0.773316144943
4	1	0.919530153275
4	1	0.759526014328
4	1	0.759975194931
4	0	0.839554071426
4	0	0.546269893646
4	1	1.09288787842
4	1	0.772794008255
4	1	0.866236925125
5	1	2.58560204506
5	1	0.70667386055
5	1	0.573244094849
5	1	0.599467992783
6	0	1.02623391151
5	0	0.813343048096
6	1	0.959506988525
6	1	0.892726898193
6	1	0.812851905823
5	1	1.19957900047
6	1	0.759527921677
6	1	1.02620387077
5	1	0.733355998993
6	1	0.866166114807
6	1	0.626059055328
5	1	0.852885961533
6	1	0.852871894836
5	1	1.02623200417
5	1	0.919636011124
5	1	0.626181840897
6	1	0.692926883698
5	1	0.879531860352
6	1	0.746432065964
6	1	0.852897882462
6	0	0.852953195572
5	0	1.5727751255
5	1	0.786253929138
6	0	2.98516607285
5	1	1.02635788918
6	1	0.799489021301
6	1	0.812803030014
6	1	0.613313913345
5	1	0.812736988068
5	1	0.799422025681
5	1	0.90637087822
6	1	0.786245107651
5	1	0.879572153091
5	0	0.546712875366
5	0	0.733424186707
5	1	0.679577112198
5	1	0.86607003212
5	0	1.54567098618
5	1	1.14589595795
5	1	1.06616306305
5	1	0.986269950867
5	1	1.59911298752
5	0	1.13277816772
5	0	2.49221205711
6	0	1.17283010483
5	1	2.35903501511
5	1	1.45255279541
6	1	0.986231803894
5	1	1.09289097786
6	1	1.15946912766
5	1	0.759594917297
6	1	0.55969786644
5	0	0.733403921127
5	0	1.15947985649
5	0	2.26513910294
6	0	0.732769012451
6	1	0.839644908905
6	1	1.51955795288
6	1	0.839511871338
5	1	0.759555101395
6	1	1.0128698349
6	1	1.11942791939
6	1	0.640018939972
5	0	1.05274486542
5	1	1.13272809982
6	1	1.15959692001
5	1	1.17286396027
6	1	1.26568222046
5	0	1.67905592918
5	1	0.972872018814
6	1	0.892966985703
5	1	1.07941794395
5	1	0.93286895752
5	1	1.19956612587
5	0	1.0928401947
5	0	1.15920305252
6	1	1.54564881325
6	1	3.09177303314
6	0	1.86561393738
5	1	3.33150792122
6	1	1.07948112488
5	0	1.19954204559
5	1	0.746164798737
5	1	0.746689081192
6	0	1.75912094116
5	1	1.7056491375
5	0	4.42426609993
6	1	3.34467411041
5	1	2.69187307358
5	0	1.09273791313
6	1	0.839557886124
6	0	1.94577383995
5	0	0.799808979034
5	1	0.626141786575
6	1	0.826225996017
6	0	1.73244595528
6	1	0.906122922897
6	1	0.892884969711
6	1	0.986247062683
5	0	1.58577013016
5	0	1.58567595482
6	1	0.70626783371
6	1	1.37247085571
6	1	3.99799108505
6	1	1.10623216629
6	1	1.02627491951
5	1	0.906228065491
6	1	0.613457918167
5	0	0.653503894806
5	0	0.946110010147
6	1	0.639453172684
5	1	0.946376800537
6	1	0.852833986282
6	1	0.58610701561
6	1	0.612859010696
5	1	0.653183937073
6	1	0.759944915771
5	1	0.519735097885
6	0	0.852944850922
6	1	0.973219871521
5	1	0.772893190384
5	1	1.10621500015
6	1	1.05275201797
6	1	0.866082906723
6	1	0.826462984085
5	1	0.866125106812
6	1	0.879435777664
5	0	2.62569594383
6	1	1.13279914856
6	1	0.826554059982
5	1	1.98573088646
5	1	1.97231197357
5	1	1.17284178734
5	1	0.933179140091
5	1	0.74623298645
5	1	2.27881908417
5	1	0.892781019211
5	0	0.79957818985
5	0	1.27957892418
5	1	6.63665509224
6	1	2.41222405434
5	1	1.25277900696
6	1	1.50565004349
5	1	1.09281206131
6	1	0.932830095291
5	1	0.999521017075
6	1	0.839536905289
5	1	1.03953790665
6	0	2.83847689629
5	0	1.97245502472
6	0	1.06608510017
6	1	0.812813997269
5	1	1.63912415504
5	1	1.46626400948
5	1	2.25245785713
5	0	2.39847707748
5	0	2.45180797577
5	0	1.02611994743
6	1	1.74598097801
6	1	2.43895506859
6	1	0.373401880264
5	1	1.41287016869
5	1	1.23943114281
5	1	1.01291513443
6	0	1.15942907333
5	1	0.666585922241
5	1	1.07959508896
6	0	0.986186981201
5	0	1.50614881516
5	1	0.83944606781
5	1	2.06572794914
5	1	1.09299898148
6	0	0.786395788193
5	0	3.82470297813
6	1	1.90577197075
5	0	3.38512802124
5	1	1.30561208725
5	1	0.652894973755
6	1	0.612882852554
6	1	0.93313908577
6	1	0.786267995834
6	1	0.772891044617
6	1	1.15928292274
5	1	0.959526062012
6	1	0.733299016953
6	1	1.17277002335
5	1	0.719882965088
5	0	1.07947897911
5	0	0.972831010818
6	1	0.812834024429
6	1	0.706130981445
5	1	0.639579057693
6	1	0.773345947266
5	1	0.786036968231
5	1	0.719475984573
6	0	0.772774934769
5	1	0.946130990982
6	0	1.19949507713
5	0	1.21277499199
6	1	2.43891096115
5	1	2.67859005928
5	1	1.07949304581
5	0	2.7184741497
5	0	1.05265307426
5	1	0.706166982651
6	1	0.626106023788
5	1	0.639474868774
5	1	0.813199996948
6	1	1.45275306702
5	0	0.732930183411
5	1	0.826052904129
5	0	2.38523602486
5	1	1.18613910675
6	1	1.0126581192
2	1	0.946224927902
2	1	0.626176118851
2	1	0.75969004631
2	0	0.71994805336
2	1	0.839504003525
2	1	0.839423179626
2	0	0.999469995499
2	1	0.612823963165
2	1	0.759533166885
2	1	0.733253002167
2	1	0.653182983398
2	0	0.612775802612
2	1	0.626173973083
2	1	1.03958797455
2	0	0.946041107178
2	1	1.45228004456
2	1	1.33254003525
2	0	1.0395359993
2	1	0.946504116058
2	0	0.986132144928
2	1	1.39924788475
2	0	3.7714509964
2	1	1.74617481232
2	0	2.42563199997
2	0	0.852813005447
2	0	0.506219148636
2	1	0.692889928818
2	1	0.67952299118
2	1	0.946217060089
2	1	0.559494018555
2	0	1.05286407471
2	0	0.679938077927
2	1	0.866196870804
2	0	0.719613075256
2	1	0.386333942413
2	1	2.5850789547
2	0	1.26584005356
2	1	1.37232899666
2	1	0.719551086426
2	0	0.852947950363
2	0	0.39995098114
2	1	0.82654094696
2	1	0.852784872055
2	1	0.759572982788
2	0	0.626590967178
2	0	0.879498958588
2	1	0.652796030045
2	1	0.639440059662
2	0	1.10593700409
2	0	0.692856788635
2	1	0.386142969131
2	1	0.999536037445
2	0	1.14619493484
2	0	0.639567136765
2	0	1.49235987663
2	0	0.826164960861
2	1	0.719811916351
2	0	2.23894810677
2	0	0.44001698494
2	1	0.799809217453
2	0	2.93174695969
2	1	1.10581302643
2	1	1.41289591789
2	1	1.09289288521
2	1	4.19811105728
2	1	5.94369697571
2	1	2.75880599022
2	1	2.02566695213
2	1	3.47835588455
2	1	1.65267491341
2	1	1.10620903969
2	0	0.892906188965
2	1	0.613334178925
2	1	4.2247531414
2	1	0.94637298584
2	0	4.18467593193
2	1	1.15947508812
2	1	7.70260500908
2	0	3.25184988976
2	1	1.19908094406
2	0	0.986142873764
2	0	1.02604484558
2	1	2.78520178795
2	0	1.82556986809
2	0	2.09239602089
2	0	2.17218208313
2	1	0.44002199173
2	1	0.533313035965
2	0	0.493272781372
2	1	0.360066890717
2	1	0.506613016129
2	1	0.67982006073
2	0	0.599456787109
2	0	0.919554948807
2	0	2.26567101479
2	1	0.573347806931
2	0	0.773276805878
2	1	0.46665596962
2	0	0.70623087883
2	0	0.586158037186
2	1	0.493358135223
2	1	0.639741897583
2	1	1.34626793861
2	0	0.253359079361
2	0	0.999573945999
7	0	0.519578933716
8	1	0.372731924057
7	0	0.213311910629
8	1	0.29300403595
7	0	0.386151075363
8	1	0.466197967529
8	1	0.53297996521
8	0	0.853138923645
7	0	0.386588096619
8	1	0.332844018936
8	0	0.452778100967
8	1	0.572781085968
8	1	0.892760038376
8	0	2.54568791389
7	1	0.87958407402
8	1	2.35877394676
7	1	1.21286702156
7	1	1.57295298576
8	0	1.82573604584
8	0	1.8522670269
8	0	3.02507996559
7	0	3.47811102867
8	0	0.799507856369
7	1	0.30620598793
8	0	0.359654188156
8	1	0.613344907761
8	0	0.333430051804
7	0	0.32009601593
7	0	0.479747056961
8	0	0.386386871338
8	1	0.74617099762
8	1	4.10465407372
7	0	1.93218493462
8	0	2.45238900185
7	0	0.373319864273
7	1	0.573218822479
8	1	1.07945084572
8	0	1.5195479393
7	1	1.49278783798
7	1	0.466596126556
8	0	0.746788978577
7	1	0.333548069
7	0	1.26615619659
7	0	0.346608877182
8	1	0.346130132675
7	0	0.559469938278
8	0	0.679517030716
8	0	0.253196001053
7	0	0.532800197601
7	1	4.18435883522
7	1	0.666165113449
7	1	0.732763051987
8	0	0.95954990387
8	0	0.506725072861
8	0	1.25277805328
7	1	0.786530017853
8	1	0.719537973404
7	1	0.492743015289
8	1	0.93286895752
7	1	0.892972946167
7	0	4.53073501587
8	0	1.05280303955
8	1	2.46571493149
8	1	1.45286202431
7	1	1.47950315475
8	0	1.55947113037
8	1	2.07904911041
8	0	1.33237290382
8	1	0.506306171417
7	0	0.826236963272
7	0	0.386123895645
8	1	0.292839050293
7	1	0.493227005005
7	1	0.292963027954
7	1	0.572902917862
8	1	0.333218097687
7	0	0.559576034546
8	0	0.279917001724
8	1	1.30564594269
8	0	0.479639053345
7	0	0.479619026184
7	0	0.519585132599
7	1	0.639580011368
7	0	1.11952114105
7	0	1.26618790627
7	1	0.746651887894
7	1	0.732858181
8	0	0.81285405159
8	0	0.399449825287
8	0	0.252760887146
7	1	0.306583881378
8	0	0.346791028976
7	0	0.466639041901
7	1	0.306609869003
7	1	0.879863023758
8	1	0.74612903595
7	0	0.879487037659
7	1	0.373409986496
8	0	1.09247517586
7	0	0.906173944473
8	0	0.78610086441
7	1	0.252782821655
7	1	0.412949085236
8	0	0.320053100586
7	1	0.333396911621
8	1	0.520016908646
7	1	0.546658039093
8	0	0.892881155014
8	1	0.946233987808
8	1	0.613322019577
8	0	1.90558791161
7	0	0.359614849091
8	1	0.626724004745
7	1	0.266633033752
8	0	0.306761026382
7	0	0.292956113815
1	0	0.719501972198
1	1	1.31920695305
1	1	0.639498949051
1	1	0.599568843842
1	1	0.680001974106
1	1	0.759647846222
1	1	1.06605911255
1	1	0.573288917542
1	1	0.546761035919
1	1	0.50666809082
1	1	0.546638011932
1	1	0.639883995056
1	1	0.812765836716
1	0	0.919443130493
1	0	0.639901161194
1	1	0.479964017868
1	1	0.666383981705
1	0	0.586143016815
1	1	0.506185054779
1	1	0.786128044128
1	1	0.90619301796
1	0	0.746098995209
1	0	0.359966993332
1	1	0.706170082092
1	1	0.746160984039
1	1	0.692923069
1	1	0.826640844345
1	1	0.652863025665
1	0	0.719548940659
1	1	0.852791070938
1	1	0.679993867874
1	1	0.772832870483
1	1	0.892822027206
1	0	2.47895312309
1	1	0.759902000427
1	1	0.693073034286
1	1	0.932968854904
1	0	4.05116677284
1	1	1.21289420128
1	1	0.720016956329
1	1	0.746220111847
1	1	0.692927837372
1	1	0.692825078964
1	1	0.733381986618
1	1	0.906136989594
1	1	0.666084051132
1	1	0.772858142853
1	1	0.546583890915
1	0	0.599990844727
1	1	0.652966976166
1	1	0.586050033569
1	1	0.586266994476
1	1	0.599477052689
1	0	0.532894134521
1	1	0.572762012482
1	1	0.652878046036
1	1	0.653379917145
1	0	0.546841144562
1	1	0.719558954239
1	1	0.679510831833
1	1	1.98562312126
1	1	0.573357820511
1	1	0.613319158554
1	1	0.586381912231
1	1	0.639553070068
1	1	0.599496126175
1	0	0.719532966614
1	0	0.639813899994
1	1	2.09231185913
1	1	0.999516963959
1	1	0.826093912125
1	1	0.959509849548
1	1	0.680037975311
1	1	0.653297901154
1	1	0.799403905869
1	1	0.612826108932
1	0	1.62733078003
1	1	0.599609851837
1	1	0.759920835495
1	0	1.29278898239
1	1	2.2123529911
1	1	0.879556894302
1	1	1.06629896164
1	1	0.692961931229
1	1	0.759878158569
1	1	0.826090097427
1	1	0.652845144272
1	1	1.10614395142
1	1	0.652937173843
1	1	0.599520921707
1	1	0.626290082932
1	1	0.572844028473
1	0	0.492969989777
1	1	0.69287109375
1	1	0.573399066925
1	1	0.520005941391
1	1	0.520083904266
1	1	0.626634836197
1	0	1.15950703621
1	1	0.733047008514
1	1	0.586713075638
1	1	0.533257961273
1	1	0.613116025925
1	1	0.586110115051
1	1	0.572817087173
1	1	0.532824993134
1	1	0.719571113586
1	1	0.759536981583
1	1	0.573414802551
1	1	0.573400020599
1	1	0.586562156677
1	1	0.892752885818
1	1	0.546063184738
1	1	0.532867908478
1	1	0.492810964584
1	0	0.532886981964
1	1	0.559746980667
1	1	0.626660108566
1	1	0.493310928345
1	1	1.11937594414
1	1	0.826164007187
1	0	0.720002174377
1	1	0.666244029999
1	0	0.626142978668
1	1	0.732764005661
1	0	0.679571151733
1	1	0.600035905838
1	1	0.932980060577
1	0	0.652904987335
1	0	0.86620092392
1	1	0.693274021149
8	1	2.67852306366
7	1	0.866334915161
7	1	0.746178865433
7	1	0.559497117996
8	1	0.479462862015
8	0	0.559392929077
7	1	0.799566030502
7	1	0.559787988663
7	0	0.706642150879
7	1	0.83953499794
8	0	0.812960863113
8	1	0.826375961304
8	1	1.33285593987
7	0	1.49295806885
8	0	1.83939695358
7	1	0.866250991821
7	1	0.946121931076
8	1	0.839491128922
7	1	1.01279091835
8	0	0.813174009323
8	1	0.82618188858
7	1	0.679430961609
7	1	0.759864091873
8	0	0.93282699585
7	0	0.599546909332
7	1	0.612739086151
8	1	0.812908887863
7	1	0.73299908638
7	1	0.759475946426
7	0	0.772968053818
8	1	0.6400411129
7	1	0.812998056412
8	1	0.679425001144
7	1	0.759339094162
8	1	1.0393140316
7	1	0.612858057022
8	0	0.746242046356
7	0	0.853003978729
8	0	0.573382139206
8	0	0.653099060059
8	1	0.559497117996
7	1	0.706191062927
7	1	0.559511184692
8	1	0.786139011383
7	1	0.679990053177
7	1	0.653175115585
8	1	0.533033847809
8	1	0.586407899857
7	1	0.532804965973
8	1	0.692860126495
8	1	0.546203136444
8	0	0.546140193939
7	1	0.532881975174
7	1	0.586354970932
7	1	0.560045957565
8	1	0.479932069778
8	1	0.506639003754
8	1	0.493217945099
7	1	0.506624937057
8	1	0.586739063263
8	1	0.439997911453
7	1	0.533371925354
8	1	0.520021915436
8	1	0.466656923294
8	1	0.453352212906
7	1	0.640015125275
8	1	0.679567098618
7	1	0.546082019806
8	1	0.506143093109
8	1	0.652851104736
7	0	0.399585962296
7	1	0.466105937958
8	1	0.586241006851
8	1	0.506238937378
8	1	0.492787837982
7	1	0.492784023285
8	1	0.506245851517
7	1	0.439528942108
7	1	0.572715044022
7	1	0.586102962494
7	1	0.41285610199
8	1	0.532907009125
7	1	0.452832937241
7	1	0.652929067612
8	1	0.493043899536
8	1	0.759749174118
7	1	0.453298091888
7	1	0.466619968414
7	1	0.480026006699
7	0	0.360018014908
8	1	0.466669082642
7	1	0.693133831024
8	1	0.546646118164
8	1	0.480015039444
7	1	0.680092096329
8	1	0.546425104141
7	1	0.546115875244
7	1	0.453027963638
7	0	0.453154087067
7	1	0.453316926956
7	1	0.520010948181
8	1	0.533069849014
8	1	0.679472923279
7	0	0.559463024139
7	1	0.599474191666
8	1	0.492830991745
8	1	0.546128034592
8	1	0.559494972229
8	1	0.492887973785
7	1	0.612943887711
8	1	0.573260068893
7	1	0.493270158768
7	1	0.493285894394
8	1	0.586550951004
8	0	0.320020914078
8	1	0.640079021454
7	0	0.573454856873
7	0	0.439903020859
8	1	0.626778841019
7	1	0.626332998276
7	1	0.612737894058
8	1	0.532727003098
8	0	1.19953107834
7	0	0.306676149368
7	1	0.799762010574
8	1	0.679435968399
7	1	0.652894020081
7	1	0.612855911255
8	1	0.773064136505
7	0	0.706550836563
7	1	0.67942905426
8	1	0.692830085754
7	1	0.692822933197
8	1	0.680013895035
7	1	0.559993982315
7	1	0.732954978943
7	1	0.62621307373
8	1	0.585978031158
7	1	0.532804965973
3	1	0.799501895905
3	1	0.520056009293
3	0	0.733300924301
3	1	0.439952135086
3	1	0.479995965958
3	1	0.320050001144
3	0	0.626570940018
3	0	0.43997502327
3	0	0.466686010361
3	1	1.01282310486
3	1	0.719492912292
3	0	0.959510087967
3	1	0.746252059937
3	1	0.373153209686
3	0	0.333345890045
3	0	0.306745052338
3	0	0.946031808853
3	0	4.49093794823
3	1	1.01286816597
3	0	0.640051841736
3	1	0.493340015411
3	0	0.666642904282
3	1	0.559727907181
3	0	0.972738981247
3	1	0.532931089401
3	1	0.466449975967
3	1	0.479668855667
3	1	0.386369228363
3	1	0.413334131241
3	1	0.293372154236
3	0	0.319931030273
3	1	0.333181858063
3	1	0.34614109993
3	1	0.519500017166
3	0	0.372745037079
3	1	0.293247938156
3	1	0.30655503273
3	0	0.440002918243
3	1	0.440020084381
3	1	0.30659198761
3	0	0.252659082413
3	1	0.279833078384
3	1	0.519737005234
3	1	0.320019006729
3	1	0.333296060562
3	0	0.306211948395
3	0	0.213344812393
3	0	0.532900094986
3	0	0.33302283287
3	0	0.239516019821
3	0	0.253315925598
3	0	0.479994058609
3	0	0.280086040497
3	1	0.266723871231
3	1	0.266120910645
3	0	0.213230848312
3	0	0.732687950134
3	1	1.01273202896
3	1	1.34611392021
3	0	0.799757003784
3	1	1.93231105804
3	1	3.61123514175
3	1	1.73232698441
3	1	2.53215408325
3	1	2.06559300423
3	1	0.999446153641
3	1	0.786342144012
3	1	0.719496965408
3	1	0.639524936676
3	0	0.959597826004
3	1	0.919606924057
3	1	1.06610107422
3	1	1.18619394302
3	1	0.919841051102
3	1	0.639443159103
3	1	0.612713813782
3	1	0.572818994522
3	1	0.58616900444
3	1	0.519482135773
3	1	0.519465923309
3	1	0.67960691452
3	1	0.932920217514
3	1	2.21234703064
3	1	0.586629867554
3	1	0.426573991776
3	1	0.573213100433
3	1	2.5852599144
3	1	0.919466972351
3	1	0.799474000931
3	1	1.39952301979
3	1	0.600044965744
3	1	0.573330879211
3	1	0.772732973099
3	1	1.06618714333
3	0	0.826426029205
3	0	0.879473924637
3	1	0.386240959167
3	1	0.746156930923
3	1	0.733232021332
3	1	0.986166954041
3	1	0.612897872925
3	1	0.599470853806
3	1	0.546445846558
3	1	0.733350992203
3	1	0.600049972534
3	1	0.652839183807
3	0	0.692761898041
3	1	0.49279499054
3	1	0.586133956909
3	1	0.652810096741
3	1	0.613257884979
3	1	0.600062847137
3	1	0.772873163223
3	1	0.572859048843
3	1	0.692743062973
3	1	1.46554112434
3	1	4.39751505852
3	1	0.972779035568
3	1	0.866232872009
3	0	0.759593963623
3	1	0.866106987
3	1	1.61290812492
3	1	0.8528008461
3	1	0.772819042206
3	0	0.839527845383
3	1	0.852730989456
3	1	0.866097927094
3	1	0.613206863403
10	1	0.715061903
10	1	0.601010084152
10	1	0.916971921921
10	1	0.665498971939
10	1	0.557035923004
10	1	0.970263004303
10	1	0.545698881149
10	1	1.29835605621
10	1	0.693536996841
10	1	0.985495090485
10	1	0.986707925797
10	0	0.859307050705
10	1	0.881612062454
10	1	0.73926615715
10	0	1.18664193153
10	1	1.10953402519
10	1	1.13848805428
10	1	0.90593290329
10	1	0.737659931183
10	1	0.651298999786
10	1	0.929435968399
10	1	0.724900960922
10	1	0.649852991104
10	1	0.867664813995
10	1	1.05278706551
10	1	0.769510030746
10	1	0.5795981884
10	1	0.513787984848
10	1	0.61910700798
10	1	0.73344707489
10	0	1.07533097267
10	1	0.593152999878
10	1	0.627278089523
10	1	0.580903053284
10	1	0.947819948196
10	1	0.817967891693
10	1	0.555089950562
10	1	1.52903485298
10	1	0.802970170975
10	1	0.741608858109
10	1	0.714634895325
10	1	0.810436010361
10	1	0.722095966339
10	1	0.77115893364
10	1	1.11580204964
10	1	0.531106948853
10	1	0.739293813705
10	1	2.38618397713
10	1	0.634739160538
10	1	0.626460075378
10	1	1.35439109802
10	1	0.611267805099
10	1	0.597029924393
10	1	0.74026799202
10	1	1.19304180145
10	1	0.842303991318
10	1	0.762380123138
10	1	0.706203937531
10	1	0.917430877686
10	1	0.793971776962
10	1	0.706861019135
10	0	0.739781141281
10	0	0.796398878098
10	1	0.60818195343
10	1	0.837378025055
10	0	0.633489847183
10	0	0.514237165451
10	1	1.12478899956
10	0	1.95537805557
10	0	0.6420109272
10	1	0.763204813004
10	1	2.38746094704
10	1	0.890461921692
10	1	0.922466039658
10	1	1.10127401352
10	1	0.585264921188
10	1	0.506654024124
10	1	0.676305055618
10	0	0.691328048706
10	1	1.01023602486
10	0	0.953280210495
10	0	0.66833615303
10	1	0.769728899002
10	1	1.3221719265
10	0	1.45183682442
10	0	0.792945146561
10	0	1.0705370903
10	1	2.08002996445
10	1	3.31546616554
10	1	0.96418094635
10	0	1.4042301178
10	1	1.29708409309
10	1	2.87431097031
10	1	2.18177819252
10	1	0.984055995941
10	1	1.25836992264
10	1	0.678690195084
10	1	0.770612955093
10	1	0.841957092285
10	1	1.00371003151
10	1	0.617216825485
10	1	0.58091211319
10	1	0.994390964508
10	1	0.666969776154
10	1	0.658004999161
10	1	0.549908876419
10	0	1.25699210167
10	1	0.619846820831
10	0	0.731961011887
10	0	0.761383771896
10	1	1.35466504097
10	1	1.17168903351
10	1	1.10751581192
10	1	0.692279100418
10	1	0.825953006744
10	1	1.20357489586
10	0	1.15426015854
10	1	0.549659013748
10	1	0.624038934708
10	1	0.731943130493
10	1	0.604182958603
10	1	0.971695899963
10	1	0.97868013382
15	1	1.32320809364
16	1	0.626250982285
15	1	0.699378967285
15	1	1.1966650486
15	1	1.38951301575
15	1	0.646916151047
15	0	1.98707890511
16	1	0.73811006546
15	1	1.65104699135
16	1	0.724447965622
16	1	0.658780097961
15	1	0.665875911713
15	1	0.45311498642
15	1	0.673548936844
16	1	0.522161006927
16	0	0.477772951126
16	1	0.848771095276
16	1	1.21123480797
16	1	1.03602600098
15	0	0.643864870071
15	1	3.92093205452
15	1	1.21959805489
15	1	1.26711297035
16	1	0.690649032593
15	1	3.26850795746
15	1	0.817464828491
16	1	1.93900299072
15	1	0.667432069778
16	1	0.562484025955
16	1	0.864575147629
16	1	0.611576795578
16	1	0.477749824524
16	1	0.546277046204
16	1	0.803982973099
16	1	0.968980073929
15	0	0.805035114288
16	1	0.79376411438
15	1	0.673973083496
16	1	0.563042879105
16	1	0.67439198494
15	1	0.874456882477
16	1	0.740292787552
15	1	0.729902029037
15	1	0.931688785553
16	1	0.898252010345
16	0	1.15547800064
16	1	0.650766849518
16	0	0.650815010071
16	0	1.09162998199
16	1	0.992928028107
15	0	0.972556829453
16	1	0.86739897728
15	1	0.612618923187
15	1	0.595682859421
15	0	0.833315849304
16	0	4.32400894165
15	1	2.52932906151
15	1	1.00520396233
16	0	1.32138800621
16	1	0.858647823334
16	1	4.73120498657
15	1	1.67590808868
15	0	1.5631878376
16	1	0.917688131332
15	1	1.25972604752
16	1	0.727771997452
15	1	0.659767866135
16	0	1.72479605675
16	1	1.04190897942
15	1	0.78683590889
16	1	0.54788684845
15	1	0.896431922913
16	1	0.563586950302
15	1	1.17951583862
15	1	0.528367042542
16	1	0.635785102844
15	1	0.804635047913
16	1	0.544544935226
16	1	0.804144859314
15	0	1.14593911171
16	1	0.707927942276
15	0	1.02649903297
15	1	0.595705032349
16	1	0.540061950684
15	1	0.571707010269
15	0	0.770457029343
15	0	1.11416292191
15	0	1.34612202644
16	1	0.804787874222
16	1	2.84463787079
16	1	0.873554944992
16	1	0.803292989731
16	0	1.04500794411
16	0	1.9226269722
15	1	0.938434123993
16	1	1.54988884926
16	0	1.3924369812
15	1	1.12313890457
16	1	0.740099906921
15	1	2.27341890335
15	1	2.5070309639
16	0	2.0433318615
15	0	1.2700779438
16	1	1.305809021
15	0	2.32138490677
16	0	2.61137294769
15	0	1.84360599518
16	0	1.93948101997
15	1	3.39453983307
16	1	1.37261795998
15	1	1.52240777016
11	1	0.674633026123
11	1	0.795883893967
11	0	1.07323002815
11	1	0.61279296875
11	1	0.667120933533
11	0	1.30723714828
11	1	0.772483110428
11	0	0.935932159424
11	0	1.42048287392
11	1	2.7884888649
11	1	2.37805008888
11	1	1.06910300255
11	1	1.31573414803
11	1	0.722404003143
11	1	2.45181012154
11	0	0.923053979874
11	1	0.778197050095
11	1	0.626448154449
11	1	0.620805978775
11	0	1.69948506355
11	1	0.922641992569
11	1	0.618995904922
11	1	0.745945930481
11	1	0.690917015076
11	1	0.610124111176
11	1	0.523416042328
11	1	0.513267040253
11	1	0.412852048874
11	1	1.6265809536
11	1	0.517244100571
11	1	0.818476200104
11	1	0.874656200409
11	0	0.779055118561
11	1	0.610059976578
11	1	0.538881063461
11	1	0.401748895645
11	1	0.54799413681
11	1	0.856778860092
11	1	0.412040948868
11	1	0.594489812851
11	1	0.475991010666
11	1	0.609959840775
11	1	0.434803009033
11	1	0.483196973801
11	1	0.481644153595
11	1	0.693248987198
11	0	0.465092897415
11	1	0.443619966507
11	1	0.579407930374
11	1	1.12216496468
11	1	2.22024393082
11	1	0.57039308548
11	1	0.703959941864
11	1	0.532494068146
11	1	0.546404838562
11	1	0.459530115128
11	1	0.536153078079
11	0	1.22882795334
11	1	0.491801023483
11	1	0.512634038925
11	1	0.412734031677
11	1	0.532029151917
11	1	0.529591083527
11	1	0.571644067764
11	0	0.657409906387
11	1	0.530738115311
11	1	0.547983169556
11	1	0.570927143097
11	1	0.482221126556
11	1	0.561475992203
11	1	0.381464004517
11	1	0.593878984451
11	1	0.476423025131
11	1	0.49073600769
11	1	0.59459900856
11	1	0.442185163498
11	1	0.516762018204
11	1	0.482004165649
11	1	0.460994005203
11	1	0.643187046051
11	1	0.595764160156
11	0	0.849347829819
11	1	0.466424942017
11	0	0.42692399025
11	1	6.59394001961
11	1	0.95511007309
11	1	1.18078804016
11	1	0.618074893951
11	1	0.821273088455
11	1	0.691668987274
11	1	0.577755212784
11	0	0.770524978638
11	1	0.6614818573
11	1	0.585568904877
11	1	0.618533849716
11	1	0.796676874161
11	1	0.592767000198
11	1	0.522957086563
11	1	0.490571022034
11	1	0.891535043716
11	1	0.533221006393
11	1	1.61740088463
11	1	0.70543885231
11	1	0.634346008301
11	1	0.763427019119
11	1	0.62007188797
11	1	0.985616922379
11	1	0.557685136795
11	1	0.595628023148
11	1	0.544579982758
11	0	1.03633284569
11	1	0.618307828903
11	1	0.466922044754
11	1	0.762840986252
11	1	0.533043146133
11	1	0.612272977829
11	1	0.624866008759
11	1	0.555703878403
11	1	0.881792068481
11	1	0.531672000885
11	1	0.475671052933
11	1	0.785526990891
11	1	0.524868011475
11	1	0.706202983856
11	1	0.432855844498
11	1	0.493431091309
11	1	0.594158887863
11	1	0.493674039841
11	1	0.511564016342
11	1	0.588005065918
11	1	0.498169898987
11	1	0.498918056488
13	1	0.762201786041
13	1	0.729997158051
14	1	0.579411029816
14	1	0.452251911163
14	1	0.513075113297
13	1	0.630028009415
14	1	0.544270992279
14	1	0.611994028091
13	1	0.579159021378
14	1	0.515609025955
13	0	0.770984888077
13	1	0.425037145615
14	1	0.56547999382
13	0	0.787070989609
13	1	1.14535784721
13	1	0.667141914368
14	1	0.675681829453
13	0	2.64235806465
14	1	0.596053123474
13	0	0.899283885956
14	1	0.777627944946
13	1	0.817394018173
13	1	0.613431930542
13	1	0.873760938644
14	1	1.36282396317
13	1	1.01100516319
13	1	0.788528203964
13	1	0.604092121124
13	0	0.591902971268
14	1	0.597327947617
14	1	0.449739933014
13	1	0.428159952164
13	1	0.562742948532
13	1	0.860410928726
14	1	0.513988018036
14	1	0.49738407135
14	1	0.611319065094
14	1	0.452490091324
14	1	0.538683891296
13	1	0.819125890732
14	1	0.474342107773
13	1	0.691959857941
14	1	1.33815383911
13	0	0.994616031647
13	1	0.954587936401
14	1	0.539515972137
13	1	0.588291168213
14	1	0.512445211411
14	1	0.669322013855
13	1	0.554214000702
13	1	0.506398200989
14	1	0.605031967163
14	1	0.620609998703
14	1	0.815430879593
13	1	0.558353185654
14	1	0.570911884308
14	1	0.538248062134
13	1	0.481603860855
13	1	0.603975057602
14	1	1.377794981
14	0	0.418585062027
13	1	0.589467048645
14	1	0.569442033768
14	1	0.685909986496
13	1	0.406757831573
13	1	0.682142972946
14	1	0.660385131836
13	1	0.698178052902
14	1	0.732357025146
13	1	0.68998503685
14	1	0.482679128647
13	1	1.06773495674
14	1	0.497963905334
14	1	0.466507911682
14	1	0.594171047211
14	1	1.03719496727
13	1	0.625347852707
14	1	0.459939956665
13	1	0.561331987381
13	1	0.620181083679
14	1	0.491905927658
13	0	1.88085389137
13	1	1.01420307159
14	1	0.514761924744
13	1	0.553461074829
14	1	0.7385160923
14	1	0.451740980148
13	1	0.355543136597
14	1	0.578242063522
13	1	0.525987148285
13	1	0.609241962433
13	1	0.627778053284
14	1	0.545139074326
14	1	0.843405008316
13	1	0.642660140991
14	1	0.443485975266
13	1	0.635315895081
13	1	1.57850790024
13	1	0.570970058441
14	1	0.603031873703
14	1	0.890472888947
13	1	0.654161930084
13	1	0.473432064056
13	1	0.597491025925
13	1	0.641815900803
13	0	0.444284200668
14	1	0.746320009232
14	1	0.690819978714
13	1	0.788643121719
13	1	0.554105043411
14	0	0.85930109024
13	1	0.554291009903
14	1	0.500081062317
14	1	0.532804012299
13	1	0.55309009552
14	1	0.474563121796
14	0	0.56459903717
14	1	0.755389928818
14	1	0.804060935974
14	1	0.633423089981
13	1	0.4354429245
14	1	0.467730998993
14	1	0.37692117691
13	1	0.525391101837
13	1	0.538115024567
14	1	0.500887870789
14	1	0.416820049286
14	1	0.668387174606
13	1	0.507325172424
13	1	0.536639213562
14	1	0.347831010818
13	1	0.467506885529
13	0	0.394950151443
13	1	0.531256914139
14	1	0.595030069351
13	1	0.736462831497
13	1	0.561796188354
13	1	0.498908996582
9	1	0.63489985466
9	1	0.4847240448
9	1	0.443107128143
9	1	0.618748903275
9	1	0.707745075226
9	1	0.595175981522
9	1	0.483498811722
9	1	0.637636899948
9	1	0.570738077164
9	0	0.388047933578
9	1	0.61741399765
9	1	0.515781164169
9	0	0.514385938644
9	1	0.579665184021
9	0	3.340102911
9	1	0.737967014313
9	1	1.78626203537
9	1	0.706546068192
9	1	0.603955984116
9	1	0.633493185043
9	1	0.612977981567
9	1	0.675575017929
9	1	0.556790113449
9	1	0.481974840164
9	1	0.627827167511
9	1	0.533329963684
9	1	0.478935956955
9	1	0.555790901184
9	1	0.547393798828
9	1	0.89827299118
9	1	0.713736772537
9	1	0.490571975708
9	1	0.611444950104
9	1	0.547183990479
9	1	0.53857588768
9	1	0.475189208984
9	1	0.586429834366
9	1	0.492779016495
9	1	0.560494184494
9	1	0.644414186478
9	1	0.500429868698
9	1	0.451052904129
9	1	0.49937415123
9	1	0.651752233505
9	1	0.642735958099
9	1	0.489813804626
9	1	0.506197929382
9	0	1.29882001877
9	1	1.22931599617
9	1	3.72400188446
9	1	2.65786385536
9	1	0.892619848251
9	1	1.01267004013
9	1	1.06506586075
9	1	0.740941047668
9	0	0.906527042389
9	1	0.785019874573
9	1	1.03458404541
9	1	0.652935028076
9	1	0.761969804764
9	1	0.667237043381
9	1	0.636728048325
9	1	1.45825099945
9	1	0.610951900482
9	1	0.769706964493
9	1	0.724207162857
9	0	0.823883056641
9	1	0.774403095245
9	1	0.911985874176
9	1	0.773506164551
9	1	0.503839015961
9	1	0.604243993759
9	1	0.586532115936
9	1	0.577350854874
9	1	0.678026199341
9	1	0.57639503479
9	1	0.627220869064
9	1	0.66016292572
9	1	0.690051078796
9	1	0.579307079315
9	1	1.19942784309
9	1	1.14479899406
9	1	1.11366295815
9	1	0.629036903381
9	1	0.497341871262
9	1	0.658933162689
9	1	0.475456237793
9	1	0.521766901016
9	1	0.581633090973
9	1	0.505870103836
9	1	1.0097219944
9	1	0.483071804047
9	1	0.532492876053
9	1	0.73971581459
9	1	0.425374984741
9	1	0.47462105751
9	1	0.509567022324
9	1	0.601793050766
9	1	0.593792915344
9	1	0.540205001831
9	1	0.680325984955
9	1	0.771883964539
9	1	1.2419052124
9	1	0.621926784515
9	1	0.641284942627
9	1	0.611748933792
9	1	0.587451934814
9	1	0.627394914627
9	1	0.739294052124
9	1	0.651652097702
9	1	0.48480796814
9	0	0.576359987259
9	1	0.802138090134
9	1	0.660704135895
9	1	0.691099882126
9	1	0.506865978241
9	1	0.498164176941
9	1	0.491965055466
9	1	0.498794078827
9	1	0.761482000351
9	1	0.49280500412
9	1	0.635987997055
9	1	0.505026102066
9	1	0.538564920425
9	1	0.765240907669
9	0	1.12333202362
9	0	0.8086810112
9	1	3.20285010338
9	0	2.84505009651
9	1	1.12110495567
9	1	0.982409954071
12	1	1.5224378109
12	0	0.986206054688
12	1	0.802049875259
12	1	0.644026994705
12	1	0.620764970779
12	0	0.681040048599
12	1	0.723122835159
12	0	0.773290157318
12	1	0.984231948853
12	1	1.23757791519
12	1	0.929673910141
12	1	0.562242031097
12	1	0.720515966415
12	1	0.717627048492
12	1	1.34579896927
12	1	0.827729940414
12	1	0.609503030777
12	1	0.715860128403
12	1	0.810544013977
12	1	1.73172497749
12	1	0.930063009262
12	1	0.827673912048
12	1	0.715437173843
12	0	1.25009083748
12	1	1.17206978798
12	1	0.986602067947
12	1	0.537264108658
12	1	0.685032844543
12	1	0.683273077011
12	1	0.931713819504
12	1	0.652004003525
12	1	0.979196071625
12	0	0.658396959305
12	1	0.484121084213
12	1	0.610311985016
12	1	0.578500986099
12	1	0.585873126984
12	1	0.578190088272
12	1	0.532231092453
12	1	0.611696958542
12	1	0.523936986923
12	1	0.576236963272
12	0	0.796051979065
12	1	0.417402029037
12	1	0.653704881668
12	1	0.576128005981
12	1	0.625624895096
12	0	0.468013048172
12	0	0.729891061783
12	1	0.354391098022
12	1	0.563097000122
12	0	0.827335834503
12	0	0.356002092361
12	1	3.57886099815
12	1	0.554594993591
12	1	0.573449134827
12	0	0.633625030518
12	1	0.636240959167
12	0	0.826639890671
12	1	1.41757798195
12	1	2.96595096588
12	0	1.28229117393
12	1	0.793693780899
12	1	3.65806293488
12	1	0.827845811844
12	1	3.19390392303
12	1	2.02015399933
12	1	1.01107597351
12	1	0.764268159866
12	1	4.03373599052
12	1	1.24361014366
12	1	2.38796019554
12	1	3.12369012833
12	1	1.1057240963
12	1	2.30871510506
12	1	1.42379498482
12	1	1.73283314705
12	1	0.858837127686
12	1	0.707525968552
12	1	0.596430063248
12	1	1.11346197128
12	1	0.498342990875
12	1	0.811834096909
12	1	0.610695123672
12	1	0.522556066513
12	1	0.459839105606
12	1	0.769873857498
12	1	0.724440097809
12	1	0.555811166763
12	1	0.81868314743
12	0	0.922981977463
12	1	1.29852700233
12	1	1.35562896729
12	1	0.634279966354
12	1	0.58850312233
12	1	0.784232139587
12	1	0.604357004166
12	1	0.852571964264
12	1	0.666766881943
12	1	2.26754689217
12	0	0.777827978134
12	1	1.85838890076
12	1	1.19833493233
12	0	1.75360918045
12	0	1.13908100128
12	1	0.722559928894
12	1	0.706215143204
12	1	0.597962856293
12	1	0.602247953415
12	1	0.731424093246
12	1	0.634369134903
12	0	0.754294157028
12	1	2.17242407799
12	0	0.913365125656
12	1	3.11455702782
12	1	2.65888500214
12	0	0.971022129059
15	1	0.818680047989
16	1	0.579658031464
15	1	0.66574716568
15	1	0.805657863617
15	1	0.600871086121
16	1	0.564114093781
16	1	0.569586038589
16	1	0.725276947021
16	0	0.754086017609
16	0	1.49873590469
16	1	0.946518182755
15	0	1.45120596886
16	0	1.11484313011
16	1	1.98231601715
16	1	4.80354404449
15	1	3.23525500298
15	0	3.20357084274
16	1	0.795984983444
16	1	0.761770963669
15	1	1.5944750309
15	0	1.73065900803
15	1	0.755941867828
16	1	0.835870981216
15	1	1.89898681641
15	1	0.907371044159
16	1	0.658254146576
15	1	0.945790052414
15	1	1.29148006439
16	1	0.698193073273
15	1	1.59734296799
16	1	0.968708992004
15	1	1.08214092255
15	1	1.02111816406
16	1	1.37091398239
16	0	0.890824079514
15	1	3.79564595222
16	1	1.52379584312
15	1	0.802496910095
15	1	0.906219959259
16	1	1.57003688812
15	1	3.83599114418
15	1	1.2586350441
15	1	1.17945289612
15	1	0.890206098557
16	1	0.733881950378
15	1	1.25686693192
16	1	0.971398830414
15	1	1.12404799461
15	1	0.864500045776
15	0	0.980114936829
15	1	0.835957050323
15	1	0.538532018661
16	1	0.649973154068
15	1	0.581594944
15	1	0.490520000458
16	1	0.676729917526
15	0	1.40942978859
16	1	0.545419931412
15	1	0.827743053436
15	1	1.2217900753
15	1	0.715480089188
15	1	0.643450021744
15	0	1.09720396996
16	0	0.939569950104
16	1	0.651553153992
16	1	0.75471997261
15	1	0.708070039749
16	1	0.92310500145
15	0	1.11592006683
16	1	0.723883867264
15	1	1.76794505119
15	1	2.02161312103
15	1	0.961730957031
16	1	1.54512500763
16	1	1.08335208893
16	1	0.605097055435
16	0	0.697750091553
16	1	0.748350858688
15	0	0.859611988068
16	0	0.745688915253
16	1	1.39439797401
16	1	0.701710939407
16	1	0.610321998596
15	1	1.50506687164
15	1	0.674674034119
16	1	0.747582197189
15	1	0.706093072891
16	0	0.444221019745
16	1	0.705867052078
16	0	1.8951280117
16	1	2.32697510719
16	1	0.674636125565
15	1	1.05319595337
15	1	0.994879961014
15	1	1.20301413536
15	1	0.625761985779
16	0	0.949396848679
15	0	0.850133180618
16	0	0.978505134583
16	0	0.982003927231
15	1	0.512791872025
16	1	0.685807943344
15	1	0.625170230865
15	1	0.581453084946
16	1	1.38569092751
15	1	0.864728927612
15	0	0.676077842712
15	1	0.875762939453
16	1	0.832127094269
16	1	1.80414700508
15	1	1.62534594536
15	1	0.677079916
16	0	0.738085031509
16	0	1.21200084686
13	0	1.00155377388
14	1	1.61261701584
13	1	0.610178947449
14	1	0.724111795425
13	1	0.481408119202
13	0	1.53186392784
13	1	1.34598588943
14	1	0.976415872574
13	1	0.758074045181
14	1	0.450313806534
13	1	0.648485898972
13	1	0.898670911789
13	0	0.522330999374
13	1	3.97189903259
13	1	0.722137928009
13	1	0.70613694191
13	1	0.508074045181
13	1	0.618942975998
14	1	0.458637952805
13	1	0.579080104828
13	1	0.610840082169
13	1	0.517572164536
13	1	0.658581972122
14	1	0.673784017563
14	1	0.474092960358
14	1	0.581871032715
13	1	0.929690122604
13	0	0.449620008469
14	1	0.371865034103
14	1	0.484325885773
13	0	0.410512924194
13	0	0.960156917572
13	1	0.652256011963
14	0	0.620445966721
13	0	1.66665196419
14	0	1.49835395813
13	1	5.77770400047
14	1	2.32502007484
14	1	2.612210989
14	1	1.60039710999
13	0	1.04573011398
14	1	1.60895204544
14	1	1.94727015495
13	1	0.804744005203
13	1	0.973237037659
13	1	0.985633134842
14	1	0.92159986496
13	1	1.31485795975
13	1	0.788516044617
14	0	3.4017059803
14	1	0.769399881363
13	1	0.778635025024
14	1	0.491422891617
14	1	0.48113489151
14	1	0.740391016006
13	1	0.787082910538
14	1	2.12995195389
13	1	0.68202495575
14	1	0.612706899643
14	1	0.890902042389
13	1	1.12193989754
13	1	0.587080001831
13	1	0.54763007164
14	1	0.41081404686
13	1	0.43655705452
13	1	0.49232006073
13	1	0.377865791321
13	1	0.43529510498
14	1	0.530907869339
14	1	0.595297813416
13	1	0.610832929611
14	1	0.539022922516
13	1	0.369472026825
13	1	0.539312124252
14	1	0.548707962036
13	1	0.523164987564
14	0	0.506593942642
13	1	0.964797019958
13	1	1.56937384605
14	1	0.971976995468
14	1	2.58622097969
14	1	0.652079105377
14	1	0.604135036469
14	1	0.642255067825
13	1	0.796606063843
14	1	0.498506784439
14	1	0.995091915131
14	1	0.5700340271
14	1	0.539956092834
13	1	0.635355949402
13	0	1.28271818161
13	0	0.834804058075
14	1	0.561273097992
14	1	0.540536165237
14	1	0.555510997772
14	1	0.56480884552
13	1	0.523694992065
13	1	0.538795948029
14	1	0.634789943695
14	1	0.634974002838
14	1	0.738631010056
13	1	0.610572099686
13	1	0.54764509201
14	1	0.700157880783
13	1	2.07541203499
14	1	1.26774001122
13	1	0.657430887222
14	1	0.49978685379
13	1	0.419166088104
14	1	0.516113042831
14	1	0.415559053421
13	1	0.435417890549
14	0	0.417741060257
14	1	0.483948945999
14	1	0.589168071747
13	1	0.554460048676
14	0	1.11514496803
14	0	1.13273906708
13	1	0.816093921661
13	1	0.7971367836
13	0	0.626783847809
13	1	0.643013954163
14	1	0.508343935013
13	0	0.745459079742
14	1	0.76362991333
20	1	1.07962584496
20	1	0.653142929077
20	1	0.50647187233
20	1	0.599875926971
20	1	0.573229074478
20	1	0.46656703949
20	1	0.746366024017
20	1	0.626459121704
20	1	0.693054199219
20	1	0.586428165436
20	1	0.693113088608
20	1	0.466536998749
20	0	0.479876995087
20	1	0.693018913269
20	1	0.56147813797
20	1	0.43981218338
20	1	0.519787073135
20	1	0.506510019302
20	1	0.479862928391
20	1	0.533095121384
20	1	0.466500997543
20	1	0.626477003098
20	1	0.653153896332
20	1	0.479876041412
20	1	0.493170976639
20	1	0.533113002777
20	1	0.613065004349
20	1	0.599814176559
20	1	0.493048191071
20	1	0.453195095062
20	1	0.428381919861
20	1	0.413130044937
20	1	0.546517848969
20	1	0.599761962891
20	1	0.893070936203
20	0	0.4798579216
20	1	0.506421089172
20	1	0.573143959045
20	1	0.599843025208
20	1	0.479787111282
20	1	0.533088922501
20	1	0.506424188614
20	1	0.439884901047
20	1	0.639849901199
20	1	0.426485061646
20	1	0.586495876312
20	1	0.641447067261
20	0	0.559768915176
20	1	0.573092937469
20	1	0.479829788208
20	1	0.906316995621
20	1	0.57527589798
20	1	0.506505012512
20	1	0.508287191391
20	1	0.439912080765
20	1	0.573175907135
20	1	0.559907913208
20	1	0.61306810379
20	1	0.573077917099
20	1	0.466438770294
20	1	0.56146812439
20	1	0.426429033279
20	1	0.479871988297
20	1	1.00127196312
20	1	0.559755802155
20	1	0.546499013901
20	1	0.641466140747
20	1	0.506468057632
20	1	0.506546974182
20	1	0.533112049103
20	1	0.494908094406
20	1	0.494874000549
20	1	0.466444015503
20	1	0.428363800049
20	1	0.879763841629
20	1	0.413187980652
20	1	0.519722938538
20	1	0.42641711235
20	1	0.7730281353
20	1	0.746371030807
20	1	1.07956409454
20	0	1.05295610428
20	1	1.53275895119
20	1	0.493088960648
20	1	0.479837179184
20	1	0.506502866745
20	1	0.426551818848
20	1	0.586426019669
20	1	0.506526947021
20	1	0.573067903519
20	1	0.453192949295
20	1	0.573127985001
20	0	0.613101005554
20	1	0.466568946838
20	1	0.466464996338
20	1	0.426526069641
20	1	0.586460113525
20	1	0.466441869736
20	1	0.493106126785
20	1	0.986377954483
20	1	0.519829034805
20	1	0.519833087921
20	1	0.479875087738
20	1	0.468259096146
20	1	0.439814090729
20	1	0.453195095062
20	1	0.454850196838
20	1	0.453236818314
20	1	0.986387968063
20	1	0.426550149918
20	1	0.455065011978
20	1	0.759772062302
20	1	0.373246908188
20	1	0.399843931198
20	1	0.386599063873
20	1	0.466516971588
20	1	0.3465487957
20	1	0.399878978729
20	1	0.479871988297
20	1	0.506436824799
20	1	0.454850196838
20	1	0.506427049637
20	1	0.413161039352
20	1	0.426463127136
20	1	0.359838008881
20	1	0.453164100647
20	1	0.399871826172
20	1	0.533200979233
20	1	0.399787187576
20	1	0.373267889023
20	1	0.453183889389
20	1	0.479840993881
20	1	0.466565847397
20	1	0.346560955048
20	1	0.4264960289
20	1	0.466503143311
20	1	0.374927997589
20	1	0.586457967758
20	1	0.466547966003
20	1	0.359930038452
20	0	0.348258018494
20	1	0.559882164001
20	1	0.479799032211
20	1	0.413153886795
20	1	0.306564092636
20	1	0.426478862762
23	1	0.666450977325
24	1	0.479743003845
23	1	0.46826505661
23	1	0.399904966354
24	0	0.253296852112
24	1	0.413212776184
24	1	0.413280963898
24	1	0.414883136749
24	1	0.399811029434
23	0	0.453188896179
24	1	0.414933204651
24	1	0.439792871475
23	1	0.772978067398
23	1	0.399824857712
23	1	0.399917125702
24	1	0.373142004013
23	1	0.439862966537
23	1	0.401557922363
23	1	0.439838171005
23	1	0.466534852982
24	1	0.481541156769
23	0	0.546490907669
23	1	0.439808130264
24	1	0.399979829788
24	1	0.373305797577
24	1	0.399854898453
23	1	0.599760055542
24	1	0.386533975601
24	1	0.414901018143
23	1	0.479848861694
24	1	0.426554918289
24	1	0.426470994949
23	1	0.428200006485
24	1	0.38650393486
23	1	0.386542081833
23	1	0.414865970612
24	1	0.453214168549
24	1	0.5063829422
23	1	0.359879970551
24	1	0.401669025421
23	1	0.546466112137
23	1	0.413226127625
23	1	0.47974896431
23	1	0.479876995087
23	1	0.839668989182
23	1	0.814776182175
23	1	0.559789896011
23	1	0.599748849869
24	1	0.546512126923
24	1	0.399942159653
23	1	0.493162155151
24	1	0.37319111824
24	1	0.359863042831
23	1	0.493108987808
24	1	0.479732990265
23	1	0.479841947556
24	1	0.401553869247
23	1	0.533114910126
23	1	0.519825935364
24	1	0.479809999466
23	1	0.39982008934
24	1	0.413152933121
24	1	0.493121147156
24	1	0.439773082733
24	1	0.37327003479
24	1	0.506502151489
24	1	0.57314991951
24	1	0.399888038635
23	1	0.346557855606
24	1	0.466583967209
24	1	0.466606855392
24	1	0.374900102615
23	1	0.439946174622
24	1	0.413241863251
23	1	0.439835786819
23	1	0.453261137009
23	1	0.359889984131
24	1	0.466497898102
23	1	0.346630811691
24	0	0.346610069275
24	1	0.453125
23	1	0.426477909088
24	1	0.479830026627
24	1	0.386509895325
23	1	0.453172922134
24	1	0.453243017197
23	1	0.413228034973
23	1	0.493184089661
24	1	0.666460990906
23	1	0.48157119751
23	1	0.666517972946
24	1	0.479841947556
23	1	0.373337030411
24	1	0.49310708046
24	1	0.493109941483
23	1	0.508276939392
23	1	0.359901189804
23	1	0.69313287735
23	1	0.386570930481
23	1	0.426489114761
24	1	0.388258934021
23	0	0.359848976135
23	1	0.399830818176
24	1	0.426507949829
24	1	0.399873971939
24	1	0.43988609314
23	1	0.479747056961
23	1	0.413242101669
23	1	0.45322394371
24	1	0.45317697525
24	1	0.453152179718
24	1	0.428234100342
24	1	0.359930992126
23	1	0.414931058884
23	1	0.453197956085
23	1	0.373162984848
24	1	0.386507034302
24	1	0.388273000717
23	1	0.519740104675
23	1	0.439836978912
23	1	0.373197078705
23	0	0.466469049454
23	1	0.519784927368
23	1	1.85273218155
24	1	0.479813814163
24	1	0.41326212883
23	1	0.493176937103
24	1	0.399818897247
24	1	0.493260145187
24	1	0.399838924408
23	0	0.333222150803
23	1	0.439877033234
23	1	0.453200101852
24	1	0.493216991425
24	1	0.359884977341
24	1	0.373202085495
23	1	0.466490030289
23	1	0.59977889061
24	1	0.348361968994
24	1	0.359818935394
23	1	0.35987496376
23	1	0.386563062668
23	1	0.413203001022
24	1	0.454885959625
24	1	0.466552019119
23	1	0.479879140854
24	1	0.666412830353
24	1	0.43973493576
24	1	0.54652094841
23	1	0.31986117363
23	1	0.386592149734
23	1	0.439882993698
21	1	1.30618786812
21	1	0.773078918457
21	1	0.546410083771
22	1	0.386612176895
21	1	0.559829950333
21	1	0.426517963409
21	1	0.426543951035
22	1	0.481625080109
22	1	0.414868116379
22	1	0.439857959747
21	1	0.506494045258
21	0	0.89297580719
21	1	0.58646607399
21	1	0.455219984055
21	1	0.454843044281
21	1	0.479850053787
21	0	0.559736967087
21	1	0.426480054855
21	1	0.493160009384
21	1	0.42652797699
22	1	0.399807929993
22	1	0.453183889389
22	1	0.399913072586
22	1	0.399875879288
22	1	0.959759950638
21	1	0.373060941696
22	1	0.479840040207
22	1	0.453263998032
21	1	0.333154916763
22	1	0.399836063385
21	1	0.506579875946
22	1	0.494824886322
22	1	0.453159093857
22	0	0.71973991394
22	1	0.373248100281
21	1	0.599820137024
22	1	0.508327960968
22	1	0.426568984985
21	1	0.466642141342
22	1	0.426534175873
22	1	0.666464090347
22	1	0.959635972977
21	1	0.493129968643
21	1	0.439788103104
22	1	0.399946928024
21	1	0.439872026443
21	1	0.399816036224
22	1	0.679723978043
21	1	0.373192071915
22	1	0.466461896896
21	1	0.41493678093
21	1	0.466615915298
22	1	0.413244962692
22	1	0.439828872681
21	1	0.4265229702
21	1	0.439827919006
21	1	0.413266897202
22	1	0.373154163361
21	1	0.479825973511
22	1	0.506437063217
22	1	0.359848022461
22	1	0.479820013046
22	1	0.519781827927
21	1	0.386579990387
21	1	0.599759817123
21	0	0.333209037781
21	1	0.413214921951
21	1	0.466513156891
22	1	0.374861001968
21	1	0.613131046295
22	1	0.479767799377
21	1	0.693072080612
22	1	0.466444015503
21	1	0.453121185303
22	1	0.519819974899
21	1	0.546543836594
22	1	0.42647600174
22	1	0.401654005051
22	1	0.479782104492
21	1	0.812953948975
22	1	0.413129091263
21	1	0.506431102753
22	1	0.441520929337
22	1	0.706431865692
21	1	0.506531000137
21	1	0.45321893692
21	1	0.399894952774
21	1	0.453086137772
22	1	0.49481678009
22	1	0.626481771469
22	1	0.386543989182
21	1	0.466477870941
21	1	0.586550951004
21	1	0.373209953308
21	1	0.453188896179
22	1	0.479836940765
22	1	0.413242101669
22	1	0.466552019119
21	1	0.721478939056
22	1	0.453202962875
21	1	0.559694051743
22	1	0.559725999832
21	1	0.439848184586
21	1	0.479796886444
21	1	0.35986495018
22	1	0.439841985703
22	1	0.533203125
21	1	0.373183012009
21	0	0.413123130798
21	1	0.399856805801
21	1	0.426553010941
21	1	0.506453037262
21	1	0.41315984726
21	1	0.466478824615
21	1	0.426567077637
21	1	0.506514072418
22	1	0.639772176743
22	1	0.373245954514
22	1	0.466481924057
21	1	0.453197002411
21	1	0.481598138809
22	1	0.453155994415
22	1	0.373226881027
22	1	0.386543989182
21	1	0.359830141068
22	1	0.401598930359
21	1	0.453117847443
21	1	0.333281040192
22	1	0.426628112793
21	1	0.439890146255
22	1	0.493098974228
22	1	0.466518878937
22	1	0.494945049286
21	1	0.386631965637
22	1	0.413287162781
22	1	0.413161039352
22	0	0.426485061646
21	1	0.386533975601
21	1	0.45320391655
22	1	0.559810876846
21	1	0.466499090195
21	1	0.479838132858
21	1	0.49311709404
21	1	0.453269004822
21	1	0.506408929825
22	1	0.601428985596
21	1	0.439852952957
22	1	0.43986082077
21	1	0.479882955551
22	1	0.453145980835
21	1	0.972944021225
22	1	0.466475963593
21	1	0.481495141983
21	0	0.479789972305
22	1	0.439835071564
22	1	0.453144073486
21	1	0.466489076614
21	1	0.386586904526
21	1	1.37290406227
22	1	0.413228034973
21	1	0.413187980652
22	1	0.399799108505
21	1	0.399873018265
22	1	0.386539936066
22	1	0.373224020004
21	1	0.49309015274
22	1	0.479902982712
21	1	0.373262882233
21	1	0.439870834351
21	1	0.413182973862
22	1	0.373171806335
21	1	0.348299980164
21	1	0.599842071533
22	1	0.41491985321
21	1	0.386615991592
21	1	0.666398048401
22	1	0.34653711319
21	1	0.586490869522
21	1	0.348197937012
21	1	0.386447906494
22	1	0.346498012543
21	1	0.479808807373
21	1	0.468258857727
21	1	0.479801893234
22	1	0.373148918152
21	1	0.319947004318
21	1	0.533196926117
22	1	0.559858083725
21	1	0.693129062653
22	1	0.399866104126
22	1	0.373142004013
22	1	0.506493091583
21	1	0.519859790802
22	1	0.479811906815
22	1	0.439898014069
21	1	0.45310997963
21	1	0.521450996399
21	1	0.506480932236
22	1	0.508203983307
21	1	0.479829072952
22	1	0.413188934326
22	1	0.453103780746
22	1	0.399956226349
22	1	0.852991819382
22	1	0.42648601532
22	1	0.481595993042
21	1	0.43984413147
21	1	0.506510972977
22	1	0.439908981323
21	1	0.359884977341
21	1	0.428216934204
22	1	0.613127946854
22	1	0.359895944595
22	1	0.454948186874
22	1	0.479785919189
22	1	0.373245000839
22	1	0.453160047531
21	1	0.546433925629
21	1	0.399793148041
21	1	0.546424865723
21	1	0.308335065842
21	1	0.454894065857
22	1	0.50647687912
21	1	0.493144989014
21	0	0.413193941116
22	1	0.428782939911
21	1	0.466501951218
22	1	0.732939004898
22	1	0.413206100464
21	1	0.399748086929
21	1	0.586516857147
21	1	0.426440954208
21	1	0.533133983612
22	1	0.439878940582
21	1	0.506496906281
22	0	0.479838132858
21	1	0.413192033768
22	0	0.453127145767
22	1	0.506563901901
22	1	0.413213014603
21	1	0.493155956268
22	1	0.426480054855
22	1	0.413269996643
22	1	0.386507987976
21	1	0.359856843948
21	1	0.586467027664
22	1	0.439815044403
21	1	0.519869089127
22	1	0.439831018448
22	1	0.493133068085
22	1	0.413166999817
21	1	0.519886016846
22	1	0.359858989716
22	1	0.479789972305
21	1	0.506534099579
21	1	0.588045120239
22	1	0.42641210556
22	1	0.601485967636
21	1	0.506510972977
22	1	0.679761886597
22	1	0.373315095901
21	0	0.693084001541
21	1	0.373288869858
21	1	0.373203992844
22	1	0.493170976639
22	1	0.573226928711
21	1	3.39874577522
21	1	0.559795856476
21	1	0.413182973862
22	1	0.439881086349
21	1	0.479890108109
22	1	0.399921894073
21	1	0.359883069992
22	1	0.453219890594
21	1	0.43989109993
21	1	0.493130922318
22	1	0.479868173599
21	1	0.479779958725
21	1	0.51976108551
21	1	0.454876899719
21	1	0.479846000671
21	1	0.426512956619
21	0	0.39985203743
22	1	0.386569023132
22	1	0.521534204483
21	1	0.573209047318
22	1	0.626447916031
22	1	0.866345882416
21	1	0.49320602417
22	1	0.519798994064
22	1	0.799802780151
21	1	0.506506919861
21	0	1.04138088226
22	1	0.399906158447
22	1	0.479756116867
22	1	0.426512956619
21	1	0.45515704155
21	1	0.45317697525
21	1	0.599828958511
23	1	0.679713964462
24	1	0.493169784546
23	1	0.414860963821
23	1	0.426553010941
24	1	0.453137159348
24	1	0.5464220047
24	1	0.399856090546
23	1	0.426513910294
23	1	0.40164399147
24	1	0.426532030106
24	1	0.306554079056
24	1	0.359848976135
23	1	0.413188934326
23	1	0.506545066833
23	1	0.346493005753
24	1	0.386464834213
24	1	0.454870939255
23	0	0.439846992493
23	1	0.399892091751
24	1	0.439866065979
24	1	0.426513910294
23	1	0.426553010941
24	1	0.43983912468
23	1	0.519727945328
23	1	0.428295850754
24	1	0.426559925079
23	1	0.399830102921
23	1	0.426494836807
24	1	0.439822912216
23	1	0.693037986755
23	1	0.588248968124
24	1	0.546531200409
24	1	0.439893960953
24	1	0.506599187851
23	1	0.468209028244
23	1	0.413264036179
24	1	0.413240909576
23	1	0.506494998932
24	1	0.468498945236
23	1	0.506442070007
23	1	0.399839878082
23	1	0.78644490242
23	1	0.506534099579
23	1	0.426528930664
23	1	0.55979681015
24	1	0.441532850266
23	1	0.613157987595
24	1	0.439778089523
24	1	0.439821958542
23	1	0.506548166275
24	1	0.41323018074
23	0	0.426437854767
23	1	0.453243970871
23	1	0.493119001389
23	1	1.45463609695
24	1	0.719773054123
24	1	0.506468057632
23	1	0.4398021698
24	1	0.399919033051
23	1	0.46821808815
24	1	0.399796009064
23	1	0.494913101196
23	1	0.399920940399
23	1	0.719814062119
24	1	0.466580152512
23	1	0.454814195633
23	1	0.679692029953
23	1	0.373220920563
24	1	0.546555042267
24	1	0.493168830872
24	1	0.453243017197
23	1	0.719783067703
24	1	0.493173837662
24	1	0.721389055252
23	1	0.639813184738
24	1	0.559777021408
23	0	0.346566915512
23	1	0.639778852463
23	1	0.439770936966
23	1	0.466539859772
24	1	0.586545944214
24	1	0.413120031357
24	1	0.653115987778
24	1	0.468180179596
23	1	0.386537075043
23	0	0.373151063919
24	1	0.453142881393
23	1	0.708209991455
23	0	0.866316080093
23	1	0.468305110931
24	1	0.399818897247
24	1	0.479776859283
23	1	0.45313000679
24	1	0.439836978912
24	1	0.426602125168
23	0	0.426535129547
24	1	0.441482067108
23	1	0.506478071213
24	1	0.45308303833
23	1	0.493136167526
23	1	0.428354024887
24	1	0.559716939926
23	1	0.386495828629
24	1	0.426563978195
23	1	0.399851083755
24	1	0.361657857895
24	1	0.386555194855
24	1	0.386504888535
24	0	0.386495828629
24	1	0.493098020554
24	1	0.559849977493
24	1	0.479911088943
24	1	0.53310918808
24	1	0.519824981689
24	1	0.493180036545
23	1	0.506556034088
23	1	0.386564970016
24	1	0.813058137894
24	1	0.37330198288
24	1	0.306653022766
23	1	0.493134021759
23	0	0.666418075562
23	0	0.386506080627
24	1	0.466510057449
24	1	0.373171806335
23	1	0.47976899147
24	1	0.348332166672
23	1	0.319828033447
23	1	0.479789972305
24	0	0.399900197983
24	1	0.506477117538
24	1	0.879653930664
24	1	0.559751987457
23	0	1.05300593376
24	1	0.826390981674
24	1	0.41494011879
23	1	0.479719161987
23	1	0.479737043381
24	1	0.466479063034
24	1	0.453188896179
24	1	0.479885816574
23	1	0.519735097885
23	1	0.639717102051
24	1	0.453155040741
23	1	0.399850845337
23	1	0.346493005753
23	1	0.479871988297
24	1	0.426473140717
24	1	0.413271903992
23	1	0.414947032928
17	1	0.586452007294
17	1	0.413147211075
17	1	0.399944067001
17	1	0.453165054321
17	1	0.506567955017
17	1	0.546391010284
17	1	0.706367015839
17	1	0.439820051193
17	1	0.426570892334
17	1	0.373144865036
17	1	0.533091068268
17	1	0.359884023666
17	1	0.613196849823
17	0	0.466524839401
17	1	0.479799985886
17	1	0.479751110077
17	1	0.428206205368
17	1	0.533121109009
17	1	0.439795017242
17	1	0.359951019287
17	1	0.37330698967
17	1	0.45316696167
17	1	0.42661190033
17	1	0.479882955551
17	1	0.453128099442
17	1	0.519948005676
17	1	0.506502866745
17	1	0.761445045471
17	0	0.399936914444
17	1	0.534791946411
17	1	0.599747896194
17	0	0.866355895996
17	1	0.533173084259
17	1	2.02589201927
17	1	0.466482877731
17	1	0.45319890976
17	1	0.666431903839
17	1	0.719697952271
17	1	0.493138074875
17	1	0.759730100632
17	1	0.801447153091
17	1	0.759756088257
17	1	2.37431287766
17	1	0.719708919525
17	1	0.454831123352
17	0	0.706426858902
17	1	0.706430912018
17	1	0.519817113876
17	1	0.599752902985
17	1	0.386492013931
17	1	0.493145942688
17	1	0.546494960785
17	1	0.386541128159
17	1	0.373142004013
17	1	0.413188934326
17	1	0.373157978058
17	1	0.466467142105
17	1	0.466508865356
17	1	0.546397924423
17	1	0.573103189468
17	1	0.693047046661
17	1	0.533201932907
17	1	0.386511087418
17	1	0.399873018265
17	1	0.506520032883
17	1	0.67972111702
17	1	0.373286008835
17	1	0.466578006744
17	1	0.426528930664
17	1	0.413156032562
17	1	0.51981306076
17	1	0.466444969177
17	1	0.399832963943
17	1	0.439810991287
17	1	0.508150815964
17	1	0.38650894165
17	1	0.413126945496
17	1	0.493205070496
17	1	0.386558055878
17	1	0.346524000168
17	1	0.333281993866
17	1	0.359941005707
17	1	0.493214130402
17	0	0.653110980988
17	0	0.413154125214
17	1	0.653048038483
17	1	0.426545143127
17	1	0.439865112305
17	1	0.453189849854
17	1	0.466471910477
17	1	0.439835071564
17	1	0.53321313858
17	0	1.26617217064
17	1	0.493098020554
17	1	0.439872980118
17	1	0.428214073181
17	0	0.439877986908
17	1	0.47980594635
17	1	0.588168859482
17	1	0.386579036713
17	1	0.399909973145
17	1	0.481555938721
17	1	0.439819097519
17	1	0.426558017731
17	1	0.439843893051
17	1	0.493201971054
17	1	0.719861984253
17	1	0.479899168015
17	0	2.2925491333
17	1	0.453239202499
17	1	0.453150987625
17	1	0.414827823639
17	1	0.454859972
17	1	0.439870119095
17	0	0.746333837509
17	1	0.519876003265
17	1	0.626461982727
17	1	0.426645994186
17	1	0.506510019302
17	1	0.481505155563
17	1	0.506438016891
17	1	0.573113918304
17	1	0.479869127274
17	1	0.546473026276
17	0	0.773022890091
17	1	0.37491106987
17	1	0.399856805801
17	1	0.359819889069
17	1	0.46822309494
17	1	0.413181066513
17	1	0.466526985168
17	0	0.733090877533
17	1	0.373214006424
17	1	0.508270025253
17	1	0.359815835953
17	1	0.373207092285
17	1	0.454898834229
17	1	0.453113079071
17	1	0.479788064957
17	1	0.519709825516
17	1	0.548142910004
17	1	0.439876079559
17	1	0.49311709404
17	1	0.386537075043
17	1	0.373214006424
17	1	0.453099966049
18	1	0.948042869568
18	1	0.746482133865
18	1	0.479914903641
18	1	0.439889907837
18	1	0.59974694252
18	1	0.519754171371
18	1	0.588285923004
18	1	0.534882068634
18	1	0.479824066162
18	1	0.39986205101
18	1	0.386583089828
18	1	0.413131952286
18	1	0.613234996796
18	1	0.413120031357
18	1	0.799731016159
18	0	0.413149118423
18	1	0.441722869873
18	1	0.439876079559
18	1	0.439874887466
18	1	0.426582098007
18	1	0.373172044754
18	1	0.974691867828
18	1	0.49314904213
18	1	0.426620960236
18	1	0.466547966003
18	1	0.533195972443
18	1	0.466508865356
18	1	0.493115901947
18	1	0.426492929459
18	1	0.413217067719
18	1	0.506533145905
18	0	0.333230018616
18	1	0.359803199768
18	0	0.546490907669
18	1	0.639798879623
18	1	0.428232192993
18	1	0.479740858078
18	1	0.466497898102
18	1	0.521501064301
18	1	0.454905986786
18	1	0.626415014267
18	1	0.42650103569
18	1	0.559799909592
18	1	0.479929924011
18	1	0.548251867294
18	1	0.573100805283
18	1	0.493197917938
18	1	0.413165092468
18	0	0.466516017914
18	1	0.573137044907
18	1	0.50660610199
18	1	0.453254938126
18	1	0.66641998291
18	1	0.439902067184
18	1	0.466539144516
18	1	0.494980096817
18	0	0.413156032562
18	1	0.373205900192
18	1	0.586530923843
18	1	0.493238925934
18	1	0.413082122803
18	1	0.493097066879
18	1	0.534942150116
18	1	0.466542005539
18	1	0.466449975967
18	1	0.426488161087
18	1	0.519876003265
18	1	0.426529884338
18	1	0.506442070007
18	1	0.519742965698
18	0	0.479853868484
18	1	0.413189888
18	1	0.466511964798
18	1	0.466480970383
18	1	0.481543064117
18	1	0.453237056732
18	1	0.386512994766
18	1	0.573184967041
18	1	0.666440010071
18	1	0.546413898468
18	1	0.386584997177
18	1	0.43983912468
18	1	0.439805984497
18	1	0.628093957901
18	1	0.426542043686
18	1	0.426531076431
18	1	0.413200855255
18	1	0.359848976135
18	1	0.35995721817
18	0	0.306658029556
18	1	0.49325299263
18	1	0.359793186188
18	1	0.719847917557
18	1	0.519912004471
18	1	0.441524028778
18	1	0.453211069107
18	1	0.479809045792
18	1	0.519799947739
18	1	0.359915018082
18	1	0.43984413147
18	1	0.746484994888
18	1	0.733078956604
18	1	0.466588973999
18	1	0.479861974716
18	1	0.453233003616
18	1	0.586517810822
18	1	0.559826135635
18	1	0.62639093399
18	1	0.666478157043
18	0	0.5197930336
18	1	0.399897098541
18	1	0.413152933121
18	1	0.453138113022
18	1	0.373152017593
18	1	0.319911003113
18	1	0.348259925842
18	0	0.294950962067
18	1	0.494953155518
18	1	0.386539936066
18	1	0.348341941833
18	0	0.293195962906
18	1	0.479856014252
18	1	0.46647310257
18	1	0.42648100853
18	1	0.799764156342
18	1	0.453158140182
18	1	0.466542005539
18	1	0.49320101738
18	1	0.466581106186
18	1	0.359915018082
18	1	0.77307009697
18	1	0.401557207108
18	1	0.359815835953
18	1	0.719732999802
18	1	0.573075056076
18	1	0.386518001556
18	1	0.413283109665
18	1	0.426500082016
18	1	0.413139820099
18	0	0.413270950317
18	1	0.494963169098
18	0	0.614894866943
18	1	0.47981595993
18	1	0.479835987091
18	1	0.413239002228
18	1	0.533170938492
18	1	0.506562948227
18	1	0.54650592804
18	1	0.668148994446
18	1	0.399811029434
19	1	0.439763069153
19	1	0.426479101181
19	1	0.386549949646
19	1	0.453191041946
19	1	0.359858036041
19	1	0.386478900909
19	1	0.453199863434
19	1	0.506542921066
19	1	0.359905004501
19	1	0.386592149734
19	1	0.359887838364
19	1	0.533164978027
19	0	0.506448030472
19	1	0.479890108109
19	1	0.548140048981
19	0	0.413156032562
19	1	0.561517000198
19	1	0.399889945984
19	1	0.49322104454
19	1	0.46652007103
19	1	0.46654510498
19	1	0.639764070511
19	1	0.439862966537
19	1	0.426531076431
19	1	0.46820306778
19	1	0.519849061966
19	1	0.426542043686
19	1	0.466536998749
19	1	0.506494998932
19	1	0.466487169266
19	1	0.453112125397
19	1	0.533134937286
19	1	0.46822810173
19	1	0.479875087738
19	1	0.399811029434
19	1	0.413119792938
19	1	0.413209915161
19	1	0.479702949524
19	1	0.508167028427
19	0	0.559720993042
19	1	0.479836940765
19	1	0.439871072769
19	1	0.413104057312
19	1	0.413225889206
19	1	0.439903020859
19	1	0.626494169235
19	1	0.479824066162
19	1	0.413244962692
19	1	0.373216152191
19	1	0.559838056564
19	1	0.426495075226
19	1	0.719870090485
19	1	0.468258142471
19	1	0.454949140549
19	1	0.63981294632
19	1	0.493157863617
19	1	0.573069810867
19	1	0.439749956131
19	1	0.386518001556
19	1	0.493293046951
19	1	1.71946716309
19	1	1.14623594284
19	1	0.693069934845
19	1	0.493110895157
19	1	0.519748926163
19	1	0.453106880188
19	1	0.439831018448
19	1	0.479849815369
19	1	0.426536083221
19	1	0.428273200989
19	1	0.426635980606
19	1	0.45317697525
19	1	0.533205032349
19	1	0.468271017075
19	1	0.413244962692
19	1	0.439864873886
19	1	0.374876976013
19	1	0.506530046463
19	1	0.466500043869
19	1	0.386584043503
19	1	0.359932899475
19	1	0.694792032242
19	1	0.479799985886
19	1	0.413219928741
19	1	0.599816799164
19	1	0.43981385231
19	1	0.506493806839
19	1	0.386534929276
19	1	0.426587820053
19	1	0.493173122406
19	1	0.359817028046
19	1	0.493182897568
19	1	0.613060951233
19	1	0.426516056061
19	1	0.521560907364
19	1	0.495027065277
19	1	0.413228988647
19	1	0.453090906143
19	1	0.481446027756
19	1	0.479855060577
19	1	0.573045969009
19	1	0.479917049408
19	1	0.399820804596
19	1	0.519869089127
19	1	0.399852991104
19	1	0.854798078537
19	1	0.46649980545
19	1	0.506407976151
19	1	0.519812107086
19	1	0.479780912399
19	1	0.426503896713
19	1	0.49489402771
19	1	0.55979514122
19	1	0.533228158951
19	1	0.466471910477
19	1	0.426522016525
19	1	0.399791002274
19	1	0.413111925125
19	1	0.653090953827
19	1	0.453155040741
19	0	0.586460828781
19	1	0.599791049957
19	1	0.493156909943
19	1	0.934673070908
19	0	0.479806900024
19	1	0.639706850052
19	1	0.613152980804
19	1	0.506557941437
19	1	0.559882879257
19	1	0.626492023468
19	1	1.17282819748
19	1	0.573167085648
19	0	0.453173160553
19	1	0.959631919861
19	1	0.893013000488
19	1	0.559742927551
19	1	1.02627778053
19	1	0.559845924377
19	1	0.639807939529
19	1	1.04135107994
19	0	1.42609381676
19	1	0.548099040985
19	1	0.506422996521
19	1	0.413107872009
19	1	0.988052129745
19	1	1.98595309258
