6	0	1.57907390594
5	1	1.09313106537
6	1	1.22901988029
6	1	0.667065143585
6	1	0.94704413414
5	0	1.2433052063
6	1	1.72154188156
5	1	2.12532806396
5	0	0.81013584137
5	1	1.25828909874
5	1	0.994465827942
6	0	0.9709379673
5	1	2.41222715378
5	1	0.81103181839
5	0	2.45320987701
5	1	1.96798110008
6	1	0.843428134918
6	0	2.07539486885
5	1	0.660074949265
5	0	1.44138002396
6	1	0.93385887146
6	0	2.02455186844
6	1	2.21126294136
5	1	1.83517003059
5	0	1.25242996216
6	1	2.21935892105
6	0	1.82082104683
5	1	2.80134797096
6	1	1.34090185165
6	1	0.803342103958
6	0	0.722313165665
6	1	0.634859085083
6	1	1.66144990921
6	1	0.680073022842
6	0	0.956783056259
5	1	1.61740803719
6	1	0.587636947632
6	1	1.43736505508
6	0	0.675690889359
6	1	0.69851899147
5	1	0.633985042572
5	1	0.483076095581
5	1	0.434828042984
5	1	0.813207864761
6	0	0.560817956924
6	0	0.532402992249
6	0	0.667573928833
5	1	1.09751701355
6	1	0.71456193924
6	0	1.18798899651
5	1	0.931569814682
6	0	1.7083568573
6	1	0.666861057281
6	0	2.17963314056
5	1	1.94840097427
6	1	0.592519044876
6	1	0.59704208374
5	0	2.55427193642
6	1	1.18920993805
6	0	0.706308841705
5	1	0.523597955704
6	1	1.18770694733
6	1	2.62719082832
6	1	1.23555994034
5	1	2.91569900513
5	1	1.97149610519
5	0	1.08193182945
6	0	1.06007599831
6	1	0.699642896652
5	1	0.747854948044
6	0	0.819446086884
6	1	0.575966835022
6	1	0.860756158829
5	1	0.690850019455
5	1	0.476092100143
5	1	0.784440040588
5	0	0.478137016296
6	1	0.858221054077
5	0	0.546947956085
5	1	0.699434995651
5	0	0.836879968643
5	1	0.697055101395
6	1	0.894243955612
5	0	1.09213495255
5	0	1.80188298225
6	0	0.56825709343
5	0	1.21204590797
6	1	1.5043118
6	1	0.573602199554
5	0	1.64264512062
5	1	1.21123194695
6	1	0.731357812881
5	1	2.11543512344
5	1	1.51363396645
5	1	1.65962195396
5	1	0.962085008621
6	1	0.874905109406
6	1	0.843288898468
5	1	1.02773404121
6	1	0.827115058899
6	1	0.971790075302
5	1	0.691460847855
6	1	0.689322948456
5	1	0.635219097137
5	1	0.96254992485
5	1	0.89196395874
6	1	0.585464954376
6	1	0.586714029312
5	1	0.722567081451
5	0	0.515722990036
5	0	0.989176988602
6	0	0.362604856491
6	1	0.675702095032
5	0	0.778950929642
4	0	0.683001041412
4	1	1.23470783234
4	1	1.33960008621
4	1	1.11558794975
4	1	1.64368915558
4	0	1.48208189011
4	1	2.30608320236
4	1	1.56448507309
4	1	0.746683120728
4	1	1.10765314102
4	1	0.603008985519
4	0	0.668402910233
4	1	1.60900092125
4	1	0.61763715744
4	1	0.661111116409
4	1	0.53128194809
4	0	0.859194993973
4	0	0.520542860031
4	1	0.683218955994
4	1	0.730075120926
4	0	1.1241710186
4	1	0.483060121536
4	1	0.747267007828
4	0	0.444138050079
4	0	0.319180011749
4	1	0.635405063629
4	1	1.62161016464
4	0	0.576850891113
4	1	1.22792100906
4	1	0.555588006973
4	1	0.523119926453
4	1	0.761404037476
4	1	0.587403059006
4	1	0.636385202408
4	1	0.704957008362
4	1	0.514694213867
4	1	0.782053947449
4	0	0.474154949188
4	1	0.705097913742
4	1	0.812534809113
4	1	0.562491893768
4	1	0.625638961792
4	1	0.667979955673
4	1	0.793744087219
4	1	1.02976679802
4	1	1.17588591576
4	1	1.14021897316
4	1	1.22419095039
4	1	0.652936935425
4	1	0.595690965652
4	1	1.05932998657
4	1	0.777698993683
4	1	0.629173994064
4	1	0.538949012756
4	1	0.593357801437
4	1	0.562064170837
4	1	0.669162034988
4	0	0.969800949097
4	1	1.31530880928
4	1	0.626324176788
4	1	0.669569015503
4	1	0.747387886047
4	0	0.642521858215
4	1	0.930304050446
4	1	0.548146009445
4	1	0.698313951492
4	1	0.60237622261
4	1	0.579139947891
4	1	0.507770061493
4	1	0.529495954514
4	1	0.547373056412
4	1	0.656825065613
4	1	0.501511096954
4	1	0.563760995865
4	1	0.696858882904
4	0	0.387185096741
4	1	0.443583011627
4	1	0.611306905746
4	1	0.465759038925
4	1	0.435651063919
4	1	0.610963106155
4	1	0.47279214859
4	0	0.46971487999
4	0	0.491453886032
4	1	0.777900934219
4	1	0.723154067993
4	1	0.587631225586
4	1	0.681516885757
4	1	0.579988956451
4	1	0.602813959122
4	1	0.786034822464
4	1	0.548323154449
4	1	0.617937088013
4	1	0.460979938507
4	1	0.529883861542
4	1	0.827294111252
4	0	0.433096170425
4	1	0.700365066528
4	1	0.611581087112
4	1	0.866153001785
4	1	0.529857873917
4	1	0.843439817429
4	1	0.681200027466
4	1	0.715580224991
4	1	0.554415941238
4	0	0.626847982407
4	1	0.570801973343
4	1	0.523743152618
4	0	0.499370098114
4	1	0.578683137894
4	1	0.619765996933
4	1	0.532275915146
4	1	0.850251197815
4	1	1.16372299194
4	1	0.464323997498
4	1	0.444447040558
4	1	0.537796020508
4	1	0.493544816971
4	1	0.386230945587
4	1	0.571777105331
4	1	0.416726112366
4	1	0.36331820488
4	1	0.424703836441
4	1	0.492080926895
4	1	0.476611852646
4	1	0.505589008331
4	0	0.395701885223
4	1	0.746656894684
4	1	0.554511070251
4	0	0.674977064133
4	0	0.880916118622
4	1	0.601174116135
4	0	0.411703109741
4	0	0.480921030045
4	1	0.851167917252
7	0	1.2763030529
8	0	1.25134801865
8	1	1.94730401039
8	0	1.32285499573
7	0	1.29888892174
7	1	0.802058935165
7	1	0.612416028976
7	1	0.961709022522
8	0	0.666740894318
7	1	0.779977083206
7	1	0.538900852203
8	1	0.475277900696
7	0	0.698204994202
7	1	0.587369918823
8	0	0.482859134674
8	1	1.16332101822
8	1	0.738522052765
8	1	0.642071962357
7	1	0.595505952835
7	1	1.11417412758
8	0	0.652809143066
8	1	2.54622888565
7	1	0.972511053085
8	1	0.666440010071
7	1	0.548483133316
8	0	1.05061602592
8	1	0.474242925644
8	1	0.587999820709
7	1	0.625564098358
8	1	0.541249990463
7	1	0.753167867661
7	0	0.483094930649
7	1	0.745985984802
7	0	2.18845891953
7	1	0.603422164917
8	1	0.530467987061
8	1	0.514302968979
8	1	0.45147395134
8	1	0.523658037186
7	1	0.498673915863
7	1	0.491482019424
8	0	0.627110004425
8	1	0.883632898331
7	0	2.03324699402
7	1	0.64489197731
8	1	0.612205028534
7	0	0.905831813812
8	1	0.857346057892
8	0	1.3890838623
7	1	1.13989901543
8	1	1.3052418232
7	1	0.667618989944
8	1	0.556297063828
7	1	0.994126081467
7	1	1.18641996384
7	1	0.645785093307
8	1	0.539304018021
8	1	0.560960054398
7	1	0.515598058701
8	1	0.531186103821
8	1	0.498564004898
7	1	0.411159038544
8	1	0.580145835876
8	1	0.539684057236
7	1	0.450980186462
7	1	0.43288898468
7	1	0.381777048111
7	1	0.432799816132
7	1	0.514846086502
8	1	0.386395931244
8	1	0.462986946106
8	1	0.48122882843
8	1	0.45738697052
7	1	0.418610811234
8	0	0.57969212532
8	1	0.537668943405
8	1	0.411983013153
8	1	0.578845024109
8	1	0.5148229599
8	1	0.457904815674
8	1	0.589369058609
7	0	0.635252952576
7	1	0.785531997681
8	1	0.629024028778
7	1	0.706321001053
8	1	0.680507898331
7	1	0.812431812286
8	1	0.779227018356
7	1	0.586042881012
8	1	0.508903026581
7	1	0.708409070969
7	1	0.50589299202
7	1	0.706920862198
8	1	0.579470157623
7	1	0.938316106796
7	1	0.537901163101
7	0	0.586802959442
7	1	0.57913517952
8	1	0.61274600029
8	0	0.674031019211
8	1	0.713621139526
7	0	0.794485092163
7	1	0.915843963623
8	1	0.642692089081
7	0	0.530906915665
8	0	1.10626792908
8	1	0.5710709095
7	1	0.546815156937
8	1	0.500924825668
7	1	0.537738084793
7	0	0.419694900513
8	1	0.706702947617
8	1	0.634475946426
8	1	0.540143966675
8	1	0.451653003693
7	1	0.507311820984
7	1	0.49063205719
7	1	0.515650987625
7	1	0.809769153595
8	1	0.508010149002
8	1	0.456753015518
8	1	0.522771120071
8	1	0.372689962387
7	0	1.0820069313
7	0	0.60346198082
8	1	0.378319978714
7	0	0.413717031479
8	1	0.610944986343
7	1	0.658092975616
7	0	0.715160131454
8	0	1.22136092186
8	1	0.841202020645
7	0	1.99647307396
7	1	1.77129197121
1	1	1.33932304382
1	1	0.945966005325
1	0	1.19540214539
1	1	0.716305971146
1	1	1.46808004379
1	1	0.785177946091
1	1	0.548582077026
1	0	1.16187691689
1	1	0.961731910706
1	0	0.635879039764
1	0	2.25787615776
1	1	2.10059714317
1	1	3.09050798416
1	1	2.82945895195
1	1	2.8193230629
1	1	5.52193808556
1	1	1.9641699791
1	1	1.8812019825
1	0	2.09286308289
1	0	1.93129706383
1	1	1.49136900902
1	0	1.94603681564
1	1	1.0995349884
1	1	0.963542938232
1	1	1.02660989761
1	1	1.9308860302
1	0	2.97303318977
1	1	3.03450107574
1	0	3.06730389595
1	1	3.69080805779
1	1	1.90768098831
1	1	2.28927898407
1	1	2.3381729126
1	1	1.73315000534
1	1	1.74778914452
1	0	2.68278503418
1	1	2.46621394157
1	1	1.86789011955
1	1	1.36173915863
1	0	3.12610697746
1	1	1.94498896599
1	0	3.93945002556
1	1	2.08524298668
1	0	2.81846404076
1	0	2.14777517319
1	1	1.32134795189
1	1	0.988948106766
1	1	0.938162088394
1	1	0.579344987869
1	0	0.642206192017
1	1	0.922948122025
1	1	1.24505400658
1	0	0.776856899261
1	1	0.723200082779
1	1	0.8338971138
1	1	0.980314016342
1	1	0.683912038803
1	0	0.892168998718
1	1	0.673687934875
1	1	0.513892889023
1	1	0.659364938736
1	0	0.642841100693
1	1	0.681807041168
1	1	0.708296775818
1	1	0.897003889084
1	0	0.813151836395
1	1	0.657157182693
1	0	0.491690158844
1	1	0.77793598175
1	0	0.555835008621
1	1	0.985058784485
1	1	0.843248844147
1	0	0.996448993683
1	1	1.315762043
1	0	1.61898589134
1	1	1.17238807678
1	1	0.891866922379
1	1	0.842550039291
1	0	0.754734992981
1	1	0.764924049377
1	0	0.699540138245
1	1	1.54573106766
1	1	0.677239894867
1	1	1.22565698624
1	0	1.33071517944
1	1	1.30829596519
1	1	0.93892288208
1	1	0.595291137695
1	1	0.684601068497
1	1	0.993405818939
1	1	0.596169948578
1	1	0.450593948364
1	1	0.475461006165
1	0	0.448464870453
1	1	0.62837100029
1	0	0.956566810608
1	0	0.772466897964
1	1	0.753484010696
1	0	0.670179843903
1	1	1.02685689926
1	1	0.514787197113
1	1	1.05726885796
1	1	0.97116112709
1	1	0.594947099686
6	1	0.794199943542
5	1	0.482834100723
5	1	0.644736051559
6	1	0.948013067245
5	1	1.96317982674
5	1	0.7484998703
6	0	1.02735495567
5	1	0.952596902847
6	1	0.72394490242
6	0	1.0099670887
5	1	0.674852848053
6	1	0.612853050232
6	1	0.691334962845
5	1	0.490555047989
6	1	0.532339811325
5	1	0.482869148254
6	1	0.675308942795
5	1	0.792506933212
6	1	1.31721591949
5	1	0.792412042618
6	1	0.834318161011
6	1	1.01381087303
6	1	0.657619953156
6	1	0.563481807709
6	1	0.637292146683
5	1	0.810470819473
5	1	0.692124128342
6	1	0.708232164383
6	1	0.648482084274
6	1	0.443368911743
6	1	0.652373075485
5	1	0.466894865036
5	1	0.475322008133
5	1	0.402313947678
5	1	0.371648073196
6	1	0.380666971207
5	1	0.705316066742
5	1	0.755874156952
5	1	0.553697824478
5	1	0.995173931122
6	1	0.586835861206
6	1	0.538831949234
6	1	0.613566160202
5	1	0.539747953415
5	1	0.584401130676
5	1	0.701907873154
5	0	0.689579963684
6	1	0.563308954239
5	1	0.57168507576
5	1	0.704523086548
5	1	0.549127101898
6	0	0.921856880188
6	1	0.762779951096
5	1	0.644629955292
5	1	0.594779968262
6	1	0.603554964066
6	1	1.16188001633
6	1	0.677097082138
6	1	0.660567045212
6	1	0.648649930954
5	1	0.65383887291
6	1	0.522105932236
5	0	0.530349969864
6	1	0.859097003937
5	1	0.538426160812
5	0	0.789073944092
5	1	0.874914884567
5	1	0.977216005325
5	1	1.02741718292
5	1	0.599289894104
6	1	0.656471014023
5	1	0.52277302742
5	1	0.569444894791
6	1	0.53768491745
6	1	0.557755947113
6	1	0.449342012405
6	1	0.522917032242
6	1	0.459621906281
5	1	0.490458011627
6	1	0.420916080475
6	1	0.596435070038
6	1	0.497615814209
6	1	0.420336008072
6	1	0.379557847977
6	1	0.459909915924
5	1	0.441418886185
6	1	0.499868869781
6	1	0.417707920074
6	1	0.395941972733
5	1	0.427550077438
6	1	0.417529821396
6	1	0.458698034286
6	1	0.396300792694
6	1	0.481364965439
6	1	0.385844945908
5	1	0.820280075073
5	1	0.721942186356
5	1	0.458382129669
6	1	0.637253046036
6	1	0.706694841385
5	0	0.587036132812
5	1	0.746793031693
5	1	0.546483039856
5	1	0.698436975479
6	0	0.756860017776
5	1	0.619050979614
5	1	0.914355993271
6	1	0.929352998734
6	0	0.843595027924
6	1	0.794564008713
5	1	0.762825965881
6	1	1.92463493347
6	1	0.874490976334
6	1	1.24222111702
5	1	0.56386089325
5	1	0.691154003143
6	1	0.682054042816
6	1	0.756400108337
6	1	0.571246862411
5	1	0.563782930374
6	1	0.458322048187
6	1	0.548067092896
5	1	0.50509595871
5	1	0.395781040192
5	1	0.43520283699
6	1	0.433234930038
6	1	0.373480796814
5	1	0.680716991425
5	1	0.531459093094
5	1	0.458659887314
5	1	0.387028932571
6	1	0.553056955338
6	1	0.37918305397
5	1	1.54023313522
5	1	0.444355010986
6	1	0.850392103195
6	1	0.523730993271
6	1	0.411102056503
3	1	1.07526612282
3	1	0.475041151047
3	1	0.579842805862
3	1	0.716225862503
3	1	0.706722974777
3	1	0.790499925613
3	0	0.609513998032
3	0	0.731672048569
3	1	1.01108002663
3	0	0.842031002045
3	1	0.740751028061
3	1	1.06781315804
3	1	1.01773500443
3	1	0.522603988647
3	1	1.03558397293
3	1	0.515500068665
3	1	1.15453600883
3	1	0.498640060425
3	1	0.629117965698
3	1	0.577958106995
3	1	0.467250823975
3	1	0.536904096603
3	0	2.03468894958
3	1	2.34728217125
3	1	1.23796391487
3	0	1.51284384727
3	0	1.52505779266
3	1	0.763535022736
3	1	0.664952039719
3	1	2.11612701416
3	1	1.02097702026
3	1	1.02733278275
3	0	1.50518202782
3	1	1.62139201164
3	1	0.841269016266
3	1	0.468334913254
3	1	1.80244088173
3	1	0.660434007645
3	1	0.482039928436
3	1	0.739760875702
3	1	0.576601028442
3	1	0.836535930634
3	1	0.394740104675
3	1	0.48298406601
3	1	0.544893026352
3	1	0.540972948074
3	0	0.476190805435
3	1	1.04172110558
3	1	0.603574991226
3	1	0.644664049149
3	1	0.519501924515
3	1	0.857554912567
3	1	3.07669401169
3	1	0.548053979874
3	1	0.457479953766
3	1	1.21171689034
3	1	0.539938926697
3	0	1.21074104309
3	1	0.706983089447
3	1	0.450181007385
3	1	0.525060892105
3	1	0.762328147888
3	1	0.475107908249
3	1	2.34764790535
3	1	0.889775037766
3	1	0.554727077484
3	1	0.554155826569
3	1	0.523751020432
3	1	0.571684837341
3	1	0.46701002121
3	1	0.426214933395
3	1	0.541527032852
3	1	0.644017934799
3	1	0.857023000717
3	1	0.538838148117
3	1	0.539204120636
3	1	0.691627979279
3	1	0.857836961746
3	1	0.47421503067
3	1	0.693186044693
3	1	0.48849105835
3	0	0.469219923019
3	1	0.617871999741
3	1	0.386793136597
3	1	0.412366867065
3	1	0.468214035034
3	1	0.651376962662
3	1	0.594078063965
3	1	0.450096130371
3	1	0.587455034256
3	1	0.513996124268
3	1	0.450911998749
3	1	0.435867071152
3	1	0.722136974335
3	1	0.557275056839
3	1	0.464059114456
3	1	0.42827796936
3	1	0.401283025742
3	1	1.08369994164
3	1	1.22214889526
3	1	1.11325192451
3	1	0.593888998032
3	1	0.634326219559
3	1	0.507328033447
3	1	0.692157030106
3	1	0.530811071396
3	1	0.505474090576
3	1	1.58099985123
3	1	0.737094163895
3	1	0.483788013458
3	1	0.483494997025
3	1	0.427659034729
3	1	0.657622098923
3	0	0.466361045837
3	1	0.460126876831
3	1	0.394161939621
3	1	0.456978082657
3	1	0.492338180542
3	1	0.635675907135
3	1	0.49776506424
3	1	0.403069972992
3	0	0.466981887817
3	1	0.395796060562
3	1	0.780300855637
3	1	2.31215691566
3	1	0.476124048233
3	1	1.09955000877
3	1	0.501034021378
3	1	0.507029056549
3	1	0.634181976318
3	1	2.00254797935
2	1	1.53123688698
2	1	1.01080298424
2	1	1.20525097847
2	1	1.76862192154
2	0	2.2982199192
2	1	1.17923378944
2	1	2.98594999313
2	0	2.89872789383
2	1	0.74888086319
2	1	0.864370107651
2	0	4.45183897018
2	1	1.40241909027
2	0	3.42961382866
2	1	1.05032896996
2	1	5.21969199181
2	1	3.5958969593
2	1	0.77718091011
2	1	0.644541025162
2	0	1.15534186363
2	1	1.40447902679
2	1	3.25886082649
2	1	0.632555007935
2	1	2.70811796188
2	0	1.61013889313
2	1	0.627609968185
2	1	0.611089944839
2	1	0.64385008812
2	1	0.467813968658
2	1	0.593904018402
2	0	0.916754961014
2	1	1.8807091713
2	1	0.963147163391
2	1	0.475324869156
2	1	0.483103990555
2	1	0.443178892136
2	1	0.489228010178
2	1	0.757384061813
2	1	0.667078018188
2	1	0.939519166946
2	1	0.890487909317
2	1	0.569750785828
2	1	1.22736811638
2	1	0.611237049103
2	0	0.626881837845
2	1	2.63519406319
2	1	0.778698921204
2	1	0.946372032166
2	1	0.554646968842
2	1	0.675738096237
2	1	0.753431081772
2	1	0.587896823883
2	1	0.545510053635
2	1	0.483201980591
2	1	0.435559034348
2	1	2.21200895309
2	1	0.55365395546
2	1	1.29940295219
2	1	0.491333961487
2	1	0.449900150299
2	1	0.507797002792
2	0	1.3966729641
2	1	0.52920794487
2	1	0.627706766129
2	1	0.75674700737
2	1	0.552124023438
2	1	0.636367797852
2	1	1.86632013321
2	0	2.52399897575
2	1	1.61849093437
2	1	0.594213008881
2	1	0.867566823959
2	1	0.588871955872
2	1	0.675416946411
2	1	0.595236778259
2	1	0.609241008759
2	1	0.604645013809
2	1	0.522542953491
2	1	1.00330281258
2	0	0.595560073853
2	0	1.25034189224
2	1	1.15592217445
2	1	0.563712120056
2	1	1.11516904831
2	1	0.683780908585
2	1	1.33166694641
2	1	1.10700201988
2	1	0.564545869827
2	1	0.706697940826
2	1	0.80468416214
2	1	2.68857192993
2	0	0.891428947449
2	1	1.96188616753
2	0	1.49942803383
2	1	0.804958105087
2	1	0.963232040405
2	0	1.04878497124
2	1	2.99315619469
2	0	2.49912190437
2	1	1.59613585472
2	1	1.05178403854
2	1	1.2822830677
2	1	0.780683040619
2	1	0.489423036575
2	1	0.764925956726
2	1	0.69081401825
2	0	0.873490095139
2	1	1.12419700623
2	0	0.787252902985
2	1	2.05848884583
2	0	1.94115495682
7	0	2.18854689598
8	1	3.89851117134
8	1	0.982318162918
8	0	1.0661509037
8	1	0.856954097748
7	1	0.763515949249
8	0	0.729252815247
8	1	0.597365856171
8	1	0.618246078491
7	1	0.690547943115
7	1	1.01836204529
7	1	0.884203910828
8	0	0.644690036774
8	1	1.61974787712
8	1	0.976928949356
8	1	0.859716176987
7	1	0.859004974365
7	1	0.730391979218
8	1	0.67441701889
8	1	1.06565904617
7	1	1.19609999657
8	1	0.8195271492
7	1	1.04385304451
8	1	0.650768041611
7	1	0.674349069595
8	1	0.819157123566
7	1	0.555635929108
7	0	0.595014810562
8	1	0.572690010071
7	1	1.44334602356
7	1	0.673226833344
7	1	0.705734014511
8	1	0.531804084778
7	1	0.764687776566
8	1	0.721931934357
7	1	0.786221981049
7	0	0.715624094009
8	1	0.722878932953
7	1	0.564383983612
8	1	0.530272006989
8	1	0.876166820526
8	1	0.492032051086
8	1	0.475096225739
7	1	0.587564945221
8	0	0.546653032303
7	0	0.946676015854
7	0	1.12302684784
8	1	0.977210044861
8	1	0.683192968369
8	1	0.491841077805
7	1	0.708453178406
7	0	0.424677848816
7	1	1.16279315948
8	1	0.757282972336
7	1	1.45057797432
8	1	1.0821750164
8	1	1.01007604599
8	1	0.628263950348
7	1	0.785327196121
8	1	0.666903972626
8	1	0.562910079956
8	1	0.636144161224
8	1	0.969780921936
7	1	0.938699007034
8	1	0.795959949493
7	1	0.808203935623
7	1	0.667452096939
7	1	0.899468898773
8	1	0.587023019791
8	1	0.563876867294
8	1	0.657942056656
8	1	0.813290119171
8	1	0.608583927155
8	1	1.05146217346
8	1	1.01835107803
8	1	0.702568054199
8	1	0.688988924026
7	1	0.796665906906
8	1	0.548499107361
8	1	0.522047042847
8	1	0.811506986618
8	1	0.585822105408
7	1	0.722543954849
7	1	0.683347940445
8	0	0.900805950165
8	1	0.706449985504
8	1	0.522806167603
7	1	0.868096113205
8	1	0.665339946747
7	1	0.515426158905
7	1	0.69825220108
8	1	0.634483098984
7	1	0.707499027252
8	1	0.635984897614
8	1	0.818495035172
7	1	0.964228868484
8	1	0.578172922134
8	0	0.844014883041
8	1	0.682722806931
7	1	0.721418857574
8	1	0.698464155197
8	1	0.540998935699
8	1	0.512941122055
8	1	0.819811105728
8	1	0.555796861649
7	1	0.572252988815
7	1	0.620339155197
8	1	0.538131952286
7	1	0.946974039078
8	1	0.596106052399
7	1	0.993894815445
7	1	0.997117042542
8	1	0.737091064453
8	1	0.498250961304
7	1	0.595747947693
8	1	0.546910047531
7	1	0.907613992691
7	0	0.66751909256
8	1	0.978006124496
7	1	0.530724048615
7	0	0.9528901577
7	1	1.0112259388
7	0	2.02808713913
8	1	0.826165914536
8	1	0.641003131866
8	1	0.924198865891
8	1	1.7472550869
7	1	0.884212970734
12	1	0.719420909882
12	1	0.746098995209
12	1	0.666465997696
12	1	1.26626300812
12	1	0.746140003204
12	1	0.87944984436
12	1	0.532905101776
12	0	1.29286193848
12	1	0.89276599884
12	1	1.25222802162
12	0	1.21273708344
12	1	0.639935970306
12	1	0.652828931808
12	1	0.679421901703
12	1	1.33225297928
12	1	0.999504089355
12	1	0.906210899353
12	1	0.586276054382
12	1	0.612858057022
12	1	1.06616282463
12	1	1.30608320236
12	1	0.586594104767
12	1	0.7465031147
12	1	0.532958030701
12	1	0.572879076004
12	1	0.639440059662
12	1	0.466236114502
12	1	0.492909193039
12	1	0.532833099365
12	1	0.559410810471
12	1	0.532842159271
12	1	0.599562883377
12	0	1.63927292824
12	1	0.653398990631
12	1	0.560058832169
12	1	0.533427000046
12	1	0.493283987045
12	0	0.559823989868
12	1	0.799403905869
12	1	0.679558992386
12	1	0.626250982285
12	1	0.879790782928
12	1	0.626299858093
12	1	0.53301692009
12	1	1.01284003258
12	1	0.972898006439
12	1	0.652837991714
12	1	0.49285697937
12	1	0.559653043747
12	1	0.506208896637
12	1	0.506129026413
12	1	0.799538135529
12	1	0.493321180344
12	1	0.680021047592
12	1	0.493399858475
12	1	0.493385076523
12	1	0.54656791687
12	1	0.532959938049
12	1	0.826105117798
12	1	0.586256980896
12	1	0.492829084396
12	1	0.666085004807
12	1	0.613270998001
12	1	0.533263921738
12	1	0.693190097809
12	1	0.839734077454
12	1	0.719494104385
12	1	0.733327150345
12	1	0.62664604187
12	1	0.546540021896
12	1	0.519834041595
12	0	0.746112108231
12	1	0.839544057846
12	1	0.853371858597
12	1	1.0128569603
12	1	0.626306056976
12	1	0.57336306572
12	1	0.63992190361
12	1	0.626502037048
12	1	0.679610967636
12	1	0.639622926712
12	0	0.746165990829
12	0	1.81269097328
12	0	2.9451110363
12	1	4.85078310966
12	0	3.21179699898
12	0	6.10336303711
12	1	3.29199385643
12	1	1.10619211197
12	0	1.62560200691
12	1	3.43847107887
12	0	1.97233510017
12	1	2.13227295876
12	1	0.999488115311
12	0	4.69084501266
12	1	2.46517682076
12	1	1.65231919289
12	1	3.23821806908
12	0	3.1452050209
12	1	0.906172037125
12	1	2.77182388306
12	1	1.02608799934
12	1	2.70507001877
12	1	1.26564097404
12	1	0.639517068863
12	1	0.626161813736
12	1	0.492845058441
12	1	0.519521951675
12	1	0.532802820206
12	1	0.612770080566
12	1	0.53328704834
12	0	0.666742086411
12	1	1.71924614906
12	0	0.839504957199
12	1	0.906122922897
12	1	0.626602172852
11	1	1.1858689785
11	1	0.679558038712
11	1	0.546149015427
11	1	0.799453020096
11	1	0.546676874161
11	0	0.879506111145
11	1	0.572936058044
11	1	0.572877168655
11	1	0.559472084045
11	1	0.532920122147
11	1	0.586146116257
11	0	0.639829874039
11	1	2.27906298637
11	1	0.599563121796
11	1	0.586667060852
11	1	0.519905090332
11	0	0.706689834595
11	1	1.90561389923
11	1	0.786194086075
11	1	2.07907414436
11	1	0.55953502655
11	1	1.99907493591
11	1	0.892791986465
11	0	0.839488983154
11	1	1.21256899834
11	1	0.719489812851
11	1	0.626276016235
11	1	0.533232927322
11	1	0.586590051651
11	1	0.586715936661
11	0	0.653224945068
11	1	0.679415941238
11	0	0.719564914703
11	1	0.812642097473
11	1	0.546657085419
11	1	0.786222934723
11	1	0.626155853271
11	1	0.532787084579
11	1	0.532736063004
11	1	0.759426832199
11	1	0.559905052185
11	1	0.45333981514
11	1	0.493275880814
11	0	1.1194601059
11	1	0.572855949402
11	1	0.572813987732
11	1	0.599543094635
11	1	0.959676980972
11	1	0.719532966614
11	1	0.51943898201
11	1	1.43893313408
11	1	0.546215057373
11	1	0.506092071533
11	1	0.62642121315
11	1	0.492852926254
11	1	0.479463100433
11	1	0.492878913879
11	1	0.692914009094
11	1	0.559839010239
11	1	1.11939191818
11	1	0.532805919647
11	1	0.572863817215
11	1	0.572891950607
11	0	0.772950172424
11	1	0.733372926712
11	1	0.759537935257
11	1	0.626172065735
11	1	0.906190156937
11	1	0.799610137939
11	1	0.532890796661
11	1	0.506108045578
11	1	0.626279115677
11	1	0.666167020798
11	1	0.519538164139
11	1	0.492845058441
11	1	0.5463078022
11	1	0.693022966385
11	0	0.759928941727
11	1	0.692680120468
11	1	0.679471969604
11	1	0.679556846619
11	1	0.879804134369
11	1	0.639483213425
11	1	1.25292301178
11	1	0.759510040283
11	1	0.652812004089
11	1	1.11943483353
11	1	0.666176080704
11	0	0.532742977142
11	1	0.55946803093
11	1	0.852674007416
11	1	0.546459197998
11	1	0.8533680439
11	1	0.586534023285
11	1	0.666162967682
11	1	0.519569158554
11	1	0.439499139786
11	1	0.506211042404
11	1	0.706163883209
11	0	0.346153020859
11	1	0.626155138016
11	1	0.906183004379
11	1	0.586570978165
11	1	0.652985095978
11	1	0.612874984741
11	1	0.492757081985
11	1	0.812844991684
11	1	0.573045969009
11	1	0.479918956757
11	1	0.666524171829
11	1	0.533350944519
11	1	0.613263845444
11	1	0.52010512352
11	1	0.586432933807
11	1	0.639522075653
11	1	0.506250143051
11	1	0.54621386528
11	1	0.426127910614
11	1	0.839578866959
11	1	0.519675970078
11	1	1.03928494453
11	1	0.946182012558
11	1	0.533288002014
11	1	0.573418140411
11	1	0.640022039413
11	1	0.493317842484
11	1	0.73296713829
11	1	0.746120929718
11	1	0.479506969452
11	1	0.63963508606
11	1	0.786166906357
11	1	0.66662812233
11	1	0.586629867554
11	1	0.666164159775
11	1	0.612725019455
15	1	0.986242055893
16	1	0.479789018631
15	0	0.892809867859
16	1	0.626228094101
16	1	0.573360919952
16	1	0.533352136612
15	0	0.813286066055
16	1	0.626083135605
16	1	0.519526958466
15	1	0.959409952164
15	1	0.61331486702
16	1	0.586541891098
15	1	0.919440984726
16	1	0.786073923111
15	1	0.599818944931
15	1	0.573319911957
16	0	0.746507167816
16	1	0.572846889496
16	1	0.906124830246
16	1	0.613044977188
16	1	0.879935026169
16	1	0.812745094299
16	1	0.519474029541
16	1	0.586194038391
15	1	0.586160182953
15	1	0.626386165619
15	1	0.626513957977
16	1	0.67994093895
15	1	0.626211166382
16	1	0.61283993721
15	1	0.879409790039
15	1	0.546490907669
16	1	0.813186168671
16	1	0.599520921707
16	1	0.799629926682
16	1	0.772906064987
15	1	0.506692886353
16	1	0.533221006393
16	1	0.573324918747
15	1	0.573242902756
16	1	0.74614906311
16	1	0.439482927322
16	1	0.519510984421
16	1	0.746212005615
15	1	0.746173858643
16	1	0.466727018356
16	1	0.466678142548
16	1	0.71980381012
16	1	0.506613969803
16	0	0.573304891586
15	1	1.22616291046
16	1	0.626750946045
15	1	0.573431015015
16	1	0.546666145325
16	1	0.493252038956
15	1	0.519852876663
15	1	0.62627196312
15	1	0.453076124191
16	1	0.639518022537
16	0	0.839468955994
15	1	0.799712896347
16	1	0.946119070053
15	1	0.532887935638
16	1	0.799539089203
15	1	0.826514005661
16	1	0.533208847046
16	1	0.493222951889
16	1	0.61282491684
16	1	0.599489927292
15	1	0.999534845352
15	1	0.573357105255
15	1	0.54688000679
16	1	0.586762189865
16	1	0.719467878342
16	1	0.57285785675
15	1	0.652927875519
15	1	0.533117055893
15	1	0.652829885483
16	1	0.493458986282
15	1	0.62668800354
16	1	0.706783056259
16	1	0.519843101501
16	1	0.466778039932
16	1	0.586305141449
15	1	1.06614208221
15	1	0.893062114716
16	1	0.586126089096
15	1	0.5594830513
16	1	0.559447050095
15	1	0.612785100937
15	1	0.932864904404
16	1	0.866251945496
16	1	0.599574804306
15	1	0.532804965973
16	1	0.626152992249
16	1	0.559582948685
16	1	0.679765939713
16	1	0.653375864029
16	1	0.839476823807
15	1	0.532869815826
15	1	0.83944106102
16	1	1.06603908539
16	1	0.572833061218
16	1	0.62603187561
15	1	0.719508886337
15	1	0.559937000275
15	1	0.520006895065
16	1	0.546719074249
15	1	0.812908887863
15	0	1.77237486839
15	1	0.852922916412
16	0	0.613373994827
15	1	0.62669301033
16	1	0.63947892189
15	1	0.532838106155
16	1	0.532861948013
16	1	0.772775888443
15	1	0.746305942535
15	1	0.640003919601
15	1	1.55951309204
15	1	0.759531974792
16	1	0.572850942612
16	1	0.506114959717
16	1	0.546155929565
16	1	0.599537849426
16	1	0.532949924469
15	1	0.879787921906
16	1	0.533451080322
15	1	0.74613404274
15	1	0.492784976959
15	1	0.532747030258
15	1	0.519514083862
15	1	0.73290514946
16	1	0.599633932114
15	1	0.693295955658
15	1	0.986161231995
16	1	0.63950586319
9	1	0.6394572258
9	1	0.706238031387
9	1	0.573315143585
9	1	0.626585006714
9	1	0.82622218132
9	1	0.479466915131
9	1	0.732880115509
9	1	0.506271839142
9	1	0.586205005646
9	1	0.640110969543
9	0	0.95956993103
9	1	0.626172065735
9	1	0.666287183762
9	1	0.599725008011
9	0	1.07951307297
9	1	0.866172075272
9	1	2.15898895264
9	1	0.559550046921
9	0	0.932882785797
9	1	0.959522008896
9	1	1.41238617897
9	1	0.586096048355
9	1	0.692784070969
9	1	0.852905988693
9	1	0.65335392952
9	1	0.759467124939
9	1	0.626178026199
9	1	1.22571492195
9	1	0.532737970352
9	1	0.706157922745
9	1	0.586189985275
9	1	0.492964029312
9	1	0.613028049469
9	0	0.613165855408
9	1	0.733397960663
9	1	0.559931993484
9	0	1.15948581696
9	1	0.599797010422
9	1	0.53325009346
9	1	0.60001707077
9	0	1.14606809616
9	1	1.51929807663
9	1	2.99849390984
9	1	0.772835969925
9	1	0.599536895752
9	1	0.799463033676
9	1	0.693248987198
9	1	1.10616517067
9	1	0.626704931259
9	1	0.640003919601
9	1	0.599938869476
9	1	0.586295843124
9	1	1.03958106041
9	1	0.653277873993
9	1	0.546688079834
9	1	0.972869157791
9	1	0.679465055466
9	1	0.533044099808
9	1	0.533154964447
9	1	0.986207008362
9	1	0.599419116974
9	1	0.506119012833
9	1	0.612794160843
9	1	0.812594890594
9	1	0.613269805908
9	1	0.679934024811
9	1	0.546663999557
9	1	0.839366912842
9	0	0.959496974945
9	1	1.3994820118
9	1	0.626657009125
9	1	0.560013055801
9	1	0.480192899704
9	1	0.772941827774
9	0	1.63895606995
9	1	0.719477176666
9	1	0.559895992279
9	1	0.546638011932
9	1	0.573245048523
9	1	0.773078918457
9	1	0.466531991959
9	1	0.706107139587
9	1	0.666224956512
9	0	0.652853012085
9	1	0.573203086853
9	1	0.653364181519
9	1	0.57331609726
9	1	0.573362827301
9	1	0.772775173187
9	1	0.959566116333
9	1	0.826552152634
9	1	1.09289097786
9	1	0.559933900833
9	1	0.693350076675
9	0	0.626353025436
9	1	0.572844028473
9	1	0.532840967178
9	1	0.46614408493
9	1	1.02616786957
9	1	0.932754039764
9	1	0.652808904648
9	1	0.852792978287
9	1	0.61331486702
9	1	0.573325872421
9	1	0.613312959671
9	0	0.812834978104
9	1	0.74619603157
9	0	0.773055076599
9	1	0.613355875015
9	1	0.61304807663
9	1	0.506551980972
9	1	0.839504957199
9	1	0.612847805023
9	1	0.519689083099
9	0	0.573031902313
9	1	0.626570940018
9	1	0.573345184326
9	0	1.05278897285
9	1	1.17246603966
9	1	0.946316003799
9	1	0.666418075562
9	1	0.813079118729
9	1	0.519858121872
9	1	0.532989025116
9	1	0.719420909882
9	1	0.652754068375
9	1	0.919620990753
9	1	1.38618803024
9	0	0.839524030685
9	1	0.852958917618
9	1	1.07920193672
9	1	0.612883090973
13	1	1.85232114792
14	1	0.546745061874
14	1	0.812906980515
13	1	1.31931400299
14	0	0.946261882782
14	1	0.652915000916
14	1	0.586652040482
14	1	0.506515026093
14	1	0.733325958252
14	1	0.639524936676
13	1	1.14611887932
13	0	1.13284397125
14	0	2.17185997963
14	1	3.01184105873
13	1	0.693341970444
13	1	1.93234395981
13	1	1.47907805443
13	0	0.812724113464
14	1	1.79938101768
14	1	2.03905892372
13	1	1.47896385193
13	1	1.50553202629
14	1	0.786149024963
13	1	0.573421001434
13	1	0.719704151154
14	1	0.86625790596
14	1	0.519483089447
13	1	0.586189985275
13	1	0.866392850876
13	1	0.51993393898
14	1	0.546649932861
14	1	0.692705154419
13	0	1.0128159523
13	1	1.94565987587
13	1	0.986170053482
14	1	0.773335933685
14	1	0.719544887543
14	1	1.19952702522
14	0	0.759568929672
14	1	4.37129211426
14	1	2.21229791641
13	0	3.0385248661
14	1	0.906080007553
13	1	0.640015125275
13	1	0.546570062637
13	1	0.466723918915
14	1	0.506693840027
13	1	0.546712875366
13	1	0.852869987488
14	1	0.572797060013
13	1	0.759598016739
14	1	1.09267997742
14	1	1.98560404778
14	1	0.90626001358
14	1	2.35891699791
14	1	3.21185708046
14	1	0.68004322052
14	1	0.692863941193
13	1	1.2529361248
13	1	0.852823019028
14	1	0.586206912994
13	1	0.546133995056
14	1	0.666275024414
13	1	0.773251056671
14	1	0.506656885147
14	1	0.932806015015
13	1	0.572760820389
13	1	1.93233418465
14	1	1.34624385834
13	1	0.733215093613
14	1	0.626356124878
13	0	0.532968044281
14	1	0.706176996231
13	1	0.572834014893
14	1	0.719496965408
13	1	0.75994515419
14	1	0.892831087112
13	1	0.746080875397
14	1	0.572980165482
13	1	0.813289880753
13	0	1.31946396828
14	1	1.67946004868
14	0	1.25288701057
14	0	1.19955706596
14	1	0.62624001503
13	1	0.533008098602
13	1	1.37271308899
14	0	1.38569021225
13	1	1.1328420639
13	1	1.86559391022
13	1	0.932762861252
14	1	2.61227798462
13	1	1.18615198135
13	1	0.546664953232
14	1	0.559888124466
14	1	1.07947802544
13	0	0.692803144455
14	1	0.879559993744
13	1	1.23945903778
14	1	0.626593828201
13	1	0.546622037888
13	1	0.546700954437
13	1	0.679594039917
13	1	0.786067008972
14	1	0.612790822983
14	0	1.11913704872
14	1	0.586123943329
14	1	0.439548015594
13	1	0.946159124374
13	1	0.933215141296
13	0	0.679521083832
13	1	0.692816972733
13	0	1.35905694962
13	1	0.639451980591
14	1	1.07930707932
14	1	0.692703962326
14	1	0.50615811348
13	0	0.532836914062
16	1	2.092222929
15	1	1.17285490036
16	1	0.666713953018
15	1	0.69294500351
16	1	1.03949189186
16	0	0.626642942429
16	1	0.586699962616
16	1	0.519989967346
16	1	0.573307037354
16	1	0.666161060333
16	0	0.572772979736
16	1	0.639450073242
15	1	2.01233506203
15	0	0.759510993958
15	0	1.02625703812
16	1	2.17247200012
16	0	0.932823896408
15	0	0.693293094635
16	1	1.81238412857
16	1	0.652813911438
15	1	0.773032188416
16	1	0.599992990494
15	0	1.13280177116
15	1	1.2525138855
15	1	0.546209096909
16	1	1.01297593117
15	1	0.57331609726
16	1	1.02620792389
15	0	1.11906814575
16	1	1.30611205101
16	0	0.799510002136
15	1	0.852824926376
16	1	0.639820098877
15	1	0.613348960876
16	1	0.626768112183
15	0	0.74623298645
15	1	0.786041975021
16	0	0.479635953903
16	1	0.799506902695
16	1	1.07957315445
15	1	0.626219987869
15	0	0.853126049042
16	0	0.613338947296
15	1	0.906172990799
15	1	0.599440097809
16	1	0.479715108871
16	1	0.639576911926
15	1	0.46660399437
16	1	0.466679811478
16	0	0.733267068863
15	1	0.586699008942
15	1	0.63964009285
16	1	0.466491937637
16	0	0.639523983002
16	1	0.572772979736
16	1	0.532799959183
16	1	0.532868146896
15	0	0.759569168091
16	1	0.453279018402
16	1	0.546608924866
16	0	0.600024938583
16	1	0.653219223022
15	1	0.6797311306
15	1	0.599553108215
16	1	0.879500865936
16	1	0.533232927322
16	1	0.519913911819
16	1	0.62664103508
15	1	0.533314943314
15	0	0.533257007599
15	1	0.972729921341
15	0	1.41230106354
15	1	0.786092996597
15	1	0.546601057053
15	1	0.91974902153
15	1	0.586114883423
16	1	0.559479951859
15	1	0.466221094131
15	1	1.39901804924
15	1	1.11939287186
16	1	0.573205947876
15	0	0.852854013443
15	1	0.692708969116
16	1	0.506098985672
16	1	1.45235204697
15	1	0.852838993073
15	1	0.71995806694
15	1	0.546461105347
15	1	0.732935905457
16	1	0.639457941055
15	1	0.679508924484
15	1	0.626384019852
16	1	0.640163898468
16	1	0.826161146164
15	1	0.826122999191
16	1	0.70619392395
15	1	0.680001020432
16	1	0.71947312355
15	1	0.692757129669
15	0	0.919574022293
15	1	0.826241016388
16	1	0.666084051132
15	0	0.759540081024
15	1	0.732877969742
16	1	0.693334102631
15	0	0.892848014832
15	1	0.746183872223
15	1	0.519994020462
16	0	0.65319609642
16	1	0.626586914062
16	1	0.892804145813
16	1	0.479439020157
16	1	0.492822170258
15	1	0.426105976105
16	1	0.466225147247
16	1	0.466105937958
16	1	0.559444904327
16	1	0.532965898514
16	1	0.999485969543
16	1	1.75909399986
15	1	0.572863101959
15	1	0.49276304245
15	1	0.572728872299
16	1	0.466153860092
16	1	0.546298027039
16	0	0.679440021515
16	1	0.919497013092
15	1	0.706215143204
15	1	0.65279507637
15	0	0.652924060822
16	1	0.892767906189
16	1	0.559983968735
10	0	0.959583044052
10	1	0.732725858688
10	0	1.38588309288
10	1	0.919430017471
10	1	0.652734994888
10	1	0.573332071304
10	1	0.506596088409
10	1	0.573354959488
10	1	2.22570991516
10	0	1.1191971302
10	1	1.07957100868
10	1	1.0927491188
10	1	1.1326918602
10	1	0.652781963348
10	1	0.972827911377
10	1	0.573338031769
10	1	0.666615962982
10	0	0.959523916245
10	1	0.626189947128
10	1	0.93283700943
10	1	0.932851076126
10	1	0.612890958786
10	1	0.732886075974
10	0	0.759994983673
10	1	0.5464220047
10	0	0.479749917984
10	1	0.772850036621
10	1	0.86622095108
10	1	0.65328502655
10	1	0.732959032059
10	1	0.639482975006
10	1	0.732933998108
10	1	1.62559914589
10	1	0.879921913147
10	1	0.666131019592
10	0	0.73278093338
10	1	0.692816019058
10	1	0.626602888107
10	1	0.760020971298
10	1	0.559646129608
10	0	0.666165828705
10	1	0.932956218719
10	1	0.73344707489
10	0	0.719534873962
10	0	0.852852106094
10	0	1.29255604744
10	0	3.94468307495
10	0	4.19800305367
10	1	4.90428304672
10	1	1.46613001823
10	1	0.839421033859
10	1	0.732919931412
10	1	0.599514961243
10	1	0.613114833832
10	1	0.573355913162
10	1	0.546805858612
10	0	0.666656017303
10	1	1.78556394577
10	1	1.30575609207
10	1	1.13296508789
10	1	0.520088911057
10	1	0.73329782486
10	1	0.506651163101
10	0	0.573022127151
10	1	0.599539041519
10	1	0.586251020432
10	1	0.666166067123
10	0	0.986104011536
10	1	0.626308917999
10	1	0.732781887054
10	0	0.626176834106
10	0	0.905999898911
10	1	0.599905014038
10	1	0.480057001114
10	1	0.480033874512
10	1	0.772798061371
10	0	0.599524021149
10	1	0.62619304657
10	1	1.26571917534
10	1	0.519505977631
10	1	0.506203889847
10	1	0.639556884766
10	1	0.799495220184
10	1	0.520051956177
10	1	0.573394060135
10	1	0.400082111359
10	1	0.413307905197
10	1	0.493305206299
10	1	0.54673409462
10	1	0.653403043747
10	0	0.519966125488
10	1	0.692778110504
10	1	0.706165790558
10	1	0.679508924484
10	1	0.61295580864
10	0	0.613341808319
10	1	0.986241102219
10	1	0.652859210968
10	1	0.586184024811
10	1	0.599581003189
10	1	1.01328992844
10	1	0.599463939667
10	1	0.572733163834
10	1	0.599524974823
10	1	0.839501142502
10	1	0.679907083511
10	1	0.572993993759
10	1	0.479860067368
10	1	0.666170835495
10	1	0.812834024429
10	1	0.879692077637
10	1	0.706175088882
10	1	0.826140165329
10	0	0.732847929001
10	1	0.813150882721
10	1	0.666265010834
10	1	0.652801990509
10	1	0.666172981262
10	1	1.30573606491
10	1	0.652878046036
10	1	0.719516992569
10	0	2.05227899551
10	1	0.892735004425
10	1	0.786580085754
10	1	1.43956899643
10	0	1.25272417068
14	1	3.46465301514
14	1	0.972776889801
14	1	0.772716999054
13	1	0.666126012802
13	1	1.11944293976
14	1	0.826137065887
14	1	0.559512853622
14	1	0.612831830978
14	1	0.626160860062
14	1	0.640025854111
13	0	0.559993028641
13	1	0.693303823471
13	1	0.61296916008
13	1	0.799414157867
14	1	0.746250152588
13	1	0.680042028427
14	0	0.719447851181
13	1	0.732814073563
14	1	0.692720890045
14	1	0.693045854568
14	1	0.759952068329
14	1	0.866192102432
14	1	0.945905923843
13	1	0.653269052505
14	1	0.546430826187
13	0	0.82622218132
14	1	0.719484806061
13	0	0.77339887619
13	1	0.719516992569
13	1	0.786256074905
14	1	0.679506063461
14	1	0.600005865097
14	1	0.733314990997
13	1	0.812776088715
13	1	0.612833976746
14	1	0.7061419487
14	1	0.573331832886
13	1	0.573336839676
13	0	0.586755990982
13	0	1.03953289986
14	1	0.612760066986
14	1	0.826465129852
13	0	0.666381120682
14	1	0.799362897873
14	1	0.946184158325
14	1	0.66662812233
14	1	0.599711179733
13	1	0.786120891571
13	1	0.732928037643
13	1	0.573392868042
14	1	0.720021009445
14	1	0.706214189529
13	0	0.626134872437
14	1	0.599591970444
13	0	1.02614116669
14	1	0.7461810112
14	1	0.706167936325
13	1	0.63947892189
14	1	0.586284160614
13	0	0.853278875351
13	1	0.559798002243
14	1	0.572900056839
14	0	0.639492988586
14	1	0.706160068512
14	1	0.772833824158
14	1	0.706705093384
14	1	1.17275595665
13	1	0.653250932693
13	1	0.812818050385
14	1	0.679602861404
13	1	0.852850914001
13	1	0.573358058929
14	1	0.733337879181
13	1	0.626108884811
13	1	0.612793922424
13	0	0.919509887695
14	0	0.693361997604
14	0	0.826224088669
13	1	0.879449129105
14	1	0.946335792542
13	1	0.839477062225
14	1	0.666221857071
14	1	0.653115987778
14	1	0.640105009079
14	1	0.706279039383
14	1	0.719531059265
14	1	0.852990150452
14	1	0.706723928452
14	1	0.759510993958
13	1	0.692897081375
14	1	0.852880001068
13	1	0.786494970322
14	1	0.759471178055
14	1	0.706174135208
14	0	0.692801952362
13	1	0.599924087524
14	1	0.613389015198
14	1	0.559982061386
13	1	0.626258134842
14	1	0.692857027054
13	0	0.612868070602
13	1	1.02619504929
13	1	0.652760982513
13	1	0.719429016113
14	0	0.706142902374
14	0	0.733040094376
13	1	0.719787120819
14	1	0.772850036621
14	1	0.612882137299
13	0	0.999512910843
14	0	0.826233148575
13	1	1.26589798927
14	1	0.679619073868
13	1	0.946183919907
13	1	1.19948720932
14	1	0.612915992737
14	1	1.06586790085
13	1	0.879425048828
14	1	0.706146001816
14	1	0.70662689209
13	1	0.626539230347
14	0	0.626116037369
13	1	0.652803182602
13	0	0.839476823807
13	1	0.786646127701
13	1	0.652719974518
13	1	0.639760971069
14	0	1.21289610863
14	1	0.692778110504
14	1	0.893007993698
14	1	0.666716098785
13	1	0.786317825317
18	1	0.572109937668
18	1	0.698158979416
18	1	0.616764068604
18	1	0.539599895477
18	1	0.484389066696
18	1	0.448926925659
18	1	0.413342952728
18	1	0.577599048615
18	1	0.425366163254
18	1	0.445014953613
18	1	0.41844701767
18	1	0.393379926682
18	1	0.381404161453
18	1	0.355980157852
18	0	0.547101974487
18	1	0.499122858047
18	1	0.537287950516
18	1	0.371006965637
18	1	0.435034036636
18	1	0.421319007874
18	1	0.433334827423
18	1	0.501466989517
18	1	0.450018167496
18	1	0.402546882629
18	1	0.402262926102
18	1	0.63548707962
18	0	0.579305171967
18	1	0.6517598629
18	1	0.644113063812
18	1	0.497841835022
18	1	0.684185028076
18	0	0.652609825134
18	1	0.737004995346
18	1	0.677743911743
18	1	0.392097949982
18	1	0.45965218544
18	1	0.419384002686
18	1	0.429118871689
18	1	0.610456943512
18	1	0.756850004196
18	1	0.474927902222
18	1	0.690989017487
18	1	0.499159097672
18	1	0.44297003746
18	1	0.459280967712
18	1	0.466625928879
18	1	0.458098888397
18	1	0.499634027481
18	1	0.50630402565
18	1	0.685961008072
18	1	0.466160058975
18	1	0.402455091476
18	1	0.587225198746
18	1	0.458300828934
18	1	0.523583889008
18	1	0.704787969589
18	1	0.508077144623
18	1	0.385549068451
18	1	0.388154029846
18	1	0.827146053314
18	1	0.492501974106
18	1	0.506968975067
18	1	0.457211017609
18	1	0.396903991699
18	1	0.506807088852
18	1	0.779064893723
18	1	0.546941995621
18	0	0.530788898468
18	0	0.682632923126
18	1	0.668761968613
18	1	0.474020957947
18	1	1.15403008461
18	1	0.645056009293
18	1	0.634784936905
18	1	0.442764997482
18	1	0.547338962555
18	1	0.500377893448
18	1	0.516875982285
18	1	0.737857103348
18	1	0.604733943939
18	1	0.507760047913
18	1	0.48206615448
18	1	0.69150686264
18	1	0.682667970657
18	0	0.645011901855
18	1	0.610300064087
18	1	0.601160049438
18	1	0.516611099243
18	1	0.643722057343
18	1	0.475774049759
18	1	0.539877891541
18	1	0.540235996246
18	1	0.642287015915
18	1	0.531249046326
18	1	0.563765048981
18	1	0.881402015686
18	0	0.994776010513
18	1	0.682445049286
18	1	0.65200304985
18	1	0.41231584549
18	1	0.49747300148
18	1	0.562772989273
18	1	0.419075012207
18	1	0.388789892197
18	0	0.481502056122
18	1	0.64492893219
18	1	0.410477161407
18	1	0.41046500206
18	1	0.795562982559
18	1	0.471273899078
18	1	0.378428936005
18	1	0.532553911209
18	1	0.604732990265
18	1	1.18281412125
18	1	0.445224046707
18	1	0.549192905426
18	1	0.424775838852
18	1	0.604526996613
18	1	0.481482028961
18	1	0.48438000679
18	1	0.416927099228
18	1	0.588725090027
18	1	0.458303928375
18	1	0.660132169724
18	1	0.683092832565
18	1	0.555521011353
18	1	0.49062204361
18	1	0.514063835144
18	1	0.459912061691
18	1	0.580374956131
18	1	0.697592020035
18	0	0.498380899429
18	1	0.484559059143
18	1	0.595758914948
18	1	0.474678039551
18	1	0.97553396225
18	1	0.493613958359
18	1	0.452016115189
18	1	0.548605203629
18	1	0.578225135803
18	1	0.450604915619
18	1	1.08414101601
18	1	0.600939035416
18	1	0.645030975342
18	1	0.441437005997
24	1	1.49193310738
24	1	0.70153093338
23	0	0.536572933197
23	1	0.699533939362
24	1	0.50793504715
23	1	0.576977014542
24	1	0.491744995117
24	1	0.555899858475
24	1	0.442096948624
23	1	0.426679134369
24	1	0.443555831909
24	1	0.578969955444
23	1	1.19546198845
23	1	1.176019907
24	1	0.58104300499
23	1	0.676069974899
23	1	0.561191797256
24	1	0.41724395752
23	0	0.628487110138
24	1	0.443295001984
24	1	0.460706949234
23	1	0.594091892242
23	1	0.394558906555
24	1	0.430944919586
23	1	0.561902999878
24	1	0.48214006424
23	0	0.619688034058
23	1	0.466070890427
24	1	0.419251918793
23	1	0.521535158157
24	1	0.749571084976
24	1	0.707038879395
24	1	0.449520111084
24	1	0.395626068115
24	0	0.627465963364
24	1	0.603904008865
24	1	0.504897117615
24	1	0.404937982559
24	1	0.402932167053
24	1	0.425995826721
24	1	0.41249704361
23	1	0.40078997612
23	1	0.523942947388
23	1	0.466526985168
24	0	0.796061038971
24	1	0.528847932816
24	1	0.388113975525
24	1	0.810633897781
23	1	0.458885908127
24	1	0.402550935745
24	1	0.842475891113
24	1	0.579346179962
24	1	0.517143011093
24	1	0.668067216873
24	1	0.545459032059
24	1	0.509016036987
24	1	0.394568920135
23	1	0.456799030304
24	1	0.393686056137
23	1	0.563014030457
23	1	0.540778160095
24	1	1.04947113991
24	0	0.954866886139
24	1	0.490574121475
23	1	0.704661130905
24	1	0.66025185585
23	1	0.530609846115
24	0	0.62754201889
24	1	0.649477005005
24	1	0.539504051208
24	1	0.397426128387
24	1	0.720746040344
24	1	0.596212863922
24	1	0.417678833008
23	1	0.739196062088
24	1	0.457510948181
23	1	0.668812036514
23	1	0.538467884064
23	1	0.50036406517
23	1	0.425781011581
23	1	0.475065946579
23	1	0.474296092987
24	1	0.723040103912
23	1	1.37157607079
24	1	0.611671924591
23	1	0.820243120193
24	1	0.624875068665
24	0	0.635075092316
23	1	0.531283140182
24	1	0.427002906799
24	1	0.483752965927
23	1	0.707180023193
24	1	0.54529094696
24	1	0.507454872131
24	1	0.738064050674
23	1	0.507521152496
23	1	0.586854934692
23	1	0.562607049942
23	1	0.603241920471
23	1	0.61871099472
24	1	0.570948839188
24	1	0.580176115036
23	0	0.625665903091
23	1	0.76347899437
23	1	0.451776027679
23	1	0.635201931
23	1	0.636927127838
24	1	0.530139923096
24	1	0.410554885864
23	1	0.37849187851
23	1	0.45938706398
24	1	0.425605773926
24	1	0.571130990982
24	1	0.588235855103
23	1	0.53954410553
23	1	0.672929048538
24	0	0.620668172836
24	1	0.496716022491
23	1	0.586394786835
24	1	0.612195014954
24	1	0.435133934021
23	1	0.540507078171
24	1	0.452022075653
24	1	0.538834095001
23	1	0.64296412468
24	1	0.451503992081
23	1	0.547253131866
23	1	0.497035980225
23	1	0.627709150314
23	0	0.747656106949
24	1	0.489474058151
24	1	0.588332891464
24	0	0.769894838333
24	1	0.74514913559
23	1	0.564949035645
23	1	0.481283903122
24	1	0.918802976608
23	1	0.945043087006
23	1	0.602317810059
23	1	0.634308815002
24	1	0.836641073227
23	1	0.578718185425
23	1	0.572553157806
19	1	0.834630012512
19	1	0.47389292717
19	1	0.467573165894
19	1	0.403683185577
19	1	0.48145198822
19	1	0.451497077942
19	1	0.502008914948
19	1	0.537703990936
19	1	0.417769908905
19	1	0.420397996902
19	1	0.404397964478
19	1	0.376908063889
19	1	0.443376064301
19	1	0.436855077744
19	1	0.721207857132
19	1	0.490478038788
19	1	0.477334022522
19	1	0.362486124039
19	1	0.420472145081
19	1	0.457909107208
19	1	0.579280853271
19	1	0.371860027313
19	1	0.44261598587
19	1	0.442599773407
19	1	0.435852050781
19	1	0.442312955856
19	1	0.481927871704
19	1	0.403478145599
19	1	0.466293096542
19	0	0.580547094345
19	1	0.642201900482
19	1	0.556537866592
19	1	0.49818778038
19	1	0.698862075806
19	1	0.802804946899
19	1	0.522115945816
19	1	0.411416053772
19	1	0.509908914566
19	1	0.419430971146
19	1	0.522800922394
19	1	0.435087203979
19	1	0.411560058594
19	1	0.43482708931
19	1	0.587779045105
19	1	0.378852128983
19	1	0.409368038177
19	1	0.586303949356
19	1	0.475880146027
19	1	0.426524877548
19	1	0.42991900444
19	1	0.657773017883
19	1	0.440871953964
19	1	0.402469158173
19	1	0.467298030853
19	1	0.428385019302
19	1	0.450163125992
19	0	0.435276985168
19	1	0.403409957886
19	1	0.450685024261
19	1	0.361368894577
19	1	0.418477058411
19	1	0.331637859344
19	1	0.468730926514
19	1	0.424731016159
19	1	0.637256145477
19	1	0.545343875885
19	1	0.51003408432
19	1	0.562544107437
19	1	0.419080018997
19	1	0.393183946609
19	1	0.386327981949
19	1	0.485405921936
19	1	0.36091709137
19	1	0.834287166595
19	1	0.426905155182
19	1	0.60607790947
19	1	0.43337392807
19	1	0.442543029785
19	1	0.428853988647
19	1	0.354465961456
19	1	0.421724081039
19	1	0.384006977081
19	1	0.3468708992
19	1	0.652348041534
19	1	0.361872911453
19	1	0.452477931976
19	1	0.433317184448
19	1	0.580291032791
19	1	0.450887918472
19	1	0.355331897736
19	1	0.379375934601
19	1	0.425118923187
19	1	0.586515903473
19	1	0.356423854828
19	1	0.6662940979
19	1	0.563200950623
19	1	0.388998031616
19	1	0.386794090271
19	1	0.459933996201
19	1	0.521475076675
19	1	0.413436174393
19	1	0.40096116066
19	1	0.386349916458
19	0	0.699600934982
19	1	0.516487121582
19	1	0.62727189064
19	0	0.484039068222
19	1	0.707244873047
19	0	0.464813947678
19	1	0.506337881088
19	1	0.475686073303
19	1	0.788312911987
19	1	0.570510864258
19	1	0.71407699585
19	1	0.507302999496
19	1	0.458187103271
19	1	0.42093706131
19	1	0.369415044785
19	1	0.500613927841
19	1	0.458784103394
19	1	0.458373069763
19	1	0.39425611496
19	1	0.473877191544
19	1	0.467433929443
19	0	0.588207006454
19	1	0.571405172348
19	1	0.53861784935
19	1	0.489440202713
19	1	0.636461019516
19	1	0.515340805054
19	1	0.400882005692
19	1	0.402202129364
19	1	0.429796934128
19	1	0.640869855881
19	1	1.06166505814
19	1	0.46585392952
19	1	0.459048986435
19	1	0.572355985641
19	1	0.417651891708
19	1	1.02789306641
19	1	0.572183132172
19	1	0.617708206177
19	1	0.547576904297
19	1	0.433938980103
19	1	0.451890945435
19	1	0.640261888504
19	1	0.540147066116
19	1	0.786640882492
19	1	0.54988193512
17	1	0.707222938538
17	1	0.385574102402
17	1	0.437418937683
17	1	0.472681045532
17	1	0.341177940369
17	1	0.419245004654
17	1	0.585829019547
17	1	0.434216022491
17	1	0.380000829697
17	1	0.458722114563
17	1	0.418049097061
17	0	0.577800035477
17	1	0.620032072067
17	1	0.417728900909
17	1	0.425303220749
17	1	0.435175895691
17	1	0.380532979965
17	1	0.378509044647
17	1	0.498611927032
17	1	0.483310937881
17	0	0.618280172348
17	1	0.668395042419
17	1	0.602205038071
17	1	0.539870023727
17	1	0.548300981522
17	1	0.523180961609
17	1	0.52216386795
17	1	0.777031898499
17	1	0.684536933899
17	1	0.611742973328
17	1	0.586618900299
17	1	0.516050815582
17	1	0.577612876892
17	1	0.610303878784
17	1	0.44405412674
17	1	0.466871023178
17	1	0.553870201111
17	1	0.603986978531
17	1	0.619312047958
17	1	0.563609838486
17	1	0.573163032532
17	1	0.58479309082
17	1	0.506848096848
17	1	0.42015504837
17	1	0.55588388443
17	1	0.578032016754
17	0	0.537719011307
17	0	1.67738294601
17	1	0.539305210114
17	1	0.584857940674
17	1	0.714779138565
17	1	0.735611915588
17	1	1.15961694717
17	1	0.973008871078
17	1	0.69008398056
17	1	0.72236084938
17	1	0.704783916473
17	1	0.667197942734
17	1	0.691930055618
17	1	0.723410129547
17	1	0.753988981247
17	1	0.634104967117
17	1	0.642688035965
17	1	0.692149877548
17	1	0.833801984787
17	1	0.668945074081
17	1	0.72069311142
17	1	0.659512042999
17	1	0.828059196472
17	1	0.778369903564
17	1	0.673936843872
17	1	0.62668800354
17	1	0.586194992065
17	1	0.643677949905
17	1	0.561434984207
17	1	0.59543299675
17	1	0.803045034409
17	1	0.668738126755
17	1	0.751903057098
17	1	0.709179878235
17	1	0.63395190239
17	0	0.728278875351
17	1	0.740058898926
17	1	0.675198078156
17	1	0.596367120743
17	1	0.594352006912
17	1	0.602875947952
17	1	0.539863109589
17	1	0.599761962891
17	1	0.501975059509
17	1	0.627429008484
17	1	0.473572015762
17	1	0.613309860229
17	1	0.53164601326
17	1	0.673289060593
17	1	0.693836927414
17	1	0.618544101715
17	1	0.651561975479
17	1	0.706249952316
17	1	0.612691164017
17	0	0.794890880585
17	1	0.644362926483
17	1	0.674829006195
17	1	0.658846855164
17	1	0.794803142548
17	1	0.683229923248
17	1	0.652028799057
17	1	0.601509094238
17	0	0.721563816071
17	0	0.685173034668
17	1	0.681080102921
17	1	0.716203927994
17	1	0.601089000702
17	1	0.702142953873
17	1	0.755789041519
17	1	0.553783178329
17	1	0.505093097687
17	1	0.572630882263
17	1	0.579817056656
17	1	0.634860992432
17	1	0.769106864929
17	1	0.54022693634
17	1	0.545782089233
17	1	0.827045917511
17	1	0.523119926453
17	1	0.769929885864
17	1	0.645254135132
17	1	0.619119882584
17	1	0.435725927353
17	1	0.529672145844
17	1	0.449681997299
17	1	0.594488143921
17	1	0.514961004257
17	0	0.548358917236
17	1	0.521431922913
17	0	0.626085996628
17	1	0.836282014847
17	1	0.602896928787
17	1	0.570676088333
17	0	1.17138791084
17	0	0.868029117584
21	1	1.33243012428
21	1	0.593899965286
21	1	0.550313949585
21	1	0.522430896759
21	1	0.61946606636
22	1	0.633848905563
22	0	0.810923099518
22	1	0.714869976044
21	1	0.628216028214
21	0	0.649239063263
22	1	0.724097967148
21	1	1.13676404953
22	1	0.787044048309
21	1	0.692061901093
21	0	0.714585065842
21	0	2.31059288979
21	1	1.17729210854
22	1	1.01165103912
22	1	0.651213169098
21	1	1.40261912346
21	1	0.763052940369
21	1	1.10458397865
21	1	0.563582897186
21	1	0.578869104385
21	0	0.690583944321
22	1	0.628044843674
21	1	0.747624874115
21	0	0.786213874817
21	1	0.972116947174
21	1	0.843109130859
22	1	0.578581094742
22	1	0.603414058685
22	1	0.552733898163
22	1	0.571110010147
21	1	0.612210988998
22	1	0.468214035034
22	1	0.603866100311
21	1	0.69042301178
21	1	0.75363278389
21	1	0.498986005783
22	1	0.593939781189
21	1	0.554673910141
22	1	0.907557010651
21	1	0.844138145447
21	1	0.954894781113
21	1	0.612437963486
21	1	0.578325033188
21	1	0.730337142944
22	1	0.637834072113
21	1	0.505032062531
22	1	0.610980033875
22	1	0.609017848969
21	1	0.607301950455
22	1	0.691731929779
22	1	0.496676921844
22	1	0.512713909149
21	1	0.509876966476
21	1	0.44344997406
21	1	0.673722028732
21	1	0.642609119415
22	1	0.46889591217
21	1	0.706556081772
21	1	0.49994301796
21	1	0.552791118622
21	1	1.3799059391
21	1	1.03253388405
22	1	1.64354205132
22	1	0.659894943237
21	0	0.721319913864
21	0	0.666275978088
21	1	0.644627094269
22	1	0.467585086823
22	1	0.418877124786
22	1	0.538534879684
21	1	0.793957948685
21	1	0.49198102951
21	1	0.476022005081
21	1	0.586061954498
22	1	0.524965047836
22	1	0.442383050919
21	1	0.569344997406
22	1	0.435513973236
22	1	0.636600017548
22	0	0.754768848419
22	1	0.675628900528
21	1	0.403819084167
21	1	0.481564998627
22	1	0.450875043869
21	1	0.428308010101
21	1	0.499154090881
21	1	0.43679690361
21	1	0.714730024338
22	1	0.627014160156
22	1	0.489680051804
22	1	0.47563791275
22	1	0.475428819656
22	1	0.675348997116
22	1	0.850291013718
21	1	0.51736998558
21	1	0.610054969788
21	1	0.572726011276
21	1	0.594138145447
21	1	0.844433069229
21	1	0.490874052048
22	1	0.506016969681
22	1	0.476155996323
22	1	0.481630086899
22	1	0.435553789139
22	1	0.449203968048
22	1	0.436420917511
21	1	0.532719135284
22	1	0.434563875198
21	1	0.506394147873
21	1	0.66855597496
21	1	0.489172935486
22	1	0.651094913483
22	1	0.473056793213
21	1	0.460036993027
22	1	0.395036935806
21	1	0.435487985611
22	1	0.442433834076
21	1	0.490467071533
22	1	0.443367004395
22	1	0.548573970795
22	1	0.673360109329
22	1	0.701344013214
22	1	0.483445167542
22	1	0.43436217308
22	1	0.594676971436
21	1	0.388815879822
21	1	0.587276935577
21	1	0.584851980209
21	1	0.524504899979
21	1	0.633480072021
22	1	0.416580200195
21	1	0.475541830063
22	1	0.386770009995
22	1	0.404664993286
22	1	0.570651054382
22	0	0.642117023468
21	1	2.02864718437
22	1	0.755248069763
21	1	0.586199998856
22	1	0.723161935806
22	1	0.62644982338
21	0	0.692217826843
21	1	0.657161951065
22	1	0.524561166763
21	1	0.545328855515
22	1	0.491506099701
22	1	0.498667001724
21	1	0.611600160599
21	1	0.570694923401
22	1	0.523652076721
21	1	0.634421825409
21	1	0.507347106934
21	1	0.635629892349
21	1	0.691191911697
22	1	0.540817975998
21	1	0.552683830261
22	1	0.634518861771
21	1	0.555635929108
22	1	0.700356960297
21	1	0.613380908966
22	1	0.617405176163
22	1	0.540985107422
21	1	0.731113910675
22	1	0.579483032227
22	1	0.613177061081
21	0	1.08110404015
21	1	0.665653944016
22	1	0.699086904526
21	1	0.705481052399
22	1	0.60446190834
22	1	0.610978841782
22	1	0.674876928329
21	1	0.63241314888
21	0	0.690768003464
21	0	1.22049689293
22	1	0.626812934875
21	1	0.619910001755
21	1	0.579694986343
22	1	0.560787916183
22	1	0.524380922318
21	1	0.578922986984
21	1	0.555855989456
21	1	0.522927999496
21	1	0.513278961182
21	1	0.531490087509
22	1	0.531167030334
22	1	0.539889097214
22	1	0.55215716362
21	1	0.707765817642
22	1	0.473538160324
22	1	0.4835729599
22	1	0.563086986542
22	1	0.570437192917
22	1	0.825364112854
22	1	0.627465963364
21	0	1.01179790497
21	1	0.731073856354
22	1	0.644544839859
21	1	0.61932182312
21	1	0.800402164459
22	1	0.651605129242
22	1	1.09086489677
22	1	0.612546920776
22	1	0.714033126831
22	1	0.634674072266
21	1	0.579658031464
22	1	0.588017940521
21	1	0.619780063629
22	1	0.731184005737
21	1	0.685385942459
22	1	0.559928894043
21	1	0.651057004929
22	1	0.651449918747
21	1	0.75493311882
21	1	0.748245954514
21	1	0.593861103058
21	1	1.48403501511
22	0	0.770176887512
21	1	1.16430592537
21	1	1.10684490204
22	1	0.699995040894
21	1	0.571912050247
21	1	0.640367031097
22	1	0.766798019409
22	1	0.569477081299
21	1	0.594583034515
21	1	0.507843017578
22	1	0.623759031296
22	1	0.651463985443
21	1	0.508777141571
21	0	0.683207035065
22	1	0.778873920441
22	1	0.636711120605
22	1	0.842094898224
21	1	0.560640096664
21	1	0.549175977707
22	1	0.53790307045
21	1	0.788599014282
21	1	0.531806945801
21	1	0.625699043274
22	1	0.47492980957
21	1	0.531664848328
21	1	0.67437505722
22	1	0.683515071869
22	1	0.603622913361
22	1	0.46560716629
21	1	0.618995904922
21	1	0.624987840652
21	0	0.532598972321
21	1	0.538651943207
21	1	0.531263113022
22	1	0.490363836288
21	1	0.485508918762
21	1	0.547179937363
21	1	0.528218984604
22	1	0.429064035416
21	1	0.636719942093
22	1	1.20890903473
21	1	0.557943105698
22	1	0.585777997971
22	1	0.539291143417
22	1	0.476001977921
22	1	1.75515699387
22	1	0.594198942184
21	1	0.87319111824
22	1	0.692134857178
21	1	0.484411001205
21	1	0.401510953903
22	1	0.514540195465
22	1	0.485018014908
21	1	0.611227989197
22	1	0.496995925903
22	1	0.55535697937
22	1	0.48419213295
21	0	0.578913927078
24	1	1.42770004272
23	1	0.594721078873
24	1	0.611163139343
24	1	0.804651021957
23	1	0.611874818802
24	1	0.59281206131
23	1	0.594899892807
23	1	0.530385017395
24	1	0.475039958954
23	1	0.508253097534
23	1	0.770126104355
24	1	0.492157936096
23	1	0.498580932617
23	1	0.55669593811
23	1	0.523250102997
24	1	0.482171058655
24	1	0.578131198883
24	1	0.477041006088
24	1	0.514877080917
23	1	0.505671977997
23	1	0.707983970642
23	1	0.616992950439
23	1	0.691252946854
24	1	0.643201112747
23	1	0.810768127441
24	1	0.80412197113
24	1	0.515337944031
23	1	0.668880224228
24	1	0.604067087173
23	0	0.619864940643
24	1	0.737049818039
23	1	0.554356813431
24	1	0.635780096054
23	1	0.597690105438
23	1	0.593729972839
23	1	0.523190021515
24	1	0.585287809372
24	1	0.532113075256
23	1	0.577105998993
24	1	0.561943054199
23	1	0.547660827637
23	1	0.596583127975
23	1	0.617337942123
24	1	0.54595708847
23	1	0.501398086548
23	1	0.45804810524
24	1	0.618860006332
24	1	0.524082899094
23	1	0.497166872025
23	1	0.953802108765
24	1	0.69090294838
23	1	0.636571884155
23	1	0.898239135742
23	1	0.700889110565
23	1	0.754675149918
24	1	0.636332035065
24	1	0.584537029266
23	0	0.804371118546
24	1	0.690716028214
23	1	0.642150163651
24	1	0.860033035278
23	1	0.569983005524
23	1	0.632688999176
23	1	0.604463100433
24	1	0.538208007812
24	1	0.564838886261
24	1	0.546745061874
24	0	0.561398029327
23	1	0.610134124756
23	1	0.499767065048
24	1	0.424857854843
24	1	0.533447980881
24	1	0.547384977341
24	1	0.504781007767
23	1	0.716097831726
23	1	0.635947942734
23	1	0.626381158829
23	1	0.65082192421
24	1	0.555881023407
24	1	0.688575983047
24	1	0.638822793961
24	1	0.72096991539
24	1	0.529709100723
24	1	0.491178035736
24	1	0.58040189743
23	1	0.545142889023
23	0	0.717226982117
24	1	0.610385894775
23	0	0.560328006744
24	1	0.650796890259
24	1	0.565235137939
23	1	0.611810922623
23	1	1.1778190136
24	1	0.61118221283
23	1	0.600586891174
24	1	0.588450193405
24	1	0.660268068314
24	0	0.633558988571
23	1	0.939566850662
23	1	0.596117019653
24	1	0.589081048965
24	1	0.642241954803
23	1	0.609180927277
23	1	0.595957994461
23	1	0.689223051071
23	1	0.610949039459
24	1	0.556254148483
24	1	0.522161006927
23	1	0.629108190536
23	1	0.577570915222
23	1	0.564692974091
24	1	0.499376058578
23	1	0.602246999741
24	1	0.548290014267
23	1	0.514616966248
24	1	0.51584815979
23	1	0.594472885132
24	1	0.488090991974
24	1	0.525377988815
23	1	0.546736001968
23	1	0.577405929565
24	1	0.546513795853
23	1	0.525070905685
24	1	0.601806879044
24	1	0.538058042526
23	1	0.450701951981
24	1	0.618278026581
24	1	1.05078196526
24	1	0.594295978546
24	1	0.524892807007
24	1	0.603074789047
23	1	0.60057592392
23	1	0.739363908768
23	1	0.908495903015
23	1	0.673023939133
23	1	0.644657850266
24	1	0.634787082672
23	1	0.690842151642
24	1	0.576932191849
23	1	0.483667135239
23	1	0.645582914352
20	1	0.795013904572
20	1	0.587774991989
20	1	0.56072306633
20	1	0.515164136887
20	1	0.595350980759
20	1	0.555261850357
20	1	0.578471183777
20	1	0.601494073868
20	1	0.547080039978
20	1	0.516177892685
20	1	0.85108089447
20	1	0.896169900894
20	1	0.573641061783
20	1	0.55516409874
20	1	0.578272819519
20	1	0.803141832352
20	1	0.668227910995
20	1	0.594002008438
20	1	0.691936016083
20	1	0.576872110367
20	1	0.556689023972
20	1	0.546407938004
20	1	0.57287311554
20	1	0.5699031353
20	1	0.561897993088
20	0	0.75603890419
20	1	0.602370977402
20	1	0.621051073074
20	1	0.570224046707
20	1	0.54675412178
20	1	0.522231817245
20	1	0.587260961533
20	1	0.650509119034
20	1	1.17077994347
20	1	0.66921710968
20	1	0.681761026382
20	1	0.644294023514
20	1	0.538166999817
20	1	0.842940092087
20	1	0.580473899841
20	1	0.514107942581
20	1	0.754092931747
20	1	0.652621030807
20	1	0.514653921127
20	0	0.771376848221
20	1	0.915240049362
20	1	0.673928022385
20	1	0.629507064819
20	1	0.723597049713
20	1	0.626374959946
20	1	0.579909801483
20	1	0.576711177826
20	1	0.661276102066
20	1	0.569020986557
20	1	0.516740083694
20	1	0.544174909592
20	1	1.09926390648
20	1	0.741981983185
20	1	0.785898923874
20	1	1.00206303596
20	1	0.661180973053
20	0	1.34389781952
20	1	0.627430915833
20	1	0.996828079224
20	1	0.688575983047
20	1	0.683694839478
20	0	1.10011386871
20	1	0.625761985779
20	1	0.848805904388
20	1	0.799118041992
20	1	0.689134120941
20	1	0.628413915634
20	1	0.593714952469
20	0	1.22752809525
20	1	0.84255194664
20	1	0.697458982468
20	1	0.658790111542
20	1	0.820029973984
20	1	0.779316902161
20	1	0.77291893959
20	1	0.729053020477
20	1	0.586533069611
20	0	0.586245059967
20	0	0.699583053589
20	1	0.723652124405
20	1	0.65326499939
20	1	0.595637083054
20	1	0.545907020569
20	1	0.612633943558
20	1	1.04338598251
20	1	0.54816198349
20	1	0.82645201683
20	1	0.648964881897
20	1	1.14757299423
20	1	1.10706782341
20	1	0.665121078491
20	1	0.691298007965
20	1	0.62735414505
20	1	0.83514213562
20	1	0.683655977249
20	1	0.578817844391
20	1	0.594305038452
20	1	0.579956054688
20	1	0.580251932144
20	1	0.537808895111
20	1	1.14857196808
20	1	0.602969169617
20	1	0.651818990707
20	1	0.712198019028
20	1	0.539067983627
20	1	0.571624994278
20	1	0.547497034073
20	1	0.681291103363
20	1	0.818782091141
20	1	0.578994989395
20	1	0.595370054245
20	1	0.676578044891
20	1	0.593845844269
20	0	0.563606977463
20	1	0.612451076508
20	1	0.681043148041
20	1	0.786622047424
20	1	0.661280155182
20	1	0.79936504364
20	1	0.557828903198
20	1	0.522044181824
20	1	0.796241044998
20	1	0.63510799408
20	1	0.507347106934
20	1	0.515573978424
20	1	0.547089099884
20	1	0.491719961166
20	1	0.514536857605
20	1	0.545075178146
20	1	0.474821090698
20	1	0.501435041428
20	1	0.472929000854
