8	1	2.021225214
7	1	3.19364690781
8	1	1.66543006897
8	1	1.42822098732
7	1	1.72259306908
7	0	1.51446199417
8	1	2.77988696098
7	1	1.26083183289
7	1	3.86794710159
8	1	3.80917811394
8	1	1.71567893028
7	0	1.57828688622
8	1	1.80331897736
7	1	1.20293593407
7	1	1.01946902275
8	0	0.779779195786
7	1	1.0334610939
8	1	1.01325416565
7	1	1.32118916512
7	1	1.86873793602
7	1	1.76208996773
8	1	1.84366512299
8	1	1.18740701675
8	1	1.02727508545
7	1	1.56161689758
7	0	1.29848504066
8	0	1.75483798981
8	1	1.41204404831
8	1	1.17028999329
8	1	1.44869089127
8	1	2.38884305954
7	0	1.46604800224
8	1	1.83341598511
7	1	2.0842897892
7	1	1.7888379097
8	1	1.28983998299
8	1	1.08397817612
8	1	2.03406095505
7	1	0.8340280056
7	0	1.09947490692
8	1	1.19556093216
7	1	0.794399023056
7	1	0.756371021271
7	1	0.601446151733
7	1	0.804620981216
7	0	0.755523204803
8	1	0.936091899872
8	1	0.726057052612
7	1	1.79339790344
8	1	1.35479402542
8	1	0.963360071182
7	1	0.787384986877
7	0	1.1646490097
7	1	0.801933050156
7	1	0.628921031952
7	0	0.891693115234
7	1	0.899518966675
7	0	0.762324094772
8	0	1.38755512238
7	0	1.81199789047
8	0	2.53054404259
7	1	1.4595310688
8	0	1.88442993164
8	1	0.723248004913
8	1	1.69808697701
7	1	0.979363918304
8	1	1.58717703819
7	1	0.915129184723
8	1	0.748032093048
7	1	1.93001389503
7	1	0.922756910324
7	1	1.10509109497
8	1	1.49188303947
8	1	1.0976729393
8	1	0.915369033813
7	1	2.17109417915
8	1	1.05809998512
8	1	1.0604929924
7	1	1.34668898582
7	1	1.52364993095
7	0	2.21030497551
8	0	1.49150204659
8	1	1.82552814484
8	1	1.08483099937
7	0	2.32883906364
8	1	1.94895505905
7	0	1.29050302505
7	0	2.06784892082
8	1	1.65044808388
7	1	1.30693984032
8	1	1.86722397804
7	1	1.33019185066
7	0	1.66021800041
7	1	1.06570196152
7	1	2.90219712257
8	1	2.8797121048
7	1	1.72392606735
7	1	1.64272999763
8	0	2.46746492386
3	0	1.09797596931
3	0	1.02004814148
3	1	1.61785507202
3	1	1.03655576706
3	1	0.827137947083
3	1	0.715642213821
3	1	0.843868017197
3	0	0.928215026855
3	0	0.804303884506
3	1	0.996610879898
3	1	0.760275125504
3	0	0.875871181488
3	0	0.971314907074
3	1	0.819290876389
3	1	0.933216094971
3	1	0.699385166168
3	1	0.618602991104
3	0	0.618059873581
3	0	1.16215705872
3	1	0.706722974777
3	1	1.29213380814
3	1	1.37196493149
3	0	1.05135297775
3	1	0.62659907341
3	1	1.51422286034
3	1	1.58891391754
3	1	0.820219039917
3	1	0.955466985703
3	1	1.4430141449
3	1	1.55484509468
3	1	0.867347955704
3	1	1.58095002174
3	1	0.610107898712
3	1	0.603203058243
3	1	1.12425613403
3	1	0.674510955811
3	0	0.628030061722
3	0	0.945571184158
3	1	0.93702507019
3	1	0.836287975311
3	1	1.06035709381
3	0	0.761096954346
3	1	0.788933992386
3	1	0.884550094604
3	1	0.872234106064
3	0	1.20355010033
3	1	1.31807899475
3	1	0.731776952744
3	1	1.018045187
3	0	1.20411396027
3	1	0.751606225967
3	1	0.979472875595
3	1	0.955909967422
3	1	0.747606039047
3	1	0.569378137589
3	1	0.676373004913
3	1	0.889905929565
3	1	0.691455841064
3	1	0.748241901398
3	1	0.601064920425
3	1	0.509511947632
3	1	0.569787979126
3	0	0.530630111694
3	1	0.699416875839
3	1	0.526672840118
3	0	0.491122961044
3	1	0.938034057617
3	1	1.54941701889
3	1	0.690510988235
3	1	0.761001110077
3	0	0.566102981567
3	1	1.05161905289
3	1	0.952883958817
3	1	1.58878993988
3	1	0.564639806747
3	1	0.793788909912
3	0	1.16350102425
3	1	0.532048940659
3	1	0.801853895187
3	0	0.650271892548
3	0	0.548914909363
3	1	0.947401046753
3	1	1.57817006111
3	1	0.80472612381
3	0	0.51572394371
3	1	0.779557943344
3	1	0.771430015564
3	1	0.649015903473
3	0	0.761797904968
3	1	0.603747844696
3	0	0.668077945709
3	1	0.64121389389
3	1	0.925702095032
3	1	0.659808158875
3	1	0.617252826691
3	1	0.987807035446
3	1	1.01809406281
3	1	0.522933959961
3	1	0.499722003937
3	1	0.739247083664
3	1	0.778926849365
3	1	0.346730947495
3	1	0.658741950989
3	0	0.689558029175
3	1	0.620792865753
3	1	0.423864126205
3	1	0.507277965546
3	1	0.524531841278
3	0	0.554757833481
3	0	0.515673875809
3	1	0.611521959305
3	0	0.71404504776
3	1	0.995514154434
3	1	0.529397010803
3	1	0.733710050583
3	0	0.976816177368
3	1	0.506598949432
3	1	0.714630126953
3	1	0.62044095993
3	0	0.79638504982
3	1	0.799674987793
3	0	0.56408905983
3	1	0.433287143707
3	0	0.63617682457
3	1	0.617457866669
3	1	0.69152712822
3	1	1.05744791031
3	0	0.603491067886
4	1	0.797337055206
4	1	1.4998857975
4	1	0.736736059189
4	1	0.55491399765
4	1	0.530519008636
4	1	0.490951061249
4	1	0.634436130524
4	1	0.939627170563
4	0	1.05220293999
4	1	0.523616075516
4	0	0.523401975632
4	1	0.505786895752
4	1	0.508900165558
4	1	0.570451974869
4	1	0.802378892899
4	1	0.603317975998
4	1	0.59455704689
4	1	0.483464002609
4	0	0.737576961517
4	1	0.713837862015
4	0	0.572159051895
4	1	0.873383045197
4	1	0.859302997589
4	1	0.845301866531
4	1	1.27342891693
4	1	0.60306096077
4	1	0.673578977585
4	1	0.635200023651
4	1	0.499642848969
4	0	0.586775064468
4	1	0.682931184769
4	0	0.677443981171
4	0	0.826730966568
4	1	0.58552312851
4	0	0.756366968155
4	1	0.992800951004
4	0	1.00604200363
4	0	0.76268196106
4	0	0.873593091965
4	1	0.972986936569
4	0	0.914223909378
4	1	0.986502170563
4	1	0.689959049225
4	1	0.70706987381
4	1	0.563999176025
4	0	0.921961069107
4	1	0.964961051941
4	1	0.801414966583
4	0	1.17069911957
4	0	0.538834095001
4	0	1.73874092102
4	1	1.7960100174
4	0	0.83468413353
4	1	0.859824180603
4	1	0.770677089691
4	1	1.32435297966
4	1	1.01856398582
4	1	0.971451044083
4	1	1.23421311378
4	1	1.04345607758
4	1	0.949270009995
4	0	0.78481221199
4	1	1.00218391418
4	1	0.925022125244
4	1	0.787513971329
4	1	0.914252996445
4	0	0.803880929947
4	0	1.04984402657
4	0	1.18861889839
4	0	0.86646604538
4	1	2.66870999336
4	1	1.10562896729
4	1	0.747201919556
4	0	0.725023984909
4	1	0.744912147522
4	1	1.21158313751
4	0	1.15704798698
4	0	0.866407155991
4	1	1.17951607704
4	1	0.641307115555
4	1	0.764799833298
4	1	0.683155059814
4	1	0.882164001465
4	1	1.11452102661
4	1	0.820870876312
4	1	1.07598614693
4	1	0.802401065826
4	0	0.811096906662
4	0	1.1635248661
4	0	0.84289598465
4	0	0.658585071564
4	0	0.731027126312
4	1	0.786792039871
4	1	0.827543973923
4	1	1.10781693459
4	1	1.17929887772
4	1	1.09073400497
4	1	0.930058956146
4	1	1.06233620644
4	0	1.46516680717
4	0	0.699095964432
4	1	0.707895994186
4	1	0.913673877716
4	1	1.71612286568
4	1	1.0907330513
4	1	1.17205500603
4	1	0.907519817352
4	1	0.938002824783
4	0	1.12286376953
4	1	0.916609764099
4	1	1.25044703484
4	1	0.716815948486
4	1	0.932142972946
4	1	1.01920199394
4	0	0.747843027115
4	1	0.698534011841
4	1	0.730266094208
4	1	0.84391283989
4	1	0.825655937195
4	1	0.58674788475
4	1	0.844055891037
4	1	1.26576805115
4	1	0.67612195015
4	1	0.810865879059
4	1	0.818183898926
5	1	1.29876899719
6	1	0.746966838837
5	1	0.716288805008
5	1	0.828948974609
5	1	0.689893007278
5	1	0.621750116348
6	1	0.599907875061
5	1	0.661184072495
6	1	0.555552959442
6	0	0.580276966095
6	0	0.834332942963
5	1	0.594276189804
6	0	0.777993917465
5	1	0.732627868652
6	1	1.21233296394
6	1	0.898221969604
5	0	0.529867172241
5	0	0.610985994339
6	0	1.21192002296
5	1	0.907760858536
5	1	1.20370697975
6	1	1.18611311913
5	1	0.794334173203
6	0	0.667598009109
5	0	0.86003112793
5	1	0.898061990738
5	1	0.859581947327
5	1	0.868102073669
6	0	0.875545024872
6	1	0.701292991638
5	1	1.0092291832
6	1	0.573162078857
5	1	0.610044002533
6	1	0.754637956619
6	1	0.780516862869
5	1	0.731920003891
5	1	0.542287826538
6	1	0.886596918106
6	0	0.732717037201
6	0	1.00327587128
6	1	0.779074192047
6	1	0.578387975693
6	1	0.756588220596
5	1	0.579563856125
6	1	1.04992890358
5	1	0.667933940887
5	1	0.8253428936
5	0	1.32505583763
5	1	1.04027104378
5	1	0.716121912003
5	1	0.897505998611
5	0	0.836533069611
5	1	1.13897013664
5	1	0.73017001152
5	0	1.12129402161
6	1	0.900861978531
6	1	0.858147144318
5	1	1.07693505287
6	1	0.779664993286
6	1	0.841430187225
5	0	0.979350090027
5	1	0.851804971695
5	0	0.817981004715
5	1	0.604040145874
5	1	0.899260044098
5	1	0.939028978348
6	0	0.727033138275
5	0	0.828086137772
5	0	0.995809078217
5	0	0.690069913864
6	1	0.899866819382
5	1	0.635437965393
6	1	0.610157012939
5	1	0.811635017395
6	1	0.80902504921
5	1	0.835000991821
5	0	0.564174890518
6	0	0.633665084839
5	1	0.593234062195
5	1	0.771889925003
6	1	0.874931097031
5	1	0.858865022659
5	1	0.996848106384
6	0	0.930229902267
5	1	0.875117778778
5	0	1.3950381279
6	1	0.844269990921
6	1	1.07427000999
6	1	1.73951387405
6	0	1.67751097679
5	0	1.1933119297
6	1	0.931973934174
5	1	1.82828617096
6	0	2.36854195595
6	1	1.78022503853
6	0	2.40225887299
6	1	2.83455014229
5	1	2.42788815498
5	0	1.87581300735
5	1	1.68382191658
5	1	0.673680067062
6	0	1.22051787376
5	1	2.33827996254
5	0	1.65126514435
5	1	1.90014505386
5	0	2.43498110771
5	0	2.49925613403
5	1	2.16230916977
6	1	2.28282499313
6	1	1.61453008652
6	0	1.46514487267
5	0	1.43763494492
6	1	1.69052505493
5	1	2.03487110138
5	0	1.75678896904
6	0	1.17012906075
7	0	1.69015192986
7	0	1.58053708076
7	0	2.57102799416
7	0	2.66659593582
7	1	1.38020896912
7	0	2.44158220291
7	0	1.74856090546
7	0	2.37133693695
8	1	1.69733095169
8	1	1.4695289135
7	0	1.85905814171
7	0	1.95416283607
8	0	4.05178594589
8	1	4.00524783134
8	0	3.05658793449
7	1	0.8045399189
8	1	1.49622988701
7	1	1.92511200905
8	1	1.49812698364
8	1	1.11473417282
8	1	1.09200692177
7	1	0.995707988739
8	1	0.730787038803
8	1	0.889714956284
7	1	0.628968000412
7	1	0.635865926743
8	1	0.532512187958
8	0	0.472496986389
7	1	0.611877918243
7	1	0.507428884506
8	1	0.529723882675
8	1	0.540892124176
8	1	1.15315794945
7	1	0.981106996536
8	0	0.867204904556
7	1	0.723137140274
8	0	0.602373123169
7	1	0.435185909271
7	1	0.932528972626
7	1	1.26689195633
7	1	0.98525595665
7	1	0.746397018433
8	1	0.515423059464
7	1	1.01754403114
8	1	0.541025876999
8	1	0.963418960571
8	1	0.707748889923
8	1	1.0422949791
8	1	0.483716011047
7	1	0.954560995102
8	1	0.779408931732
8	0	0.36198592186
7	1	0.923365116119
7	1	0.514262914658
8	1	0.659775018692
7	1	0.386307001114
8	1	0.466115951538
7	0	0.596886873245
7	1	0.73731803894
7	1	0.921452999115
8	1	0.837027788162
8	0	1.02561092377
7	1	0.643049955368
7	1	0.722387075424
8	0	1.34875702858
7	1	0.673158884048
8	1	1.21857094765
7	1	1.02611207962
8	1	1.04482507706
7	0	0.851297855377
7	0	0.4653840065
7	1	0.653074026108
7	0	0.864780902863
7	1	0.643471002579
8	0	1.16468596458
8	1	0.832566976547
7	1	0.643018007278
8	1	0.729355812073
7	1	1.27757811546
7	1	0.856256961823
8	1	0.96541595459
8	1	0.739552021027
7	0	0.730119943619
8	1	1.00213384628
7	1	0.98667883873
8	0	0.948288917542
7	0	0.851092100143
7	1	0.808175086975
7	1	1.07759404182
8	1	0.93964099884
7	1	0.787039995193
7	1	0.861413955688
8	1	0.912775993347
8	1	0.691056013107
8	1	0.540246009827
8	1	0.642279863358
7	1	0.834801197052
7	1	0.746135950089
7	0	0.586407899857
7	1	0.749519109726
7	1	0.82715511322
8	1	0.739277839661
7	0	0.890793800354
7	1	0.745335102081
8	0	0.634271860123
7	0	0.76546216011
7	1	1.40175294876
8	1	0.880764007568
7	0	0.966830015182
7	0	0.649750947952
8	1	0.812470912933
8	0	0.778924942017
7	1	0.763367176056
8	1	0.707524061203
8	1	0.626595973969
8	1	0.488837003708
8	1	0.467716932297
8	1	0.475369215012
7	0	0.585373163223
7	1	0.899904966354
2	1	1.66700816154
2	0	0.979975938797
2	1	0.564821004868
2	1	1.48147702217
2	1	1.30777907372
2	1	1.51988816261
2	0	1.07506084442
2	1	0.965585947037
2	1	0.748526096344
2	0	0.848780155182
2	0	0.691159963608
2	1	0.833004951477
2	1	0.691349983215
2	1	0.541051864624
2	1	0.827749967575
2	0	0.529386043549
2	1	0.667793989182
2	1	0.872958898544
2	1	0.757643222809
2	0	0.858994007111
2	1	0.585348129272
2	1	0.827644824982
2	1	0.66681599617
2	1	0.675364971161
2	1	0.617384910583
2	1	0.562208890915
2	1	0.645500898361
2	1	0.55339884758
2	1	0.546862125397
2	1	1.07641792297
2	1	0.731146812439
2	1	0.580648899078
2	1	0.657181978226
2	1	0.762792110443
2	1	0.737800836563
2	0	0.731142997742
2	1	0.516774892807
2	1	0.674965858459
2	0	0.770050048828
2	1	0.660974979401
2	0	0.660279035568
2	1	0.601687908173
2	1	0.771486997604
2	1	1.18574714661
2	0	0.765758991241
2	1	0.785610198975
2	1	0.547788143158
2	1	0.786319971085
2	1	0.595184803009
2	1	0.860373020172
2	1	0.571789979935
2	1	0.516078948975
2	1	0.466398000717
2	1	0.624919891357
2	1	0.490248918533
2	1	0.491159915924
2	1	0.524883985519
2	1	0.603640794754
2	1	0.610371112823
2	1	0.621401071548
2	1	0.497688055038
2	1	0.738976955414
2	1	0.564187765121
2	0	0.467437028885
2	1	0.729874134064
2	0	0.451393127441
2	1	0.594531059265
2	1	0.49235701561
2	1	0.844111919403
2	1	0.648262023926
2	1	0.845581054688
2	1	0.579736948013
2	1	0.836198091507
2	1	0.602521896362
2	1	0.484655857086
2	1	0.544867038727
2	1	0.634907960892
2	1	0.74978017807
2	1	0.952917098999
2	0	0.675776004791
2	0	0.608767986298
2	1	1.30047988892
2	1	1.1624288559
2	0	1.13880085945
2	1	0.940038919449
2	1	2.0901761055
2	1	0.843480825424
2	1	0.732475996017
2	0	0.961166858673
2	1	1.22798204422
2	1	0.843478918076
2	1	0.914609193802
2	0	0.693611860275
2	0	0.881664037704
2	1	0.762452125549
2	1	0.964213848114
2	1	0.938154935837
2	0	0.923553943634
2	0	0.664178133011
2	0	0.994765996933
2	1	0.724506855011
2	1	0.760994911194
2	1	0.891453027725
2	0	0.939965963364
2	1	0.836619138718
2	0	0.721158981323
2	1	1.26551485062
2	1	0.629130125046
2	1	0.785562992096
2	1	0.684417009354
2	1	0.67588186264
2	1	0.61691403389
2	1	0.499606132507
2	1	0.425081014633
2	1	0.507400989532
2	1	0.39598608017
2	1	0.578830957413
2	1	0.721449136734
2	1	0.739692926407
2	1	0.890756130219
2	1	1.16006493568
2	1	0.54811501503
2	1	0.466989040375
2	1	0.468202114105
2	0	0.592257022858
2	1	0.700149059296
2	1	0.817849159241
2	1	0.707796096802
2	1	0.787526130676
2	1	0.481745004654
2	0	0.507378816605
2	0	0.650522947311
5	1	0.968846082687
5	0	0.668071985245
5	0	0.811874866486
6	0	0.746289968491
6	1	0.706897974014
5	1	0.734246015549
6	1	0.665773868561
6	0	0.434125185013
6	1	0.515064001083
6	1	0.611726045609
5	1	0.660054206848
6	1	0.778157234192
6	1	0.778988838196
6	1	0.531532049179
5	0	0.553861856461
6	1	0.505875825882
6	1	0.604342937469
6	1	0.548933029175
6	1	0.634588003159
6	1	0.59402012825
5	1	0.611244916916
5	1	0.579280853271
6	1	0.73924779892
5	0	0.651232004166
5	0	0.730535030365
5	0	0.651822090149
6	1	0.585587024689
6	0	0.932850122452
6	1	0.754124879837
6	1	0.852599859238
5	1	0.649314880371
6	1	0.587718009949
5	1	0.500857114792
6	0	0.458837985992
6	1	0.57221198082
6	1	0.745728969574
6	1	0.617400884628
5	1	0.626490116119
5	1	0.588054895401
5	1	0.739959001541
6	1	0.538563966751
5	1	0.772041082382
5	1	0.884041070938
6	1	0.722007989883
6	1	1.18123102188
6	1	0.507328987122
5	1	0.666038036346
5	1	0.522104978561
5	1	0.980247020721
5	1	0.50711107254
6	1	0.545654058456
5	1	0.563434839249
6	1	0.705899000168
6	1	0.605396032333
5	0	0.609584093094
5	0	0.579618930817
6	0	0.682996988297
5	1	0.714699983597
6	1	0.72373509407
6	1	0.632963895798
5	1	0.739649057388
5	0	0.691368818283
6	1	0.674523115158
6	0	0.801420927048
5	1	0.74109005928
6	1	0.810414075851
6	1	1.07761502266
5	1	0.681725025177
6	1	0.699531078339
6	0	0.705725193024
5	1	0.708683013916
6	1	0.60124206543
5	1	0.4850730896
6	1	0.554098844528
5	1	0.466917991638
5	0	0.499619007111
5	1	0.72257399559
5	1	0.692193984985
5	1	0.738099098206
5	1	0.7472448349
5	1	0.675205945969
5	1	0.620512008667
6	1	0.738695144653
6	0	0.777975082397
6	1	0.666657924652
5	1	0.770172119141
5	1	0.682201147079
6	0	0.843346118927
5	0	0.665944814682
5	0	1.18021988869
5	1	0.587266921997
5	0	0.55734705925
5	1	0.744379997253
6	1	0.691494941711
6	0	0.851899862289
5	1	0.770977020264
5	1	0.770709037781
6	0	0.915598869324
5	1	0.636179924011
5	0	0.795720100403
6	1	1.0822930336
5	0	0.771445989609
6	0	0.697990894318
5	1	0.891942977905
6	1	0.587324857712
5	0	1.08412599564
5	1	1.05090904236
5	1	0.786382913589
6	1	0.970690965652
5	1	0.826062202454
6	0	0.603023052216
5	1	0.602849960327
5	0	0.620580911636
5	0	0.787801027298
6	0	0.724123954773
6	0	0.497210979462
6	1	1.10857105255
6	1	1.75678396225
5	0	1.06618285179
6	0	0.777740001678
5	0	1.73909807205
6	0	0.667445898056
5	1	1.12474417686
5	1	0.539968967438
6	0	0.52910900116
6	0	0.683142900467
6	1	0.788228988647
6	1	0.883490085602
6	0	0.820534944534
6	0	0.841146945953
6	1	0.770663022995
6	1	0.692000865936
5	0	0.585566997528
6	1	0.748538017273
1	0	0.885742902756
1	1	0.632688999176
1	1	0.56414604187
1	1	0.634952068329
1	1	0.540272951126
1	1	0.77019906044
1	1	0.483825922012
1	1	0.496320962906
1	1	0.565350055695
1	1	0.668451070786
1	0	0.51073384285
1	1	0.669277906418
1	1	0.738622903824
1	0	0.988077878952
1	0	0.434012889862
1	1	0.61300778389
1	1	0.724362850189
1	1	0.754660844803
1	0	0.597115039825
1	1	0.720438957214
1	1	0.795228004456
1	1	0.781965017319
1	1	0.560649871826
1	1	0.716305017471
1	1	0.708421945572
1	1	0.78518986702
1	1	0.707421064377
1	1	0.555778980255
1	1	0.650906801224
1	1	0.539788961411
1	1	0.570950984955
1	1	0.70643901825
1	1	0.715512990952
1	1	0.732731103897
1	1	0.682996034622
1	1	1.00149297714
1	1	0.868546009064
1	0	0.938601970673
1	1	0.890625953674
1	1	0.729243993759
1	1	0.578495979309
1	1	0.565122842789
1	1	0.706188201904
1	0	0.929040193558
1	1	0.811841011047
1	1	1.18179893494
1	1	0.61629986763
1	0	0.7712059021
1	1	0.675131082535
1	1	0.602057933807
1	1	1.0043361187
1	1	0.586933851242
1	1	0.54921412468
1	0	0.676015853882
1	1	0.634027004242
1	1	0.538354873657
1	1	0.572968006134
1	1	0.490561008453
1	1	0.883149862289
1	1	0.46701002121
1	1	0.723477840424
1	1	0.817855119705
1	1	0.725009918213
1	1	0.94774889946
1	1	0.570584058762
1	1	0.778532028198
1	1	0.85946893692
1	1	0.659312009811
1	1	0.740393877029
1	1	1.0113298893
1	0	1.09021687508
1	1	0.659214019775
1	1	0.784823894501
1	0	0.723268985748
1	0	0.555527925491
1	1	0.657707929611
1	0	0.532660007477
1	0	0.530709028244
1	1	0.828536987305
1	1	0.546551942825
1	1	0.553959131241
1	1	0.635968208313
1	0	1.76972818375
1	1	0.524821996689
1	1	0.434217214584
1	1	0.955097913742
1	1	0.460582017899
1	1	0.481366157532
1	1	0.548472881317
1	1	0.75469994545
1	1	0.586348772049
1	1	0.629274129868
1	1	0.736976146698
1	0	0.578506946564
1	1	0.709373950958
1	1	0.817987918854
1	1	0.536072969437
1	1	0.683897018433
1	1	0.539217948914
1	1	0.499006986618
1	1	0.425573825836
1	1	0.483978033066
1	1	1.21109294891
1	0	0.522447109222
1	0	0.699678182602
1	1	0.755406141281
1	0	0.546674013138
1	1	1.04372501373
1	1	0.587999105453
1	1	0.611467838287
1	1	0.876170158386
1	1	0.601307153702
1	1	0.812939167023
1	1	0.578549146652
1	1	0.674418926239
1	1	0.635317087173
1	1	0.506458044052
1	1	1.2593691349
1	1	0.611841917038
1	1	0.595419168472
1	1	0.819600105286
1	1	0.947476863861
1	1	0.643748044968
1	1	0.755194187164
1	1	0.851331949234
1	1	0.939446926117
1	1	0.59358382225
1	1	1.04400110245
1	1	0.689588069916
1	1	0.644894123077
1	1	0.548527002335
1	1	0.53847193718
1	1	0.739104986191
1	0	1.19268202782
1	1	0.467840909958
9	0	1.85853409767
9	1	1.17792105675
9	1	1.20475697517
9	1	1.41643691063
9	1	1.14710402489
9	1	0.609315156937
9	1	0.544944047928
9	0	0.549713134766
9	0	0.776453971863
9	0	1.65929794312
9	0	0.657907962799
9	0	1.18760704994
9	0	1.45740509033
9	0	1.40923690796
9	0	1.20314097404
9	0	1.81047797203
9	1	2.17013406754
9	1	0.731054067612
9	1	0.602055072784
9	0	0.746605873108
9	1	0.620674133301
9	1	0.616779088974
9	1	0.620707988739
9	1	0.48987197876
9	1	0.521785974503
9	1	0.594707012177
9	1	0.888713121414
9	0	0.707838058472
9	1	0.593834877014
9	1	2.38637900352
9	1	0.570438146591
9	0	0.58963394165
9	0	0.496566057205
9	1	0.618260145187
9	0	0.603809118271
9	1	0.77025604248
9	1	0.481646060944
9	1	0.54808306694
9	1	0.490777015686
9	1	0.55469083786
9	0	0.608399868011
9	0	0.893682956696
9	1	0.570774078369
9	1	0.46530008316
9	1	0.458105802536
9	0	0.501125097275
9	1	0.721493959427
9	1	0.546507835388
9	1	0.776340007782
9	1	0.531013965607
9	1	0.419502973557
9	1	0.442440032959
9	1	0.745877981186
9	1	0.717483043671
9	1	0.504299163818
9	1	0.499140024185
9	1	0.648484945297
9	1	0.513922929764
9	1	0.452830076218
9	1	0.488120079041
9	1	0.492604017258
9	1	0.746762037277
9	1	0.472123146057
9	1	0.50071310997
9	1	0.784866809845
9	0	0.620188951492
9	0	0.513674974442
9	1	0.524278879166
9	1	0.424825906754
9	1	0.701107978821
9	0	0.464381217957
9	1	0.676179170609
9	1	0.474455118179
9	1	0.555630922318
9	0	0.490010976791
9	1	0.585449934006
9	0	0.427021026611
9	1	0.656995773315
9	1	0.681191921234
9	1	0.457453012466
9	1	0.796000957489
9	0	0.444568872452
9	1	0.787707090378
9	1	1.03084993362
9	1	0.572744131088
9	1	0.529153823853
9	1	0.467013835907
9	0	0.490830183029
9	1	0.490890026093
9	1	0.527276039124
9	0	0.659416913986
9	0	0.54826593399
9	1	0.601639986038
9	0	0.569756031036
9	0	0.529349088669
9	1	0.753308057785
9	1	0.817997932434
9	0	0.714272975922
9	0	0.651309967041
9	0	0.803625106812
9	1	0.819150924683
9	1	1.02635502815
9	1	0.545136928558
9	1	0.698652982712
9	1	0.85986495018
9	0	1.03327608109
9	1	0.914103031158
9	1	0.731780052185
9	1	0.641319036484
9	1	0.979374885559
9	0	1.02736902237
9	1	0.586366891861
9	1	0.706961154938
9	1	0.5628221035
9	1	0.924423933029
9	1	0.625991106033
9	1	0.803409099579
9	1	0.795083045959
9	1	0.86604809761
9	1	0.507223844528
9	1	0.456593990326
9	1	0.483757972717
9	1	0.505154132843
9	1	0.73158288002
9	1	0.554625988007
9	1	0.490173101425
9	0	0.473121881485
9	1	0.514406919479
9	1	0.481245994568
9	1	0.533204078674
9	1	0.482475996017
9	1	0.569626092911
9	0	0.683317899704
9	1	0.98603105545
9	1	0.569770097733
14	1	0.674181938171
14	1	0.587055921555
14	1	0.68217086792
13	1	0.602543115616
14	1	0.577980995178
14	0	0.778859853745
13	1	0.834572076797
13	1	0.519858121872
14	1	0.500447034836
13	1	0.561394929886
13	0	0.524369955063
14	1	0.615595817566
14	1	0.595104932785
13	1	0.594476938248
13	1	0.682848930359
13	1	0.908658027649
14	0	0.776247024536
14	1	0.451967954636
13	1	0.458514928818
14	1	0.555905818939
13	1	0.731760978699
14	1	0.585924863815
13	0	0.722357034683
13	1	0.483450889587
14	1	0.514339923859
14	1	0.50030708313
13	1	0.487388849258
14	1	0.500324010849
14	1	1.05050587654
13	1	0.539281845093
13	1	0.530745983124
13	0	0.650687217712
13	1	0.731255054474
13	1	0.740362882614
13	1	0.592308044434
14	0	0.587167024612
13	0	0.875128030777
14	0	0.553920984268
13	1	0.648636817932
14	1	0.788645982742
13	1	0.610594987869
13	0	1.11392903328
14	1	0.554495096207
14	1	0.785588026047
14	1	0.531944990158
13	1	0.699313163757
13	1	0.650896072388
14	0	0.448782920837
13	1	0.491297960281
14	1	0.523438930511
13	1	0.593883991241
14	1	0.72766494751
13	1	0.9312479496
13	1	0.658598899841
13	0	0.594883918762
14	0	0.825941085815
13	0	0.746345043182
14	1	0.51823091507
14	0	0.58603811264
14	0	0.659137010574
13	1	0.528617858887
14	1	0.803386926651
13	1	0.634681940079
14	1	0.765160083771
14	1	0.679902076721
13	1	0.595550060272
14	0	0.474953889847
14	1	0.594185113907
13	1	0.491272211075
13	1	0.819710969925
14	1	0.770457983017
14	1	0.711670875549
13	1	0.635140180588
14	1	1.06688213348
14	1	0.499017000198
14	1	0.5773229599
14	1	0.596491098404
14	1	0.754679918289
13	1	0.441977024078
13	1	0.529742956161
14	1	0.547382831573
13	0	0.615170955658
14	0	0.555389165878
13	1	0.538453817368
13	1	0.586505889893
14	1	0.594325065613
14	1	0.660940170288
13	1	0.531147003174
13	1	0.654884815216
13	1	0.539792060852
14	1	0.619681835175
13	1	0.506541013718
13	0	0.44261598587
14	1	0.779535055161
13	1	0.562798976898
14	1	0.601459980011
14	1	0.851664066315
14	1	0.55498790741
13	1	0.897282123566
13	1	0.664776086807
14	1	0.773009061813
13	1	1.24237990379
14	1	0.825336933136
14	0	0.752202033997
14	1	0.546812057495
14	1	0.586137056351
13	1	0.667602777481
13	1	0.833296060562
14	1	0.556053161621
13	1	0.594149112701
13	1	0.538246870041
14	1	0.505054950714
13	0	0.724270820618
14	1	0.737716197968
14	1	0.627363204956
13	0	0.776402950287
13	1	0.794872999191
13	1	0.668413877487
13	1	0.585990905762
14	0	0.450050830841
14	1	0.544411182404
14	1	0.588540077209
13	1	0.497220993042
14	0	0.547297954559
14	1	0.666714906693
14	1	0.579399108887
14	1	0.569833993912
13	1	0.596421003342
13	1	0.529628992081
14	1	0.547398090363
14	1	0.568549871445
14	1	0.562597990036
14	0	0.660793066025
13	1	0.579102039337
13	1	0.608195781708
13	1	0.860723018646
14	1	0.650995969772
13	1	0.544571876526
13	1	0.748002052307
14	1	0.531289815903
15	0	1.02400016785
15	1	0.778088092804
15	0	0.617784976959
15	1	0.533516168594
16	1	0.607809782028
16	1	0.605594873428
15	1	0.52991604805
15	1	0.571001052856
16	1	0.489519119263
15	1	0.531345129013
15	1	1.19303297997
15	1	0.457248926163
15	1	0.637187957764
15	0	0.594470977783
15	1	0.680949926376
16	0	0.556246042252
15	1	0.54750084877
15	1	0.59565782547
16	1	0.551986932755
15	1	0.725447893143
15	1	0.434604883194
15	1	0.538458108902
16	1	0.537634134293
15	1	0.593240022659
15	1	0.675692081451
15	1	0.592133998871
16	1	0.491750955582
16	1	0.75479888916
16	1	0.458678007126
16	1	0.76091003418
15	1	0.797194957733
16	1	0.601837873459
24	1	0.799965858459
23	1	0.73211312294
24	1	0.626422166824
23	1	0.506190061569
23	1	0.61320400238
23	1	0.587546110153
24	1	0.573396921158
24	1	0.600107908249
23	1	0.680224895477
23	1	0.626008033752
24	1	0.573037147522
23	1	0.599774122238
24	1	0.572938919067
23	1	0.866803884506
23	1	0.97408413887
23	1	0.866435050964
24	1	0.573222875595
24	1	0.893055200577
24	1	0.639940023422
24	1	0.600246906281
24	1	0.546737909317
23	0	0.58674788475
23	1	0.666434049606
23	1	0.613682985306
24	1	0.720715999603
24	1	0.638945102692
23	0	0.586862802505
24	1	0.639350891113
24	1	0.892425060272
23	1	0.786450862885
23	1	0.666438102722
24	0	0.799188137054
23	0	0.572938919067
23	1	0.5993039608
24	1	0.733318090439
24	1	0.533820867538
23	1	0.652655124664
24	1	0.85301399231
24	1	0.572349071503
23	1	0.719839096069
23	0	0.653439044952
23	1	0.612299919128
24	1	0.479158163071
24	1	0.599357843399
23	1	0.692717075348
23	1	0.852813005447
24	1	0.640398979187
24	1	0.946804046631
23	1	0.532684087753
24	1	0.547032117844
23	1	0.613456010818
24	0	0.652992010117
23	1	0.839746952057
23	1	0.652888059616
23	1	0.719527006149
23	0	0.506222963333
24	1	0.599953889847
24	1	0.626593112946
23	1	0.639832019806
23	1	0.679743051529
24	0	0.826236009598
24	1	0.626413106918
24	1	0.612581014633
24	1	0.945494890213
23	0	0.532917022705
24	1	0.986459970474
23	0	0.586932182312
24	1	0.799065113068
23	1	0.826155185699
23	1	0.919032096863
23	1	1.02608680725
24	1	0.65288901329
24	1	0.626353979111
24	1	0.665984869003
24	0	0.706550121307
23	1	0.598963022232
23	1	0.866425991058
24	1	0.679578781128
24	1	0.559674978256
24	1	0.654084920883
24	1	0.98619890213
24	1	0.812309026718
24	0	0.999356985092
23	1	0.639425039291
24	1	0.585963010788
24	1	0.573369026184
24	1	0.626765966415
24	1	0.53293800354
24	1	0.599168777466
23	1	0.6138048172
24	1	0.599883079529
24	1	0.626223087311
24	1	0.573061943054
23	1	0.520800113678
24	1	0.492953062057
24	1	0.613188028336
24	1	0.746068000793
24	1	0.466613054276
24	1	0.480421066284
23	1	0.733200073242
24	1	0.573271989822
24	1	0.812703847885
23	1	0.533564090729
24	1	0.506963968277
24	0	0.454082965851
23	1	0.546095132828
23	1	0.733571052551
23	0	0.559667110443
24	0	0.920042991638
24	1	0.773473978043
23	1	0.519952058792
24	1	0.585399150848
23	0	0.587110996246
24	1	0.573109865189
23	1	0.719765901566
23	1	0.546678066254
23	1	0.745729923248
24	1	0.786067962646
24	1	0.652593851089
24	1	0.519716024399
23	1	0.652366161346
23	1	0.665683984756
24	1	0.586841106415
23	1	0.599901199341
24	1	0.586091041565
24	1	0.493400812149
23	1	0.611975193024
24	1	0.679175853729
23	0	0.586853981018
23	1	0.453202962875
23	1	1.14605498314
24	1	0.493092060089
23	1	0.519762039185
24	0	0.506422042847
24	1	0.572299003601
24	1	0.466455936432
23	0	0.47981595993
24	1	0.55956697464
18	1	0.693104982376
18	1	0.519105911255
18	1	0.480267047882
18	1	0.518867969513
18	1	0.625412940979
18	1	0.519834041595
18	1	0.520397186279
18	0	0.465760946274
18	1	0.518646001816
18	1	0.559588909149
18	1	0.746307849884
18	1	0.520159959793
18	0	0.506986856461
18	1	0.972935914993
18	1	0.533963918686
18	1	0.4796230793
18	1	0.57405591011
18	0	0.547613859177
18	1	0.693234920502
18	1	0.558633089066
18	0	0.719136953354
18	1	0.626567840576
18	1	0.532804012299
18	1	0.572965145111
18	1	0.999608039856
18	1	0.759844064713
18	1	0.586525917053
18	1	0.759380102158
18	0	0.613940000534
18	1	0.692487001419
18	1	0.946851015091
18	1	0.679773807526
18	1	0.599406957626
18	1	0.494292020798
18	1	0.600497961044
18	1	0.813045024872
18	1	0.519423961639
18	1	0.626877069473
18	1	0.533642053604
18	0	0.627306938171
18	1	0.573374032974
18	1	0.519823074341
18	1	0.880965948105
18	1	0.599474906921
18	1	0.640068054199
18	1	0.679888010025
18	0	0.493190050125
18	1	0.706485033035
18	1	0.639174938202
18	1	0.519716978073
18	1	0.507153987885
18	1	0.533306837082
18	1	0.745311021805
18	1	0.533229827881
18	1	0.598711967468
18	1	0.546036958694
18	1	0.625669002533
18	0	0.599550962448
18	1	0.640321969986
18	1	0.520385980606
18	1	0.519352912903
18	1	1.03989601135
18	0	0.6535820961
18	1	0.613046169281
18	1	0.519552946091
18	1	0.492933988571
18	1	0.519622087479
18	1	0.53284406662
18	0	0.613883018494
18	0	0.572422027588
18	1	0.598308086395
18	1	0.532717943192
18	1	0.572604179382
18	1	0.55912399292
18	1	0.71915602684
18	1	0.653510093689
18	1	0.532167196274
18	1	0.519708871841
18	1	0.506544113159
18	1	0.54560303688
18	1	0.520750045776
18	1	0.573669910431
18	1	0.799368858337
18	1	0.547115802765
18	1	0.559792041779
18	1	0.585667848587
18	1	0.653028011322
18	1	0.52053809166
18	1	0.53213095665
18	1	0.533663988113
18	1	0.60040307045
18	1	0.520390033722
18	1	0.759336948395
18	1	0.519691944122
18	1	0.519161939621
18	0	0.572877883911
18	1	0.653312921524
18	1	0.586482048035
18	1	0.493385076523
18	1	0.667102813721
18	1	0.506968021393
18	1	0.879590034485
18	0	0.919733047485
18	1	0.613018989563
18	1	0.532822847366
18	1	0.600102901459
18	1	0.666311979294
18	1	0.586537837982
18	1	0.640199899673
18	1	0.892733097076
18	1	0.546090126038
18	1	0.62583899498
18	1	0.893484115601
18	1	0.652595996857
18	0	0.772879123688
18	1	0.798808813095
18	1	0.652115106583
18	1	0.733813047409
18	1	0.640618085861
18	1	0.853364944458
18	1	0.532410860062
18	0	0.826939821243
18	0	0.88016295433
18	1	0.640035152435
18	1	0.600471973419
18	1	0.533085107803
18	0	0.533350944519
18	0	1.02710413933
18	1	1.26709294319
18	1	0.613524913788
18	1	0.772625923157
18	1	0.692663908005
18	1	0.653929948807
18	1	0.853305101395
18	1	0.547353029251
18	1	0.720446825027
18	1	0.639759063721
18	1	0.5604429245
18	1	0.654083013535
18	1	0.546975851059
22	1	0.66633105278
22	1	0.506502866745
21	1	0.680083990097
22	1	0.653130054474
21	1	0.613343954086
21	1	0.586017131805
22	1	0.627461910248
21	1	0.587000131607
22	1	0.559657812119
22	1	0.693299055099
22	1	0.519851922989
22	1	0.573996067047
21	1	0.707226037979
22	1	0.74672293663
21	1	0.708125829697
21	1	0.573532104492
22	1	0.612327814102
22	1	0.892997026443
21	1	0.586741924286
21	1	0.4797539711
22	1	0.600703001022
21	1	0.54515004158
22	1	0.560189962387
22	0	0.799553871155
21	1	0.599442958832
21	1	0.786175966263
21	1	1.01208901405
22	1	0.679383039474
21	1	0.546433925629
22	1	0.520092010498
21	1	0.586998939514
21	1	0.639811992645
22	1	0.479254007339
22	1	0.640058040619
22	1	0.613333940506
21	1	0.666406869888
21	1	0.626388072968
21	1	0.50653886795
21	0	0.678452014923
22	1	0.652014970779
22	1	0.653082132339
21	1	1.00026488304
22	1	0.639495849609
22	1	0.587151050568
21	1	0.639832019806
21	1	0.853306055069
22	1	0.533071994781
21	1	0.812083959579
22	1	0.520370960236
22	1	0.960270881653
21	1	0.705914020538
22	1	0.680108070374
21	1	0.65243601799
22	1	0.479415893555
21	0	0.452259063721
22	1	0.479457139969
22	1	0.613366127014
22	1	0.693053007126
22	1	0.639818906784
21	1	0.506067037582
21	1	0.480963945389
22	0	0.626643896103
22	1	0.798755884171
21	1	0.653434991837
21	1	0.558532238007
22	1	0.586834907532
21	1	0.520107984543
21	1	0.679408788681
22	1	0.478850841522
22	1	0.532643079758
21	1	0.520029067993
22	0	0.773763179779
21	1	0.693776130676
22	1	0.546536922455
21	1	0.571922063828
22	1	0.600451231003
22	1	0.839828014374
21	1	0.546473026276
21	1	0.493077993393
22	1	0.666476011276
21	1	0.533710956573
22	1	0.732033967972
21	1	0.599864006042
21	1	0.519459962845
22	1	0.773087024689
22	1	0.546100854874
22	1	0.759518146515
21	1	0.614011049271
22	1	0.786751031876
22	1	0.519865036011
21	1	0.933720111847
22	1	0.493424892426
22	1	0.625658988953
22	1	0.493403196335
22	1	0.599421977997
21	1	0.480387926102
21	0	0.586982011795
21	1	0.866851806641
21	1	0.533015966415
21	1	0.600496053696
21	1	0.612331151962
21	0	0.72031712532
22	1	0.612318992615
22	0	0.732511997223
22	1	0.733211040497
22	1	0.559309005737
21	1	0.640625
21	1	0.612206935883
22	1	0.79945898056
21	1	0.612430810928
21	1	0.666137933731
22	1	0.667243003845
21	1	0.82630610466
21	1	1.0125169754
22	1	0.745639801025
22	0	0.693070888519
21	1	0.826381921768
21	0	0.812752962112
21	1	0.986773967743
22	1	0.732489109039
22	0	0.812125921249
22	1	0.720095157623
21	1	0.92013001442
22	0	0.94532084465
22	1	1.07892417908
21	1	1.7066860199
22	1	0.679852962494
21	1	0.612876176834
22	1	0.812731981277
21	1	0.639732122421
21	1	0.918932914734
22	1	0.666554927826
22	0	0.640165805817
22	0	0.653940916061
22	1	0.827147006989
21	1	0.745947122574
22	1	0.654129981995
20	1	0.985144138336
20	1	0.465872049332
20	1	0.492396831512
20	1	0.534162998199
20	1	0.519971847534
20	1	0.612180948257
20	1	0.467216014862
20	1	0.506133079529
20	1	0.520483970642
20	1	0.492611169815
20	1	0.492531061172
20	1	0.612987995148
20	0	0.572864055634
20	0	0.545684814453
20	1	0.545933961868
20	1	0.612869977951
20	1	0.492528915405
20	1	0.612525939941
20	0	0.839046001434
20	1	0.653200149536
20	1	0.547656059265
20	0	0.706022024155
20	1	0.99870800972
20	1	0.506828069687
20	1	0.652479171753
20	1	0.572882175446
20	1	0.640436887741
20	1	0.920325040817
20	1	0.812621116638
20	1	0.759688138962
20	1	0.586568117142
20	1	0.585845947266
20	1	0.74681520462
20	1	0.586494922638
20	0	0.534151077271
20	0	0.665585041046
20	1	0.719256877899
20	1	0.506227016449
20	1	0.545511007309
20	1	0.520384073257
20	0	1.03909087181
20	1	0.586269140244
20	1	0.57283115387
20	1	0.547688961029
20	1	0.60033416748
20	1	0.506125926971
20	0	0.75936794281
20	1	0.693730115891
20	1	0.665831804276
20	1	0.559986114502
20	1	0.747361898422
20	1	0.600409030914
20	1	0.626538038254
20	1	0.559602022171
20	1	0.572870016098
20	1	0.613625049591
20	1	0.493180036545
20	1	0.572921991348
20	1	0.559689998627
20	1	0.532722949982
20	1	0.493160009384
20	1	0.559725046158
20	1	0.560650110245
20	1	0.533433914185
20	1	0.506470918655
20	1	0.598937034607
20	1	0.573642969131
20	1	0.519473075867
20	1	0.532405853271
20	1	0.520252943039
20	1	0.532845020294
20	0	0.440373897552
20	1	0.611747980118
20	1	0.50700712204
20	1	0.519353866577
20	1	0.52069401741
20	1	0.613139152527
20	0	0.625757932663
20	0	0.652292013168
20	1	0.959264993668
20	1	0.692188024521
20	1	0.987504005432
20	1	0.852355957031
20	1	0.9323990345
20	1	0.533111095428
20	1	0.519486904144
20	1	0.65255689621
20	1	0.786608934402
20	1	0.451970815659
20	1	0.506719112396
20	0	0.505885839462
20	1	0.667176961899
20	1	0.546674966812
20	1	0.560229063034
20	1	0.546539783478
20	1	0.692725896835
20	1	1.01380300522
20	1	0.679759979248
20	1	0.706871032715
20	1	0.61315202713
20	1	0.732254981995
20	1	0.706176996231
20	1	0.680515050888
20	1	0.600121021271
20	1	0.679220914841
20	1	0.707036972046
20	1	0.545992136002
20	1	0.626802921295
20	1	0.639568805695
20	1	0.547559022903
20	1	0.572963953018
20	1	0.559195041656
20	1	0.638609886169
20	1	0.61221909523
20	1	0.533261060715
20	0	0.679251909256
20	1	0.586107969284
20	1	0.680666923523
20	1	0.600579977036
20	1	0.559053182602
20	1	0.559943199158
20	1	0.613401174545
20	1	0.532776117325
20	1	0.533564090729
20	1	0.919697999954
20	1	0.519809007645
20	1	0.480007886887
20	1	0.507040977478
20	1	0.493352890015
20	1	0.787091016769
20	1	0.558653831482
20	1	0.719815015793
20	1	0.452415943146
20	1	0.706549882889
20	1	0.520306110382
20	0	0.692828893661
20	1	0.653393983841
20	1	0.55922794342
20	1	0.571973085403
20	1	0.745339155197
20	1	0.79950094223
23	0	0.7192299366
23	1	0.880030155182
23	1	0.799164056778
24	0	0.692641973495
24	1	0.599924087524
23	1	0.786137104034
23	1	0.733695983887
24	1	0.785561084747
23	1	0.693082809448
24	1	0.572905063629
24	1	0.692832946777
24	0	0.600375175476
24	1	0.519551992416
24	0	0.746084928513
23	1	0.573729991913
24	1	0.758559942245
23	1	0.638793945312
23	1	0.572784900665
24	1	0.866229772568
23	1	0.506661176682
24	1	0.546517848969
23	1	0.598537921906
24	1	1.27994990349
24	1	0.560190916061
23	1	0.586430072784
23	1	0.506227970123
24	1	0.532974004745
23	1	0.67936205864
23	1	0.547638893127
23	0	0.573482990265
23	1	0.613004922867
23	1	0.66640496254
23	1	0.492698907852
24	1	0.599287033081
23	1	0.534016132355
23	1	0.73279094696
24	1	0.627215147018
24	1	0.586704015732
24	0	0.599430084229
23	1	0.586081981659
24	1	0.506684064865
23	1	0.62574005127
24	1	0.532787084579
24	1	0.639985084534
24	1	0.519805908203
24	1	0.466295003891
24	1	0.678638935089
23	1	0.705416917801
24	1	0.653909921646
23	1	0.6264128685
23	1	0.439892053604
23	1	0.627007961273
24	1	0.573467969894
24	0	0.586055040359
24	1	0.586844205856
23	1	0.480050086975
23	1	0.652966976166
23	1	0.53368806839
23	0	0.493643045425
23	1	0.798718929291
23	1	0.600245952606
24	1	0.733636140823
24	1	0.639661073685
23	1	0.62585401535
23	1	0.585808038712
23	1	0.520272016525
23	1	0.667067050934
24	1	0.613651990891
23	1	0.733433961868
23	1	0.506911039352
23	1	0.520437955856
24	1	0.573578119278
24	1	0.546037912369
23	1	0.492848157883
24	1	0.573042869568
23	0	0.559020996094
24	1	0.65305685997
23	1	0.519299983978
23	0	0.720062971115
23	1	0.639047145844
23	1	0.493121862411
24	1	0.574094057083
24	1	0.680420160294
24	1	0.492973804474
24	1	0.640089035034
23	1	0.653049945831
23	1	0.532373905182
23	1	0.63925409317
24	1	0.747123003006
23	0	0.599938154221
24	1	0.599030971527
23	1	0.772970199585
24	1	0.545980930328
24	1	0.639257907867
23	1	0.692770957947
23	1	0.679198980331
23	0	0.572381973267
23	1	0.560250997543
23	0	0.865572929382
23	1	0.706321001053
23	1	0.813121080399
23	1	0.852021932602
23	1	0.81295800209
24	1	0.612745046616
23	1	0.772675037384
24	1	0.666903018951
23	1	0.745916128159
23	1	0.613034009933
24	1	0.62589597702
23	1	0.480414867401
23	0	0.53342795372
23	0	0.840344905853
24	0	0.880125045776
23	0	0.746612071991
24	1	0.599240779877
24	1	0.826813936234
24	1	0.639878988266
23	0	0.586305856705
24	1	0.652245998383
24	1	0.853362083435
24	1	0.839146852493
24	1	0.572137117386
24	1	0.893829107285
23	1	0.639515161514
23	1	0.572690010071
23	1	0.573433160782
24	1	0.865529060364
24	0	0.638926029205
23	0	0.759845972061
23	0	0.492558956146
23	1	0.760414123535
23	0	0.69273686409
23	1	0.879770040512
23	1	0.839968204498
23	0	0.945549964905
23	1	0.759950876236
23	1	0.813052177429
23	0	1.09284114838
19	1	1.04005289078
19	1	0.586740970612
19	1	0.53342294693
19	1	0.733329057693
19	1	0.585704088211
19	1	0.479854106903
19	0	0.493321180344
19	1	0.693010091782
19	1	0.519228935242
19	1	0.573879003525
19	1	0.506144046783
19	1	0.586468935013
19	1	0.680134057999
19	0	0.785781860352
19	1	0.533112049103
19	1	0.612892150879
19	1	0.494182109833
19	1	0.959323883057
19	1	0.612907886505
19	1	0.746826887131
19	1	0.586133956909
19	1	0.63987994194
19	1	0.586385011673
19	1	0.652213811874
19	0	0.546230077744
19	1	0.586118936539
19	1	0.533639907837
19	1	0.546111106873
19	1	0.59950709343
19	1	0.585698843002
19	1	0.600631952286
19	1	0.519600868225
19	0	0.679417133331
19	1	0.639846801758
19	1	0.560096979141
19	1	0.55894112587
19	1	0.693227052689
19	1	0.652997016907
19	1	0.65390920639
19	1	0.506304979324
19	1	0.587505102158
19	1	0.599665164948
19	1	0.532850027084
19	1	0.572926044464
19	1	0.52055311203
19	1	0.62553191185
19	0	0.612910032272
19	0	0.625584125519
19	1	0.559969902039
19	1	0.599521875381
19	1	0.545647859573
19	1	0.613234996796
19	0	0.533389091492
19	1	0.666037082672
19	1	0.558763027191
19	1	0.560146093369
19	1	0.612342834473
19	1	0.427222013474
19	1	0.600047111511
19	1	0.520020961761
19	1	0.586516857147
19	1	1.07931303978
19	1	0.532437086105
19	1	0.839421987534
19	1	0.760389089584
19	1	0.626589775085
19	1	0.546350002289
19	1	0.585933923721
19	1	0.719663143158
19	1	0.586289167404
19	1	0.705930948257
19	1	0.706752061844
19	1	0.652774095535
19	1	0.771866083145
19	1	0.665879011154
19	1	0.705952882767
19	1	0.879086971283
19	1	0.852771997452
19	1	0.572870016098
19	1	0.586313009262
19	1	0.666635036469
19	1	1.09174203873
19	1	0.559005975723
19	1	0.653064012527
19	1	0.799541950226
19	1	0.706212043762
19	1	0.679089069366
19	1	0.574095964432
19	1	0.653761148453
19	1	0.60027217865
19	1	0.732853889465
19	1	0.932625055313
19	1	0.572962999344
19	1	0.653283119202
19	1	0.678889036179
19	1	0.694317102432
19	1	0.652652978897
19	0	1.21299004555
19	1	0.679332017899
19	1	0.518687009811
19	0	0.599586009979
19	1	0.625667095184
19	1	0.652742862701
19	1	0.707431077957
19	0	0.533096075058
19	1	0.626539945602
19	1	0.773552179337
19	1	0.986184835434
19	1	0.519608020782
19	0	0.598771095276
19	1	0.49348783493
19	1	0.520843029022
19	1	0.506430864334
19	1	0.532840967178
19	0	0.813616991043
19	0	0.547115087509
19	1	0.559942007065
19	1	0.532754898071
19	1	0.491935014725
19	1	0.600259065628
19	1	0.692873954773
19	1	0.560864925385
19	1	0.812628030777
19	1	0.532644987106
19	0	0.559870004654
19	1	0.586292028427
19	1	0.573460817337
19	1	0.519757032394
19	1	0.519620895386
19	1	0.733093976974
19	1	0.626152038574
19	0	0.759131908417
19	1	0.77362704277
19	1	0.679829120636
19	1	0.612785816193
19	1	0.692547798157
19	1	0.679923057556
19	1	0.87878704071
19	1	0.692640066147
21	1	0.639839887619
22	1	0.746070146561
21	1	0.506967067719
21	0	0.653055906296
21	1	0.760835886002
22	1	0.613078117371
21	1	0.653810977936
21	1	0.666723966599
22	1	0.613505125046
21	1	0.466856956482
21	1	0.599771022797
21	1	0.718790054321
22	1	0.613749027252
22	1	0.652620792389
21	1	0.653308868408
22	1	0.63979101181
21	0	0.65318608284
21	1	0.666401147842
22	1	0.78627204895
21	0	0.732870101929
22	1	0.959486961365
21	1	0.772998094559
22	1	0.599819898605
22	1	0.611899852753
22	1	0.574259996414
21	0	0.705913066864
22	0	0.812769889832
21	1	0.666964054108
22	1	1.2253408432
21	1	0.772812843323
21	0	0.91984796524
22	1	1.12053108215
22	0	0.758948087692
22	0	0.932341098785
22	1	0.853343009949
22	1	1.33241891861
21	0	1.69294881821
22	0	1.3854238987
21	1	1.49245405197
21	1	0.946342945099
22	1	0.719559907913
21	1	0.759479999542
22	1	0.720185041428
21	1	0.813063144684
22	1	0.705938100815
22	1	0.79993891716
22	1	0.746685028076
22	1	0.745059013367
22	1	0.879666090012
22	0	0.892247915268
22	1	0.813760995865
21	1	0.879778862
22	1	0.825942993164
21	1	0.679738044739
22	1	0.665899991989
22	0	0.760424852371
22	1	0.733203172684
21	0	0.653260231018
22	1	0.665685892105
21	1	0.57218003273
22	1	0.572228908539
22	1	0.733314990997
22	1	0.559536218643
21	1	0.546895980835
22	1	0.600621938705
22	1	0.440173864365
22	1	0.745847940445
22	1	0.546851873398
21	1	0.586194992065
22	1	0.798794984818
21	0	0.492871999741
21	1	0.573796033859
22	1	0.853671073914
21	1	0.598932981491
22	1	0.625654935837
22	1	0.519269943237
22	1	0.772330999374
21	1	0.574062108994
21	1	0.51978802681
22	0	0.799212932587
21	1	1.14597797394
21	1	0.559667825699
22	1	0.519551992416
22	1	0.506195068359
22	1	0.493484020233
21	1	0.521021127701
22	1	0.51917886734
22	1	0.56006193161
22	0	0.506276130676
21	1	0.638891935349
21	1	0.626013994217
22	1	0.493618965149
22	1	0.585567951202
21	1	0.599688053131
21	1	0.518893003464
21	1	0.573289871216
22	0	0.587167024612
22	1	0.519680976868
21	1	0.707501888275
21	1	0.560076951981
21	1	0.639213085175
21	1	0.640569925308
21	1	0.573523044586
21	1	0.79994392395
22	0	0.506997823715
22	1	0.627362966537
22	1	0.719465970993
21	1	0.54586815834
22	1	1.05261683464
22	1	0.573530912399
22	1	0.612488031387
22	1	0.613551855087
21	1	0.533738136292
22	1	0.546503067017
22	1	0.599497079849
22	1	0.692672014236
21	0	0.573591947556
22	1	0.693325996399
22	1	0.693153858185
22	1	0.5999751091
21	1	0.573076963425
21	1	1.0001578331
21	1	0.692927837372
21	0	0.586104154587
22	1	0.61323595047
22	1	0.74661898613
21	1	0.559084177017
21	1	0.665753126144
22	1	0.599169015884
22	1	0.706029891968
22	1	0.587267875671
21	1	0.639356851578
22	1	0.520019054413
22	0	0.586194992065
22	1	0.533193826675
21	1	0.572136878967
17	1	0.986768960953
17	1	0.573185920715
17	1	0.532915115356
17	1	0.772742986679
17	1	0.57332777977
17	1	0.560470819473
17	1	0.598971128464
17	1	0.613153934479
17	1	0.559633970261
17	1	0.546404123306
17	1	0.61307311058
17	1	0.534339904785
17	1	0.666330099106
17	1	0.546537160873
17	1	0.640253067017
17	1	0.532961130142
17	1	0.533246040344
17	1	0.693170070648
17	1	0.480355024338
17	1	0.49302315712
17	1	0.492666006088
17	1	0.572175979614
17	1	0.772310972214
17	1	0.680226802826
17	1	0.665758132935
17	1	0.813996076584
17	1	0.585783958435
17	1	0.519693136215
17	1	0.532974004745
17	1	0.520097970963
17	1	0.693385124207
17	1	0.813700914383
17	0	0.719457864761
17	1	0.693587064743
17	1	0.746050834656
17	1	0.599253892899
17	1	0.571969985962
17	1	0.625967979431
17	1	0.532752037048
17	1	0.572428941727
17	1	0.586052894592
17	1	0.625834941864
17	1	0.66668009758
17	1	0.919538974762
17	1	0.786330938339
17	1	0.55973982811
17	1	0.626053094864
17	1	0.519304990768
17	1	0.626001119614
17	1	0.507572889328
17	1	0.665845155716
17	1	0.559850931168
17	0	0.625977993011
17	1	0.692975997925
17	1	0.54740190506
17	1	0.519545793533
17	1	0.612172842026
17	0	0.61236000061
17	1	0.679021835327
17	1	0.533201932907
17	1	0.55967092514
17	1	0.598928928375
17	1	0.546621799469
17	1	0.640121936798
17	1	0.61307311058
17	1	0.519466876984
17	1	0.533393144608
17	1	0.55979013443
17	1	0.665496826172
17	1	0.600368022919
17	1	0.586358070374
17	0	0.572384119034
17	1	0.573827028275
17	1	0.520097970963
17	0	0.6795399189
17	1	0.585219144821
17	1	0.639261960983
17	1	0.679627895355
17	1	0.679411172867
17	1	0.559161186218
17	1	0.573532104492
17	1	0.585628986359
17	1	0.533342838287
17	0	0.693027973175
17	1	0.732839822769
17	1	0.986030101776
17	0	0.985688924789
17	1	0.893157958984
17	1	0.692707777023
17	1	0.69287610054
17	1	0.599845170975
17	1	0.560122966766
17	0	1.1189391613
17	1	0.613566875458
17	1	0.652967214584
17	1	0.639091968536
17	1	0.798964977264
17	1	0.746208906174
17	1	0.546263933182
17	0	0.678691864014
17	0	0.827174901962
17	1	0.519109010696
17	1	0.587165117264
17	1	0.625741004944
17	1	0.519551038742
17	1	0.612992048264
17	1	0.705704927444
17	1	0.679149150848
17	1	0.679517030716
17	1	0.533910036087
17	1	0.479467868805
17	1	0.586827039719
17	0	0.546811103821
17	1	0.480025053024
17	1	0.559144020081
17	1	0.666465044022
17	1	0.654008150101
17	1	0.852642059326
17	1	0.826650857925
17	1	0.732889890671
17	1	0.933355093002
17	1	0.560289859772
17	1	0.572746992111
17	1	0.600211143494
17	1	0.666478872299
17	1	0.574029922485
17	1	0.813826084137
17	1	0.560075998306
17	1	0.586977005005
17	1	0.560458183289
17	1	0.493079900742
17	1	0.55958199501
17	1	0.653460025787
17	1	0.546725034714
17	1	0.585891962051
17	1	0.785300970078
17	1	0.546416044235
17	1	0.532521009445
17	1	0.585821866989
17	1	0.506198167801
