6	1	2.75378894806
5	1	1.45187711716
5	1	0.704123973846
5	1	0.645226955414
6	1	0.721013069153
5	1	1.11569213867
6	1	0.586846828461
6	1	0.608873844147
5	0	0.747286081314
6	1	0.570306062698
6	1	0.594519853592
5	1	0.809272050858
6	1	1.23451113701
5	1	0.594021081924
5	0	0.707008123398
5	1	0.61111497879
6	1	0.832864046097
6	1	0.59198307991
6	1	0.587770938873
6	0	0.776705980301
6	1	0.723150968552
6	1	0.72281908989
6	1	0.474468231201
5	1	0.571427822113
6	1	0.632222890854
5	1	0.594444990158
5	1	0.554949998856
5	1	0.898275136948
6	1	0.507467985153
6	1	0.626059055328
5	0	1.0246360302
6	0	1.2752790451
5	1	0.772583961487
6	1	0.968273878098
6	1	0.722220897675
6	1	1.1315870285
6	1	0.561553001404
6	1	0.801818847656
6	1	0.769634008408
5	1	0.683645963669
6	1	0.873021125793
5	1	0.668711900711
5	1	0.689515113831
5	1	0.620448827744
6	1	0.54788684845
5	0	0.553851127625
6	1	0.75452709198
6	1	0.760421037674
6	1	0.785868883133
5	1	0.73996591568
6	1	0.556278944016
5	1	0.737895965576
6	1	0.664391994476
6	1	0.665410995483
5	1	0.786424160004
6	1	1.12213587761
5	1	0.587207794189
6	1	0.747049093246
6	1	0.610685825348
6	1	0.467282056808
6	1	0.561596155167
5	1	0.51517701149
5	1	0.626954078674
5	1	0.530723810196
6	1	0.664295196533
5	1	0.803169965744
6	0	1.16920495033
6	1	0.563001871109
6	1	1.22993087769
5	1	0.817529916763
5	1	1.33185601234
5	1	0.560930013657
6	0	1.29151296616
5	1	0.68147110939
5	1	0.873316049576
5	1	0.59593296051
5	1	0.713956832886
6	1	0.710047960281
6	1	0.536556005478
5	1	0.744294881821
6	1	0.714407920837
6	0	0.482740879059
6	1	0.483202934265
6	1	1.09702515602
5	0	0.585794210434
6	1	0.578783988953
6	1	0.579689979553
5	1	0.65994811058
5	1	0.600765943527
6	1	0.635513067245
6	1	0.705157995224
5	1	0.634860992432
6	1	0.523010015488
6	1	0.834378004074
5	1	0.706913948059
5	1	0.55567407608
6	1	0.554072141647
5	1	0.577975988388
6	1	0.531002998352
5	0	0.842348098755
5	1	0.664618015289
5	0	0.553412914276
6	1	1.1707971096
5	1	1.42672109604
6	0	1.09174513817
6	1	2.81793999672
6	0	2.77904295921
5	1	1.76181101799
6	1	0.619171142578
6	1	0.537909030914
6	1	1.04455113411
5	1	0.704216003418
6	1	0.74950504303
5	1	1.0168941021
6	1	0.889833211899
6	1	0.706310033798
5	1	0.930906057358
6	1	0.884255886078
5	1	0.505976915359
5	1	0.684334993362
5	1	0.626001119614
5	1	0.482913017273
5	1	0.41181397438
6	1	0.289826869965
6	1	0.544902086258
5	1	0.60345697403
5	0	0.585970878601
6	0	0.738996982574
5	1	0.826359987259
5	0	1.02675890923
6	0	1.07396197319
7	1	1.40314078331
8	1	0.795057058334
8	1	0.530425071716
7	1	0.825036048889
8	1	0.523925065994
8	0	0.561201095581
8	1	0.772418022156
8	1	0.537419080734
8	1	0.570911884308
8	1	0.567606925964
8	1	0.516623973846
8	1	0.496955871582
8	1	0.565249919891
7	1	0.560914039612
8	1	0.540901899338
7	1	0.465543985367
8	1	0.386432886124
7	1	0.754797935486
7	1	0.529516935349
7	0	0.699862003326
8	1	0.537909984589
8	1	0.666007995605
7	1	0.584759950638
7	1	0.985706090927
8	1	1.37961602211
7	1	0.905225992203
8	1	0.93129992485
8	1	0.977880954742
7	1	1.82539319992
8	1	0.565536975861
7	1	0.561352968216
7	0	0.745083808899
7	0	0.827980041504
7	1	0.688260793686
8	1	0.605642795563
8	1	1.12274980545
7	1	0.522050857544
8	1	0.704359054565
8	1	0.531940937042
8	1	0.865390062332
8	1	0.492491006851
7	1	0.611403942108
7	0	0.853077888489
8	0	0.666062831879
8	1	0.827114105225
8	1	2.20948791504
8	1	1.92928099632
8	1	0.602518081665
8	1	0.516345977783
7	1	0.624309778214
7	0	0.876829147339
7	0	0.697097063065
8	0	0.578701019287
7	0	1.61972308159
7	1	0.576105117798
7	1	0.86718916893
8	1	0.546086072922
8	1	0.427415132523
8	0	0.324023008347
7	0	0.872899055481
7	1	0.611199855804
8	1	0.512397050858
7	1	0.802675008774
7	1	0.530197143555
7	1	0.554848909378
7	1	0.497469902039
8	1	0.449296951294
8	0	0.437331199646
8	1	0.458504915237
8	1	0.56992316246
8	1	0.827579021454
7	1	0.921948194504
7	1	0.608951091766
7	1	0.604635953903
7	1	0.746906042099
8	1	0.850629091263
7	1	0.658707141876
8	1	0.563259124756
8	1	0.48844408989
8	1	0.539697885513
8	1	0.602217912674
8	1	0.442121982574
7	1	0.675025939941
7	1	0.55312204361
8	1	0.524969100952
7	1	0.37905216217
7	1	0.560461997986
8	1	0.484607934952
7	1	0.498089075089
7	1	0.515473842621
7	1	0.632828950882
8	1	0.499670982361
8	1	1.5291519165
8	0	0.580618143082
8	1	1.06620001793
7	1	0.939191102982
7	1	1.90451097488
8	1	1.06759285927
8	1	1.08126401901
7	0	0.779772996902
7	0	0.624300956726
7	1	0.595474004745
8	1	0.531419038773
8	0	0.691756010056
7	1	0.583987951279
7	1	0.516696929932
7	0	0.799962997437
8	1	0.555771827698
8	1	0.619035005569
8	1	0.688153028488
7	1	0.716428041458
7	0	0.480941057205
8	1	0.530362844467
8	1	0.49036693573
7	1	0.498924016953
8	1	0.593112945557
8	1	0.529274940491
8	1	0.429033041
8	0	0.497313022614
8	1	0.617580890656
8	1	0.955857038498
8	1	1.05880594254
7	1	0.499497175217
8	0	0.563884019852
7	1	1.76287484169
8	1	0.578619003296
8	1	0.859680175781
7	1	0.648365974426
8	1	0.552329063416
7	1	0.635197877884
8	1	0.557212114334
7	1	0.593059062958
7	1	0.63406085968
8	1	0.456042051315
8	1	0.644273996353
2	1	0.988158941269
2	1	0.905870914459
2	0	0.59494805336
2	0	0.570273160934
2	0	4.45064210892
2	1	0.609585046768
2	1	0.549081802368
2	1	0.849771976471
2	1	0.489068984985
2	1	0.554893016815
2	1	0.683502912521
2	1	0.53810095787
2	0	0.748260974884
2	1	0.617788076401
2	1	2.42487382889
2	1	0.698683023453
2	0	0.696726083755
2	1	0.546509027481
2	0	0.794407129288
2	0	0.738875150681
2	1	0.30748295784
2	1	0.575934171677
2	1	0.666267871857
2	0	0.602993011475
2	1	0.555879116058
2	1	0.595425128937
2	0	0.481095790863
2	1	0.570202112198
2	1	0.515913009644
2	1	0.600084066391
2	1	0.474867105484
2	1	0.361279964447
2	1	0.499174118042
2	1	0.467383861542
2	1	0.498057126999
2	1	0.586318969727
2	1	0.490610837936
2	1	0.362581014633
2	1	1.11425614357
2	1	0.674013853073
2	1	0.496961116791
2	1	0.523638010025
2	1	0.825948953629
2	1	0.569843053818
2	1	0.802539110184
2	1	0.499717950821
2	1	0.546291828156
2	1	0.634816884995
2	0	0.595791101456
2	1	0.744012832642
2	0	0.755652189255
2	0	0.624873161316
2	1	0.626008987427
2	1	0.547086954117
2	0	1.25608706474
2	1	0.602746009827
2	1	0.706944942474
2	1	0.778435945511
2	1	0.970293998718
2	1	0.971255779266
2	1	0.713288068771
2	1	0.618165016174
2	1	0.810083150864
2	1	1.67613697052
2	1	0.658019065857
2	1	0.770726919174
2	0	0.747231960297
2	1	0.569622039795
2	1	0.800690174103
2	1	0.684923887253
2	1	0.763024091721
2	1	0.689759016037
2	0	0.756697893143
2	0	0.562031984329
2	1	0.57066488266
2	1	0.578128099442
2	0	0.729119062424
2	0	2.09960007668
2	1	0.795094013214
2	1	0.600929021835
2	0	1.05984306335
2	1	0.864847183228
2	1	0.643768072128
2	1	0.858201026917
2	1	0.586457014084
2	1	0.80171585083
2	1	0.835790157318
2	1	0.516984939575
2	1	0.599009037018
2	1	0.643927097321
2	0	0.601984024048
2	0	0.723124027252
2	1	1.04854393005
2	1	0.635321140289
2	1	0.60244512558
2	1	1.61807107925
2	1	0.618077993393
2	1	0.603603124619
2	1	0.528759002686
2	1	0.571434020996
2	1	0.715960979462
2	1	0.491343021393
2	1	0.770817995071
2	1	0.810076951981
2	1	0.560732841492
2	0	0.692043066025
2	1	0.744079828262
2	1	1.13047218323
2	0	2.52242302895
2	0	0.704101085663
2	1	0.699548006058
2	1	0.795825004578
2	1	0.681490898132
2	1	0.688863992691
2	1	0.685700178146
2	1	0.58548784256
2	0	0.683754920959
2	1	0.618076086044
2	1	0.658572912216
2	1	1.25956296921
2	1	0.577589035034
2	1	0.619611978531
2	0	0.785010099411
2	1	0.467680931091
2	0	0.679640054703
2	1	0.789376020432
2	1	0.497895002365
2	1	0.570381164551
2	1	0.705581903458
2	1	0.530325889587
2	1	0.458555936813
2	1	0.658052206039
2	0	0.531639099121
5	0	1.626912117
6	0	0.531864881516
5	1	1.13755488396
6	0	0.554718971252
6	1	0.906476020813
5	1	0.79617190361
5	1	0.634356975555
5	1	0.570598125458
5	0	0.713286876678
6	1	0.706656217575
5	1	0.53798699379
5	1	0.690666913986
6	1	0.651585102081
6	1	0.634464979172
6	1	0.536237955093
5	1	0.554228067398
6	1	0.668190002441
6	1	0.521093130112
5	0	0.330610990524
6	1	0.594006061554
5	1	0.451828956604
5	0	0.570129156113
6	0	0.491691112518
5	0	1.37169790268
6	0	0.608881950378
6	1	0.57807302475
6	1	0.498271942139
6	1	0.458343982697
5	1	0.891762971878
6	1	0.704802036285
5	1	0.443214178085
6	1	0.652169942856
5	1	0.514795064926
6	1	0.585297822952
6	1	1.33641386032
5	1	0.613620996475
6	1	0.93784403801
6	1	0.516276836395
5	1	0.50353717804
5	0	0.921663045883
6	1	1.36514019966
6	1	0.600152015686
5	1	0.524256944656
6	1	0.555088996887
6	1	0.466714143753
6	1	0.448426961899
5	1	0.994074106216
6	1	0.490668058395
6	0	0.507600069046
5	0	0.809726953506
6	0	1.08338999748
5	1	0.672725200653
6	1	1.27496099472
5	1	0.578987836838
5	1	0.713907957077
6	1	0.721965074539
6	1	0.780138015747
5	1	0.506754875183
5	0	0.985226154327
5	0	0.826519012451
5	0	0.659317970276
5	1	0.99375295639
6	1	0.619794130325
5	1	0.547484874725
6	1	0.50631403923
6	0	0.850116968155
6	1	0.616897106171
6	1	0.762274026871
5	1	1.30583095551
5	1	1.6901011467
5	1	0.625482082367
5	0	1.42685508728
5	0	0.930197954178
6	1	0.938071012497
5	1	1.32991099358
6	1	0.780110836029
6	1	0.578431844711
5	1	0.599483013153
6	1	0.498846054077
6	1	0.597049951553
6	1	0.478760004044
5	1	0.477840185165
5	1	1.97669100761
6	1	0.715830087662
5	1	0.770688056946
5	1	0.808177947998
6	1	0.626597166061
6	1	0.596991062164
6	0	0.57685303688
6	1	1.74785494804
5	0	0.744354009628
5	1	0.707887887955
5	1	0.939069986343
5	1	0.530420064926
6	1	0.593818902969
6	1	2.6605861187
6	1	0.730906009674
5	1	1.24012207985
5	1	0.92501282692
5	1	3.57646608353
5	1	0.515440940857
6	1	0.633803129196
5	1	0.667150974274
6	1	0.49764585495
6	1	0.521908044815
6	1	0.508367061615
5	1	0.416887998581
5	1	0.473382949829
5	0	0.77114200592
6	1	0.700230121613
6	1	0.658820867538
6	0	0.617486000061
6	1	0.34875202179
6	1	1.1145169735
5	1	0.624445915222
5	1	0.562960147858
6	1	0.962684869766
6	1	0.579452037811
5	1	0.786494016647
6	1	0.916134119034
6	1	0.601500988007
6	1	0.693352937698
6	1	0.650000095367
5	0	0.745116949081
5	1	0.557436943054
5	1	0.568286895752
5	1	0.578336954117
6	1	0.76432800293
5	0	0.688977003098
6	1	0.589105129242
6	1	0.706224918365
5	1	0.610567808151
4	1	1.18602204323
4	1	0.554576158524
4	1	0.506915092468
4	1	0.889765977859
4	1	0.905030965805
4	0	1.2436299324
4	0	0.523802995682
4	0	0.802589893341
4	1	0.523367881775
4	0	0.936307907104
4	1	1.80212402344
4	1	1.8738079071
4	1	0.602040052414
4	1	1.77113199234
4	1	0.514612913132
4	1	0.55365395546
4	1	0.531493902206
4	0	0.608907222748
4	1	0.541241884232
4	1	0.561192989349
4	1	0.484284162521
4	1	0.482104063034
4	1	0.465425014496
4	1	0.570832967758
4	1	0.489738941193
4	1	0.745815038681
4	1	0.411185026169
4	1	0.676490783691
4	1	0.641112089157
4	1	0.627290964127
4	0	0.624811172485
4	1	0.597326993942
4	1	0.682544946671
4	1	0.511742115021
4	0	2.04957008362
4	0	0.550014019012
4	0	0.561613082886
4	0	0.57017493248
4	1	0.561183929443
4	0	0.794739961624
4	1	0.555222988129
4	1	0.515319108963
4	0	0.64947104454
4	0	0.525135993958
4	0	0.765544176102
4	0	0.696943044662
4	0	0.676094055176
4	1	0.577717065811
4	1	0.547032117844
4	0	0.651700973511
4	1	0.497895956039
4	1	0.433610916138
4	0	0.578110933304
4	1	0.72268986702
4	1	0.600558996201
4	1	0.508124828339
4	1	0.38721704483
4	1	0.546586990356
4	1	0.584656000137
4	1	0.474133014679
4	0	0.707276821136
4	1	0.835522890091
4	0	0.907660007477
4	0	0.51256108284
4	1	0.796495914459
4	1	0.619945049286
4	1	0.545101881027
4	1	0.569397926331
4	0	0.71516084671
4	1	0.547734975815
4	1	0.554307937622
4	1	0.557090997696
4	1	0.497619152069
4	1	0.548051118851
4	1	0.61486697197
4	1	0.493189811707
4	1	0.571847915649
4	1	0.490957975388
4	1	0.560649871826
4	1	0.564332962036
4	1	0.515305995941
4	1	0.633898973465
4	1	0.507806062698
4	1	0.570471048355
4	0	0.47330904007
4	1	0.657179117203
4	1	0.484389781952
4	0	1.33758997917
4	1	0.586273908615
4	1	0.5881960392
4	1	0.648533821106
4	1	0.72293806076
4	1	0.602171897888
4	1	1.38699793816
4	1	1.1453871727
4	1	0.997793197632
4	1	0.592649936676
4	0	1.5296869278
4	1	0.497732877731
4	1	0.522485971451
4	1	0.699138879776
4	1	0.476156949997
4	1	0.703476190567
4	1	0.691926002502
4	0	1.08044314384
4	1	0.867493152618
4	1	0.641560792923
4	1	0.546571016312
4	1	0.530114889145
4	1	0.572615861893
4	0	0.570497989655
4	1	0.498149871826
4	1	0.505321025848
4	1	0.562160015106
4	0	0.610826969147
4	1	0.645003080368
4	1	0.64232301712
4	1	0.496815919876
4	1	0.587495803833
4	1	0.572077989578
4	0	0.547517061234
4	0	0.593873977661
4	1	0.549306154251
4	0	1.97702288628
4	1	0.930891990662
4	1	0.762998104095
4	1	0.552769899368
4	1	0.51357793808
4	0	1.01243805885
4	0	0.537739992142
4	1	0.794719934464
4	0	0.643275022507
4	0	0.720981121063
4	1	0.63423705101
4	1	0.650964021683
4	1	0.467287063599
3	0	2.75566983223
3	0	0.651110887527
3	0	0.281498193741
3	1	0.539342880249
3	1	0.545840024948
3	1	0.506941795349
3	0	0.648484945297
3	1	0.606005907059
3	1	0.584113836288
3	1	0.596297979355
3	1	0.579686164856
3	1	0.4419298172
3	1	0.528207063675
3	1	0.521636962891
3	1	0.506556034088
3	1	0.690416097641
3	1	0.538406848907
3	1	0.522614002228
3	1	1.13201212883
3	1	0.587358951569
3	0	0.737380027771
3	1	0.577656984329
3	1	0.555316209793
3	1	1.04832005501
3	1	1.2839679718
3	1	0.642045021057
3	1	0.508551120758
3	1	0.571506977081
3	1	0.513041973114
3	1	0.866285085678
3	1	0.643989086151
3	1	0.484079837799
3	1	1.22641301155
3	1	0.706838846207
3	0	0.682543039322
3	1	0.546303987503
3	1	0.664754152298
3	1	1.13110804558
3	1	0.515717983246
3	1	0.87583398819
3	0	0.721055984497
3	0	0.64888215065
3	1	0.888612031937
3	1	1.17285180092
3	1	0.61752820015
3	1	0.725483894348
3	1	0.561606168747
3	1	0.760375976562
3	1	0.625895023346
3	1	0.5658390522
3	1	0.514302968979
3	1	0.506346940994
3	1	0.529564142227
3	1	0.522403001785
3	1	0.468341112137
3	1	0.536329984665
3	1	0.539443969727
3	1	0.586599111557
3	1	0.498224973679
3	1	0.603003978729
3	1	0.50021481514
3	1	0.447999000549
3	1	1.04080295563
3	1	0.458260059357
3	0	0.692303180695
3	0	0.584254026413
3	1	0.56159901619
3	1	0.764070987701
3	1	0.546471118927
3	1	0.50753903389
3	1	0.507652997971
3	1	0.411689043045
3	1	0.42492890358
3	1	0.389115095139
3	1	0.681352853775
3	1	0.627454996109
3	1	0.834010124207
3	0	0.850724935532
3	1	0.537432909012
3	1	0.473766088486
3	1	0.434710025787
3	1	0.747602939606
3	1	0.71470785141
3	1	0.43386387825
3	0	0.667284011841
3	1	0.419513940811
3	1	0.759959936142
3	1	0.491932153702
3	1	0.578008890152
3	1	0.547235965729
3	1	0.508919000626
3	1	0.633853912354
3	0	0.426568031311
3	0	0.338089942932
3	1	0.483124017715
3	1	0.553264141083
3	1	0.370424032211
3	0	0.284830093384
3	1	0.442780017853
3	1	0.427367925644
3	1	1.07277178764
3	1	0.395679950714
3	1	0.514939785004
3	1	0.450423002243
3	0	0.579131126404
3	1	0.660611867905
3	1	0.538112878799
3	1	0.647556066513
3	1	0.515097141266
3	1	0.506251811981
3	1	0.42773103714
3	1	0.537113904953
3	1	0.499022960663
3	1	0.570343971252
3	1	0.581577777863
3	1	0.584527015686
3	1	0.490643024445
3	1	0.668752193451
3	1	0.491223096848
3	1	0.528517961502
3	1	0.475416898727
3	1	0.492406129837
3	1	0.481336116791
3	1	0.483741044998
3	1	0.417330980301
3	1	0.38355588913
3	1	0.450803995132
3	1	0.476676225662
3	1	0.545648097992
3	1	0.426930904388
3	1	0.442994117737
3	1	0.520968914032
3	0	0.571938991547
3	1	0.482511043549
3	1	0.544263124466
3	1	0.61066198349
3	1	0.621570825577
3	1	0.512197971344
3	1	0.45766210556
3	1	0.445292234421
3	1	0.794831991196
3	1	0.545826196671
1	1	0.889531850815
1	1	0.412500143051
1	1	0.48321390152
1	1	0.554390907288
1	1	0.51550412178
1	1	0.442466974258
1	0	0.503469944
1	0	0.594642162323
1	1	0.523756027222
1	0	0.588129997253
1	1	0.377050876617
1	1	0.571622133255
1	1	0.457097053528
1	0	0.283497095108
1	0	1.51586318016
1	1	0.474133014679
1	1	0.491600036621
1	1	0.433593034744
1	1	0.417114019394
1	1	0.428229093552
1	1	0.436094999313
1	1	0.490015983582
1	1	0.512856960297
1	1	0.473550081253
1	1	0.546472072601
1	1	0.435935974121
1	0	0.417582988739
1	1	0.365591049194
1	1	0.568300962448
1	1	0.469529867172
1	1	0.817890882492
1	1	0.648478984833
1	1	0.516387224197
1	1	0.537160158157
1	1	0.563195943832
1	1	0.458886146545
1	1	0.515727996826
1	1	0.545279979706
1	1	0.474033117294
1	1	0.442877054214
1	1	0.584929227829
1	1	0.476239919662
1	1	0.475636959076
1	1	0.472218990326
1	1	0.52303314209
1	0	0.72150182724
1	0	0.602858066559
1	1	0.729759931564
1	1	0.713953018188
1	1	0.836651086807
1	1	0.802481889725
1	1	0.930415153503
1	1	0.519924163818
1	1	1.17037391663
1	1	0.667129993439
1	1	0.506763935089
1	1	0.771899223328
1	1	0.577585935593
1	0	0.771842002869
1	1	0.520302057266
1	1	0.5067050457
1	1	0.473881959915
1	1	1.17044186592
1	1	0.476152896881
1	1	0.48831486702
1	1	0.475645065308
1	1	0.481684923172
1	1	0.393154859543
1	1	0.548763036728
1	1	0.402577877045
1	1	0.370927095413
1	1	0.41939496994
1	1	0.55425786972
1	1	0.553910017014
1	1	0.609006881714
1	1	0.402874946594
1	0	0.486108064651
1	1	0.398628950119
1	1	0.660026073456
1	1	0.490526914597
1	1	0.456633806229
1	0	0.386934995651
1	1	0.609942913055
1	1	0.668576002121
1	1	0.512531995773
1	1	0.50883102417
1	1	0.417852163315
1	1	0.539622068405
1	1	0.474224090576
1	1	0.458550930023
1	1	0.443488836288
1	1	0.434760093689
1	1	0.43604683876
1	1	1.43497681618
1	1	1.27204608917
1	0	0.85887503624
1	1	1.96336388588
1	1	0.489378929138
1	1	0.612185001373
1	1	1.81859493256
1	1	1.15549683571
1	1	0.497362136841
1	1	0.480926036835
1	1	0.699373960495
1	1	0.593999147415
1	1	1.54704785347
1	0	0.722193956375
1	1	0.57119512558
1	1	0.850492954254
1	1	2.68398880959
1	1	0.539428949356
1	1	0.527648925781
1	1	1.46668601036
1	1	1.65144109726
1	1	0.467335939407
1	1	0.513069152832
1	1	0.56193113327
1	0	0.523566961288
1	1	0.496052026749
1	1	0.492576122284
1	1	0.577526092529
1	1	0.481651067734
1	1	0.508844137192
1	1	1.12848877907
1	1	0.602025032043
1	1	0.499857902527
1	1	0.354933023453
1	1	0.442106962204
1	1	0.47473192215
1	1	0.40251994133
1	1	0.609576940536
1	1	0.586104154587
1	1	0.516647100449
1	1	0.474805831909
1	1	0.866456031799
1	1	0.547508955002
1	1	0.529747962952
1	1	0.632299900055
1	1	0.556535005569
1	1	0.466866970062
8	1	0.868387937546
8	0	0.562228918076
7	1	0.337882041931
8	1	0.570454835892
7	1	0.460443973541
7	1	0.432641029358
7	1	0.483417034149
8	1	0.682127952576
7	1	0.401346921921
8	0	0.683023929596
8	1	0.483683109283
8	1	0.55254983902
7	0	0.451967954636
7	1	0.577668905258
8	1	0.490792036057
8	1	0.506995916367
7	0	0.722587108612
7	0	0.360279798508
7	1	0.587609052658
8	1	0.491199970245
8	1	0.546264886856
8	0	0.386292219162
7	0	0.465121984482
8	0	0.515673875809
7	1	0.628012895584
7	1	1.15236496925
8	1	0.410575151443
7	1	0.540406942368
7	0	0.474841117859
8	0	0.242421150208
7	1	0.226146936417
7	1	0.461575984955
8	1	0.633334159851
7	1	0.513028860092
8	0	0.355489969254
7	1	0.338730096817
7	1	0.482548952103
7	1	0.452235937119
7	0	0.374965190887
7	1	0.589410066605
8	1	0.407614946365
8	1	0.510518074036
7	1	0.402606964111
7	1	0.448767900467
7	1	0.351636886597
7	1	0.517609834671
8	1	0.44980597496
8	1	0.459014892578
8	0	0.506583929062
7	1	0.272268772125
7	1	0.547399044037
8	1	0.444159030914
7	1	0.528195142746
8	0	0.771849155426
7	0	0.491326808929
7	1	0.473984003067
8	0	0.728313207626
8	1	0.754799842834
8	1	0.581199169159
8	1	0.546112060547
8	1	0.530780076981
7	1	0.530855894089
8	1	0.538450956345
7	1	0.474766969681
7	0	0.648731946945
7	1	0.706382036209
8	1	0.5047519207
8	1	0.490968942642
7	1	0.69840502739
7	0	0.692255973816
8	0	0.785202026367
7	1	1.24962496758
8	1	0.58710193634
7	1	0.68909907341
7	1	0.59569978714
7	1	0.697106838226
7	1	0.515689134598
7	1	0.665838956833
7	1	0.506355047226
7	1	0.672547101974
8	1	0.569699048996
7	1	0.459689855576
7	1	0.522799968719
8	1	0.513426065445
7	1	0.515151023865
8	1	0.434364080429
8	1	0.481246948242
7	1	0.460216999054
8	1	0.554718017578
8	1	0.419157981873
7	1	0.45773100853
8	1	0.547415971756
7	1	0.504718065262
7	1	0.525451898575
8	1	0.648175001144
8	1	0.467018842697
8	1	0.45178103447
7	1	0.553196907043
8	1	0.483913898468
7	1	0.489171981812
8	1	0.395323038101
8	1	0.482281923294
7	1	0.420256137848
7	1	0.601652860641
7	1	0.66716003418
7	1	0.482671976089
7	1	0.554115056992
8	1	0.427797079086
8	1	0.523016929626
7	1	0.436497926712
7	0	0.394412994385
7	1	0.479887008667
7	1	0.460649013519
8	1	0.560725927353
8	1	0.63577580452
8	1	0.466090917587
7	1	0.491074800491
7	1	0.644654035568
7	1	0.555552959442
7	1	0.538994073868
8	0	0.646781921387
8	1	0.5319480896
7	1	0.482855081558
8	0	0.5950050354
7	1	0.210855007172
7	0	0.72357583046
7	0	0.346524000168
7	1	0.467486858368
7	1	0.697447061539
7	1	0.970510959625
8	1	0.387490987778
8	1	0.529353141785
7	1	0.410802125931
8	1	0.490652084351
7	1	0.491629123688
8	1	0.522243022919
7	1	0.451407194138
7	1	0.560966968536
8	1	0.714474916458
7	1	0.691405057907
7	1	0.433537006378
7	1	0.754339933395
8	1	0.484934091568
7	1	0.494525909424
8	1	0.356275081635
12	1	0.626188993454
12	1	0.506198883057
12	1	0.546164989471
12	1	0.479494810104
12	1	0.47949385643
12	0	0.506222009659
12	0	0.386157035828
12	1	0.62614607811
12	1	0.972798109055
12	1	0.89288187027
12	1	0.719470977783
12	1	0.532855987549
12	0	0.612788915634
12	0	0.719979047775
12	0	0.946223020554
12	1	0.586122989655
12	1	1.03956103325
12	1	0.466608047485
12	1	0.533382177353
12	1	0.559922933578
12	1	0.440013885498
12	1	0.479928016663
12	1	0.39998793602
12	1	0.5599360466
12	1	0.493365049362
12	1	0.732893943787
12	0	0.639404058456
12	0	0.479458093643
12	0	0.55943608284
12	1	1.07950806618
12	0	0.706190824509
12	1	0.626155138016
12	1	0.49277806282
12	0	1.13274717331
12	0	0.652956008911
12	1	0.639400959015
12	0	9.12883591652
12	1	0.919495105743
12	1	0.599556922913
12	0	0.626163959503
12	1	0.666486978531
12	0	0.453434944153
12	1	0.65332698822
12	1	0.719624042511
12	1	0.719514846802
12	1	0.666101932526
12	1	0.732839822769
12	1	0.813227891922
12	1	0.55962896347
12	1	0.599421977997
12	0	0.652894020081
12	1	0.546090841293
12	1	0.586181879044
12	1	0.972951173782
12	1	0.572964191437
12	1	0.746164083481
12	1	0.612923145294
12	0	0.692829847336
12	1	0.559969902039
12	1	0.546694040298
12	1	0.559921979904
12	1	0.413322925568
12	1	0.453274011612
12	1	0.813102960587
12	1	0.572801828384
12	1	1.06625199318
12	1	1.03942489624
12	1	0.586230039597
12	1	0.519486904144
12	1	0.492801904678
12	1	0.50617814064
12	1	0.652918100357
12	1	0.786406993866
12	1	0.413278102875
12	1	0.720069885254
12	1	0.546583175659
12	1	0.692847967148
12	1	0.772822141647
12	1	0.532773017883
12	1	0.559782028198
12	1	0.519968032837
12	1	0.613305091858
12	1	0.506744861603
12	1	0.586699008942
12	1	0.666531085968
12	1	0.426676988602
12	1	0.533389091492
12	1	0.493286848068
12	1	0.692826032639
12	1	0.412858963013
12	1	0.492831945419
12	1	0.532790184021
12	1	0.506154060364
12	0	0.586156129837
12	1	0.492854118347
12	1	0.599491119385
12	1	0.519520998001
12	0	0.986191987991
12	1	0.759501934052
12	1	0.599560976028
12	0	0.666188001633
12	1	0.772891044617
12	1	0.653399944305
12	0	0.613327980042
12	1	0.612943887711
12	1	0.559486865997
12	1	0.679565906525
12	1	0.612808942795
12	1	0.532899856567
12	1	0.519784927368
12	1	0.506562948227
12	1	0.519901990891
12	1	0.666568994522
12	1	0.506597042084
12	1	0.506652832031
12	1	0.453438997269
12	0	0.546654939651
12	1	0.640025138855
12	1	0.559868097305
12	1	0.519658088684
12	1	0.453285932541
12	0	0.413296937943
12	1	0.466547966003
12	0	0.586652040482
12	1	0.626220941544
12	0	0.599452018738
12	0	0.412827968597
12	0	0.333389043808
12	0	1.02623391151
12	1	0.639695167542
12	1	0.466645002365
12	0	0.91970205307
12	1	0.572887182236
12	1	0.479470014572
12	1	0.666220903397
12	1	0.452868938446
12	1	0.612861156464
9	1	0.479579925537
9	1	0.546243906021
9	1	0.572860956192
9	1	0.492879867554
9	1	0.466202974319
9	1	0.45284986496
9	1	0.412850141525
9	1	0.519423007965
9	1	0.572750091553
9	1	0.412781000137
9	0	0.292891025543
9	1	0.59948682785
9	0	0.639500141144
9	1	0.559486865997
9	1	0.746052026749
9	1	0.559551954269
9	1	0.479622125626
9	0	0.586156129837
9	1	2.17196297646
9	0	0.666087150574
9	1	0.532824993134
9	1	0.719473838806
9	1	1.63911581039
9	1	0.733376979828
9	1	2.22572183609
9	1	1.3727619648
9	1	0.439571142197
9	0	0.572828769684
9	1	1.70582795143
9	1	1.4394659996
9	1	0.799976110458
9	0	0.652853965759
9	0	0.639585018158
9	1	0.519479990005
9	1	0.532835006714
9	1	0.546200037003
9	1	0.492828130722
9	1	0.532742023468
9	1	0.452787876129
9	1	0.532730102539
9	1	0.532806158066
9	0	0.479622125626
9	1	0.586227893829
9	1	0.333138227463
9	1	0.492748022079
9	1	0.572821140289
9	0	0.43955206871
9	1	2.11894202232
9	1	0.586776971817
9	0	0.493332147598
9	1	0.613425970078
9	0	0.599801778793
9	1	0.493066072464
9	1	0.559480905533
9	1	0.466247797012
9	0	3.2251188755
9	1	1.90575003624
9	0	0.706125974655
9	1	1.0394589901
9	1	0.852792978287
9	0	2.1322851181
9	1	0.746217012405
9	0	0.559535980225
9	1	0.266246080399
9	1	2.55851316452
9	1	0.692771911621
9	1	0.626116037369
9	0	0.506140947342
9	1	1.34576892853
9	1	0.892865896225
9	0	0.573301076889
9	0	1.63945412636
9	1	0.480057001114
9	1	1.51960301399
9	0	1.66563391685
9	1	0.599485874176
9	0	0.706157922745
9	1	1.7990219593
9	1	0.746502161026
9	1	0.53289103508
9	1	1.01284694672
9	1	1.99900484085
9	1	2.58512997627
9	1	0.50628900528
9	1	0.47954916954
9	1	0.452903985977
9	0	1.11954808235
9	0	1.74595189095
9	0	0.759593963623
9	1	0.692765951157
9	0	0.839570999146
9	1	1.45283794403
9	1	2.58570194244
9	0	0.986145973206
9	1	0.626256942749
9	1	0.626409053802
9	1	0.546648979187
9	1	0.533353090286
9	1	0.519941091537
9	1	0.506627082825
9	1	0.493370056152
9	1	0.493335008621
9	0	0.34671998024
9	0	1.73280596733
9	1	0.520045995712
9	1	0.65293598175
9	0	0.866183996201
9	0	0.879501104355
9	0	0.892779827118
9	1	0.479470014572
9	1	0.46612906456
9	0	0.892842054367
9	0	0.399981975555
9	1	0.546200037003
9	0	0.693156003952
9	1	0.519997119904
9	0	0.186663866043
9	0	0.226232051849
9	0	0.213376045227
9	1	1.15949511528
9	1	0.493295907974
9	1	0.573290109634
9	0	1.35952615738
9	1	0.572948932648
9	0	0.67996096611
9	1	0.759658098221
15	0	1.27928590775
15	0	0.426211833954
16	0	0.492740869522
15	1	0.533402919769
16	0	1.51936197281
15	1	0.772882938385
16	0	0.6395008564
15	1	0.51953291893
15	0	0.906237125397
16	1	0.560019016266
16	0	0.333382129669
16	1	0.186668157578
16	0	2.47851991653
16	1	1.8124628067
15	1	1.25287294388
16	1	0.826402187347
15	1	0.799492120743
15	0	0.653387069702
16	1	0.666402101517
15	1	0.759448051453
15	0	0.679514884949
15	1	1.06597399712
16	0	0.999553203583
15	1	0.360005140305
15	1	0.506112098694
15	1	0.399526119232
16	1	0.612789869308
15	0	2.4786760807
15	1	3.37148189545
15	1	0.946218013763
16	1	2.63909101486
16	1	0.772836923599
16	0	0.772907018661
15	0	1.41262292862
15	0	0.65287399292
16	1	0.986172914505
15	1	0.612781047821
15	1	0.599570989609
16	1	0.57292509079
16	1	0.892956018448
15	1	1.74585795403
16	1	1.14609098434
16	1	0.479929924011
15	1	0.972864151001
16	0	2.11902999878
16	1	0.626653909683
15	1	1.03948998451
16	1	2.99847912788
16	0	1.15953397751
15	0	1.99904108047
16	1	0.612815856934
15	1	1.02626085281
16	1	0.546684026718
15	1	0.586670160294
16	1	0.599512815475
16	1	0.759469032288
15	1	0.599505901337
16	1	0.572927951813
15	0	0.653126955032
15	0	0.493295907974
16	1	0.373435020447
16	1	0.43986082077
15	1	0.59977388382
15	0	0.560016155243
16	1	0.586607217789
15	1	0.54661989212
15	1	0.666636943817
15	0	0.426691055298
16	1	0.493291139603
15	0	0.493211984634
15	1	0.612907171249
16	1	0.559419870377
16	1	0.732908964157
16	1	0.892915964127
16	1	0.839564085007
15	0	0.666220903397
16	1	0.439457178116
15	0	0.572893857956
16	1	0.439469099045
15	1	0.47954416275
16	1	0.546252965927
15	1	0.73291683197
16	0	0.63974905014
16	1	0.746583938599
16	1	0.586395025253
16	1	0.892798185349
16	1	0.639564990997
15	1	0.573305130005
16	1	0.62656712532
16	1	0.586699962616
15	1	0.599879026413
16	1	0.639430999756
15	1	0.719522953033
15	1	0.612799882889
16	0	0.586202144623
15	1	0.600030183792
16	1	0.546649217606
15	1	0.613227128983
15	1	0.666356086731
15	1	0.626151800156
15	1	0.599436998367
15	0	0.759568929672
15	1	0.679781913757
16	1	0.666646957397
15	1	0.560024023056
15	1	0.586268186569
16	1	0.586153030396
15	1	0.599486112595
15	0	0.732746124268
15	1	0.559659004211
16	1	0.613296031952
16	1	0.520005941391
15	1	0.480053186417
16	1	0.466590166092
15	1	1.03954720497
15	1	0.452785015106
16	1	0.546147823334
15	0	0.452832937241
16	1	0.626181840897
16	1	0.506174087524
15	1	0.466116905212
15	1	0.586213111877
15	0	1.65239787102
15	1	0.626595973969
16	1	0.720076799393
15	1	0.573109865189
16	1	0.599562883377
16	1	0.746196985245
16	1	0.706707000732
16	1	0.57300901413
16	1	0.692895889282
15	0	0.732877016068
15	0	0.773005008698
16	1	0.573365926743
16	1	0.666429042816
15	1	1.01281404495
15	1	1.34602999687
15	1	0.706228017807
15	1	0.639927148819
16	0	0.65331697464
15	1	0.55997800827
15	1	0.626178026199
16	1	0.612884044647
16	0	0.572766065598
15	1	0.532846927643
15	1	0.546137094498
16	1	0.479420900345
16	1	0.5728328228
16	1	0.586298942566
15	0	0.61333322525
15	1	0.479991197586
16	1	0.493340969086
15	1	0.493325948715
15	1	0.493268966675
16	1	0.493362188339
16	1	0.440077066422
16	0	0.46665596962
16	1	0.57331609726
15	1	0.546675920486
15	1	0.613348007202
15	1	0.746253013611
15	1	0.61275601387
15	1	0.45281291008
16	1	0.479533910751
16	1	0.492817878723
15	1	0.426175117493
15	1	0.439719200134
16	0	0.386652946472
16	1	0.559706926346
15	1	0.652904987335
16	1	0.452776908875
16	1	0.866166830063
16	1	1.29248809814
15	1	0.519492864609
15	1	0.692949056625
15	1	0.786478996277
15	0	0.559903860092
16	1	0.67952299118
16	1	0.546175003052
16	1	0.506149053574
15	0	0.519469976425
15	1	0.532869100571
16	1	0.959545135498
16	0	0.81318116188
15	1	0.612769126892
15	1	0.652873039246
16	1	0.93287396431
15	1	0.573288917542
15	1	0.546663045883
15	1	0.679757118225
15	1	0.666206121445
16	1	0.479537963867
15	1	0.692842006683
15	1	0.679588079453
16	1	0.906496047974
15	1	0.519824028015
16	1	0.572772026062
16	1	0.666125059128
16	0	0.586261987686
16	1	0.732882976532
16	1	0.5733730793
16	1	0.573369979858
15	0	0.68005490303
16	1	0.65283703804
15	1	0.972908973694
15	1	0.799998044968
15	1	0.826119184494
15	1	0.652826070786
16	1	0.519531965256
15	1	0.466059207916
15	1	0.612843036652
15	1	0.546492099762
15	0	0.640002012253
16	0	0.53328704834
15	1	0.653403043747
15	0	0.666196107864
16	1	0.599478960037
16	1	0.772808074951
15	1	0.506253004074
15	1	0.466411828995
16	1	0.506145954132
16	0	0.45291686058
15	0	0.879528999329
16	1	0.546629905701
15	1	0.586729049683
15	1	0.466743946075
15	1	0.626137971878
15	0	0.586235046387
15	0	0.652904987335
15	1	0.652848005295
15	1	0.50636100769
15	0	0.839583158493
15	0	0.799502849579
16	1	0.732917785645
15	0	0.732734918594
15	0	0.493352890015
15	1	0.426718950272
15	1	0.440074920654
15	0	0.786431789398
15	1	0.653278827667
15	1	0.759454965591
15	0	0.492845058441
16	1	0.546146154404
16	1	0.612986087799
15	1	0.612870931625
16	1	0.573303937912
15	1	0.919678926468
16	0	0.532875061035
15	1	0.812837123871
16	0	0.82616519928
16	1	0.759847164154
15	1	0.826144933701
16	1	1.05282998085
15	1	0.666198968887
16	1	1.63906097412
15	0	0.65283703804
15	1	0.532829999924
16	1	0.586214065552
15	1	0.692981958389
15	1	0.493202209473
15	1	0.613288879395
16	1	0.506633043289
16	1	0.426671981812
16	1	0.413341999054
16	1	0.453362941742
15	1	0.480057954788
15	0	0.493347167969
15	1	0.533396959305
13	1	0.652730941772
14	1	0.573321819305
13	1	0.679948091507
14	1	0.493389129639
13	1	0.506716012955
13	1	0.519999027252
14	1	0.586635828018
13	1	0.599536180496
13	1	0.532862186432
13	0	0.54619383812
13	1	0.519464969635
14	1	0.519556999207
14	1	0.719449043274
14	1	0.572782039642
13	0	0.573181867599
14	1	0.613206148148
13	1	0.600087165833
13	0	0.533325910568
13	1	0.666323900223
13	1	0.62615609169
13	1	0.479475975037
13	0	0.612853050232
13	1	0.599476099014
13	1	0.586230993271
13	1	0.559705972672
14	1	0.693295001984
14	1	0.573402881622
14	0	0.586698055267
13	1	0.533321142197
13	1	0.399995088577
14	1	0.466635942459
13	0	0.53321313858
13	1	0.546595096588
13	1	0.479935884476
14	1	0.506666898727
13	1	0.439963102341
13	1	0.652918100357
14	1	0.612847089767
13	1	0.559512138367
13	1	0.892803192139
14	0	0.73339009285
13	1	0.506656885147
13	1	1.11941599846
14	1	0.586496829987
13	1	0.853308916092
13	1	0.812891960144
13	1	0.666100025177
14	0	0.799598932266
13	1	0.719872951508
13	1	0.612951040268
14	1	0.83954501152
14	1	0.82625412941
13	0	0.693207025528
13	1	0.572860002518
14	1	0.772877931595
14	1	0.812808036804
14	1	1.0128891468
14	1	0.799493789673
14	1	0.599673032761
13	1	0.666676998138
14	1	0.613388061523
14	1	0.626425027847
14	1	0.59960103035
13	1	0.519543886185
13	0	0.732800006866
14	0	0.692743062973
14	1	0.800047874451
13	1	0.759484052658
14	1	0.666207075119
13	1	0.679480791092
14	1	0.706543922424
14	1	0.653445005417
14	1	0.786165952682
14	0	0.652793884277
14	0	0.892798900604
13	0	0.60005903244
14	0	0.573418140411
14	1	0.599617004395
13	0	0.826200008392
14	1	1.18566083908
14	1	0.65286898613
13	0	0.812815904617
13	1	0.626703977585
14	1	0.613349914551
14	1	0.639958143234
13	1	0.533159017563
14	1	0.572803020477
13	1	0.532814979553
13	1	0.626116991043
13	1	0.51942896843
13	1	0.612790822983
14	1	0.6795399189
13	1	0.586736917496
13	1	0.520066022873
14	1	0.479979991913
14	1	0.440015077591
13	1	0.573281049728
14	1	0.573266983032
13	1	0.546636104584
13	1	0.506680965424
13	0	0.453377962112
13	1	0.573429822922
13	1	0.613045930862
13	0	1.0528960228
13	0	0.760051012039
14	1	0.613211154938
13	1	0.652798891068
14	1	0.652892112732
13	1	0.719466924667
14	1	0.933099985123
13	1	0.79946398735
13	0	1.26582980156
14	1	0.706146001816
14	1	0.652836084366
14	1	0.546154022217
13	1	0.666346073151
13	1	0.680023908615
14	1	0.666435003281
13	1	0.546195983887
14	1	0.559531927109
14	1	0.719523906708
13	1	0.70608997345
13	0	0.626523971558
14	0	0.533347845078
14	1	0.720062017441
13	0	0.9728038311
13	1	1.25230813026
13	0	0.626111984253
13	1	0.746175050735
14	1	0.706598997116
13	1	0.679831981659
14	1	0.652836084366
14	1	0.612844944
13	1	0.599509000778
14	1	0.586219072342
14	1	0.692960977554
13	1	0.693368911743
14	1	0.852838039398
10	1	0.706079959869
10	1	0.559570074081
10	1	0.599472045898
10	1	0.75972700119
10	1	0.719748973846
10	1	0.519740104675
10	1	0.652801036835
10	1	0.492743015289
10	0	0.719438076019
10	1	0.586149930954
10	1	0.613061189651
10	1	0.533283948898
10	1	0.599940061569
10	0	0.640037059784
10	0	1.75893306732
10	0	0.57285785675
10	0	0.679507017136
10	0	0.47946190834
10	0	0.319539070129
10	1	0.292803049088
10	0	0.452943086624
10	0	0.79957818985
10	1	0.319422960281
10	1	0.492786169052
10	0	0.55938577652
10	0	0.386211156845
10	0	0.386384010315
10	0	0.213269948959
10	0	0.65331697464
10	0	0.30658197403
10	1	0.506678819656
10	1	0.613333940506
10	1	0.519989967346
10	1	0.506746053696
10	1	0.479986906052
10	1	0.53342294693
10	0	0.493319988251
10	1	0.599752902985
10	0	0.453271865845
10	0	0.480030059814
10	0	0.28001999855
10	1	0.786328792572
10	1	0.599584102631
10	0	0.639505147934
10	0	0.599498033524
10	1	0.772833824158
10	0	0.600028991699
10	1	0.89280295372
10	1	0.719450950623
10	1	0.71945810318
10	1	0.613364934921
10	1	0.586673021317
10	1	0.573272943497
10	1	0.546424865723
10	1	0.612908840179
10	1	0.572819948196
10	1	0.599530935287
10	1	0.5594830513
10	1	0.559493780136
10	1	0.532828807831
10	1	0.546269893646
10	0	0.559774875641
10	1	0.746778011322
10	1	0.533354997635
10	0	0.520069122314
10	1	0.586509943008
10	1	0.719527006149
10	1	0.666190862656
10	1	0.692919969559
10	0	0.906414985657
10	1	1.22615695
10	1	0.919456005096
10	1	0.626085042953
10	1	0.692898988724
10	1	0.666452884674
10	1	0.760057926178
10	0	0.67954993248
10	1	0.572782039642
10	1	0.639496803284
10	1	0.73285984993
10	0	0.693377971649
10	1	0.640008926392
10	0	1.30627799034
10	1	0.892868041992
10	1	0.879535913467
10	1	0.746521949768
10	1	0.560019016266
10	1	0.81285405159
10	1	0.50621509552
10	1	0.532845973969
10	1	0.492805957794
10	1	0.506105899811
10	1	0.559477090836
10	1	0.559563875198
10	1	0.546175956726
10	1	0.732870101929
10	1	0.49334192276
10	1	0.506581068039
10	1	0.55992603302
10	1	0.626605987549
10	1	0.599809885025
10	1	0.826222896576
10	1	0.719424009323
10	1	0.679938077927
10	1	0.613415002823
10	1	0.653023958206
10	1	0.546215057373
10	1	0.65282702446
10	1	0.639487028122
10	1	0.599555015564
10	1	0.599766969681
10	0	0.493384838104
10	1	0.573354959488
10	0	0.533391952515
10	1	0.519988775253
10	1	0.533335924149
10	1	0.306725978851
10	1	0.679916143417
10	1	0.653286933899
10	1	0.626212120056
10	0	1.02614498138
10	0	0.506690979004
10	1	0.493364095688
10	1	0.773334980011
10	1	0.666217088699
10	1	0.612812042236
10	1	0.812813997269
10	0	0.533180952072
10	1	0.599897861481
10	1	0.666704893112
10	1	0.706182003021
10	1	0.586146831512
10	1	0.559567928314
10	1	0.546156167984
10	1	0.572817087173
10	1	0.826231002808
10	1	0.679944038391
10	0	0.599984169006
10	1	0.61283493042
10	1	0.666091918945
11	1	0.546138048172
11	0	0.599523067474
11	1	0.413116931915
11	1	0.612816095352
11	0	0.679883956909
11	0	0.639976024628
11	1	0.719486951828
11	0	0.786261081696
11	1	0.572853088379
11	0	0.652940988541
11	0	0.520060062408
11	1	0.759990930557
11	1	0.586340904236
11	1	0.626204013824
11	1	0.559462785721
11	1	0.652757883072
11	1	0.612861871719
11	1	0.546417951584
11	1	0.813368797302
11	1	0.519981145859
11	1	0.546649217606
11	1	0.493391036987
11	1	0.49330496788
11	1	0.466699838638
11	1	0.480010032654
11	1	0.666239976883
11	1	0.559453010559
11	1	0.586177825928
11	1	0.55946803093
11	1	0.506232976913
11	0	0.58612704277
11	1	0.652872085571
11	1	0.786664009094
11	1	0.559952974319
11	1	0.519942998886
11	1	0.4665620327
11	0	0.706145048141
11	1	0.652862071991
11	1	0.652824163437
11	0	0.559667110443
11	1	0.58656001091
11	1	0.63994884491
11	1	0.546679019928
11	1	0.479958057404
11	1	0.719676017761
11	1	0.652830123901
11	1	0.47941493988
11	1	0.786242961884
11	1	0.559726953506
11	1	0.680011034012
11	1	0.546747207642
11	1	0.493432044983
11	1	0.533325910568
11	1	0.48002409935
11	1	0.599921941757
11	1	0.626194953918
11	1	0.546224832535
11	1	0.639524936676
11	1	0.492829084396
11	1	0.559566020966
11	0	0.506123065948
11	1	0.639561891556
11	1	0.559639930725
11	1	0.653252124786
11	1	0.493376970291
11	1	0.640070915222
11	1	0.812837123871
11	1	0.53293299675
11	1	0.772754907608
11	1	0.946362018585
11	1	0.612910032272
11	0	0.692882061005
11	1	0.452888965607
11	1	0.519418954849
11	1	0.746201038361
11	1	0.746433973312
11	1	0.573335886002
11	1	0.506665945053
11	1	0.493371009827
11	1	0.613173007965
11	1	0.493180036545
11	1	0.639497041702
11	1	0.506160020828
11	1	0.506192207336
11	1	0.57282781601
11	1	0.492841005325
11	1	0.599442005157
11	0	0.506230115891
11	0	0.546153068542
11	1	0.492816925049
11	1	0.586157798767
11	1	0.573003053665
11	1	0.426697015762
11	1	0.493153810501
11	1	0.426416873932
11	1	0.626186847687
11	1	0.466671943665
11	1	0.533308982849
11	1	0.413424015045
11	1	0.599817991257
11	1	0.613255023956
11	1	0.453336000443
11	1	0.58665394783
11	1	0.479942083359
11	0	0.640066146851
11	0	0.559772968292
11	1	0.479934930801
11	1	0.546361923218
11	0	0.546182155609
11	1	0.599495172501
11	1	0.519593000412
11	1	0.572785139084
11	1	0.626147031784
11	1	0.6795399189
11	1	0.573396921158
11	0	0.493329048157
11	1	0.546618938446
11	1	0.559990882874
11	1	0.533399105072
11	1	0.692903995514
11	1	1.05285906792
11	1	0.533324956894
11	1	0.599924087524
11	1	0.613315105438
11	1	0.826219081879
11	1	0.586244106293
11	1	0.519573926926
11	1	0.452882051468
11	1	0.506155967712
11	1	0.439504861832
11	0	0.506204843521
11	1	0.532856941223
11	1	0.4794921875
11	1	0.546190023422
11	0	0.692925930023
11	1	0.680034160614
11	1	0.773059844971
11	1	1.11949396133
11	1	0.640039920807
11	1	0.519986152649
11	1	0.573389053345
11	1	0.493303060532
11	1	0.506587028503
14	1	0.946084976196
14	1	0.559980869293
13	1	0.546581983566
13	1	0.560091972351
13	1	0.573210954666
13	1	0.532994031906
13	1	0.572754144669
13	1	0.519546985626
13	1	0.546259880066
13	1	0.626209020615
14	1	0.532862186432
13	1	0.586234092712
14	1	0.506241798401
13	1	0.452829837799
13	0	0.49280500412
14	1	0.679413080215
13	1	0.506628990173
13	1	0.573358058929
13	1	0.453274011612
14	1	0.38657784462
13	1	0.519936084747
14	1	0.533334970474
14	1	0.680056095123
13	1	0.599949836731
14	1	0.772873163223
14	1	0.652792930603
14	1	0.652912139893
14	1	0.559810161591
13	1	1.1728618145
13	1	0.546163082123
13	1	0.652881145477
14	1	0.65300989151
13	1	0.520004034042
13	0	0.520036935806
13	1	0.479933977127
13	1	0.573428153992
13	1	0.600003004074
14	1	0.666239023209
14	1	0.572844982147
14	1	0.692786931992
13	1	0.759609937668
14	0	0.733394145966
14	0	1.41279792786
13	0	0.626569986343
14	0	0.71949505806
13	1	0.506104946136
13	1	0.58616399765
13	0	0.559568881989
13	1	0.532840967178
13	0	0.732724905014
13	1	0.640070915222
13	0	0.573369979858
14	0	0.626707077026
13	0	1.22621488571
14	0	0.560009002686
13	0	0.46675992012
13	0	0.320075035095
13	1	0.612860202789
14	1	0.439513921738
14	1	0.55952000618
14	0	0.346410989761
13	1	0.226657152176
14	0	0.680052995682
13	1	0.360040903091
13	1	0.373341083527
14	1	0.493424892426
13	1	0.546704053879
13	1	0.613395214081
14	1	0.493213891983
13	1	0.426632165909
13	1	0.400026082993
13	1	0.373268127441
14	1	0.346603155136
14	1	0.426177978516
14	1	0.41290807724
13	0	0.506158828735
13	0	0.626184225082
14	1	0.439475059509
14	0	0.546205997467
14	1	0.439523935318
14	1	0.546205997467
13	1	0.599405050278
13	1	0.506443023682
13	0	0.546632051468
14	0	0.600008010864
14	0	0.519991874695
14	0	0.33324098587
13	1	0.386619091034
13	0	0.466369152069
14	1	0.506155967712
13	1	0.866252183914
14	1	0.546764135361
14	1	0.44008898735
14	1	0.573328971863
14	1	0.453361988068
13	1	0.519954919815
13	1	0.679572105408
13	1	0.399815797806
14	1	0.440057039261
14	1	0.586306095123
14	1	0.506392002106
14	1	0.599498033524
13	1	0.479570150375
14	1	0.506063938141
13	1	0.506181955338
14	1	0.452898025513
13	0	0.546173095703
14	1	0.466192960739
13	0	0.492795944214
14	1	0.479424953461
14	1	0.45273399353
13	1	0.466084003448
14	1	0.559567928314
14	1	0.652790784836
13	1	0.506072998047
13	1	0.532937049866
13	1	0.506114006042
13	1	0.479464054108
13	1	0.466204166412
13	1	0.466202974319
13	0	0.4928150177
14	1	0.61278796196
13	1	0.532756090164
13	1	0.706261873245
14	1	0.49328494072
14	1	0.57333111763
14	1	0.733123064041
13	1	0.639496088028
14	1	0.759453058243
14	1	0.746115922928
13	1	0.560020923615
14	1	0.546602964401
14	0	0.640017986298
13	1	0.706263780594
14	1	0.506229162216
13	0	0.759490966797
14	1	0.626127958298
13	1	0.61324095726
13	1	0.533356904984
13	1	0.613359928131
13	1	0.546621084213
13	1	0.74621295929
13	1	0.492872953415
14	1	0.626132965088
23	1	0.599792003632
24	1	0.359886884689
24	1	0.45307803154
24	1	0.493205070496
24	1	0.373252868652
24	1	0.546414136887
24	1	0.386584043503
23	0	0.334959983826
24	1	0.519737005234
23	1	0.453144073486
24	1	0.359869003296
23	1	0.948001146317
24	1	0.386561870575
24	1	0.41317987442
23	1	0.373195171356
24	1	0.388154983521
23	0	0.654812097549
23	1	0.399842977524
23	1	0.414828062057
23	0	0.959659099579
24	1	1.03966498375
24	1	0.599718809128
23	1	0.439801931381
24	1	0.479841947556
24	1	0.45318198204
23	1	0.586447954178
24	0	0.626497030258
23	1	0.66649389267
23	1	0.533146858215
23	1	0.46657705307
24	1	0.586507081985
23	1	0.573080778122
24	1	0.626511096954
24	0	0.59978890419
24	1	0.613066911697
23	1	0.613071203232
24	1	0.49311709404
24	1	0.519813776016
24	0	0.573101043701
24	0	0.628159999847
24	1	0.559854030609
23	1	0.69309592247
23	1	0.654905080795
23	1	0.479825019836
24	1	0.693012952805
24	1	0.653152942657
23	1	0.494780063629
23	1	0.986354112625
24	1	0.588202953339
23	1	0.519830942154
23	1	0.439913988113
24	1	0.426660060883
24	1	0.586440086365
24	1	0.626445055008
24	1	0.626448869705
23	1	0.439821958542
24	1	0.373148918152
23	1	0.439796924591
24	0	0.706376075745
23	1	0.481571912766
23	1	0.51987695694
23	1	0.479763031006
23	1	0.373123884201
23	1	0.439771175385
24	1	0.466491937637
24	1	0.333250999451
23	1	0.639778137207
24	1	0.468239784241
24	1	0.359883069992
24	1	0.439903974533
24	1	0.719763040543
24	0	0.493173122406
23	1	0.479823827744
24	1	0.439909934998
24	1	0.414895057678
24	1	0.719726085663
24	1	0.453139066696
24	1	0.746329069138
24	1	0.346559047699
24	1	0.559768915176
24	1	0.468301057816
23	1	0.519825935364
23	1	0.413107872009
24	1	0.454826116562
24	1	0.5464220047
24	1	0.39994597435
24	1	0.42644906044
24	1	0.613125801086
23	1	0.388322114944
24	0	0.479802846909
24	1	0.639733076096
23	1	0.73304104805
23	1	0.533219099045
23	1	0.599822044373
23	0	0.653167009354
23	1	0.573081016541
23	1	0.466552019119
24	0	0.706427097321
24	1	0.719758033752
24	1	0.932986021042
23	1	0.468346834183
24	0	0.399953126907
23	0	0.573208093643
23	1	0.559784889221
23	0	0.772974014282
23	0	0.61310505867
24	1	0.453212976456
23	1	0.574932098389
24	1	0.426583051682
24	0	0.839714050293
23	0	0.493117809296
24	1	0.893064975739
23	1	0.786337852478
23	1	0.439790010452
23	1	0.508211135864
24	1	0.454967021942
23	1	0.466548919678
23	1	0.733090877533
24	1	0.439846992493
23	1	0.746386051178
23	1	0.466407060623
24	1	0.546437978745
23	1	0.49307012558
24	0	0.55973982811
24	1	0.533121109009
24	1	0.826427936554
24	1	0.413171052933
23	1	0.521615982056
23	1	0.559834003448
24	1	0.453227043152
23	1	0.559872150421
23	1	0.58823299408
23	1	0.639760971069
24	0	0.479772090912
23	1	0.453203201294
23	1	0.573192834854
24	1	0.493119001389
24	1	0.533211946487
24	1	0.519852161407
24	1	0.613149166107
23	1	0.653079986572
24	1	0.574857950211
23	0	1.21464705467
23	0	0.613143920898
17	1	0.626528978348
17	1	0.413197040558
17	1	0.42663693428
17	1	0.399847984314
17	1	0.479882955551
17	1	0.373192071915
17	1	0.45311999321
17	1	0.373136997223
17	1	0.346596002579
17	0	0.413208961487
17	1	0.453074216843
17	1	0.388391971588
17	1	0.626538038254
17	1	0.359899997711
17	1	0.50653886795
17	1	0.373142004013
17	1	0.373276948929
17	1	0.439791917801
17	0	0.42659497261
17	0	0.654814004898
17	1	0.786396980286
17	1	0.508192062378
17	1	0.359899997711
17	0	0.559818029404
17	1	0.653121948242
17	1	0.653122901917
17	1	0.759793996811
17	1	0.706448078156
17	1	0.399924993515
17	1	0.866421937943
17	1	0.972980976105
17	1	0.67976808548
17	1	0.826400995255
17	1	0.49319601059
17	1	0.533023834229
17	0	0.788110971451
17	1	0.559835910797
17	1	1.79946208
17	1	0.746324777603
17	1	0.69313287735
17	1	0.439880132675
17	1	1.21290016174
17	1	0.519930124283
17	1	0.479796171188
17	1	0.546518802643
17	1	0.719755172729
17	1	0.399777889252
17	1	0.426573991776
17	1	0.439880132675
17	1	0.373172044754
17	1	0.346610069275
17	1	0.441657066345
17	1	0.546411991119
17	1	0.413235187531
17	1	0.39990901947
17	1	0.519762992859
17	1	0.479847192764
17	1	0.533206939697
17	1	0.413296937943
17	1	0.479882955551
17	1	0.493180036545
17	1	0.426541805267
17	1	0.413193941116
17	1	0.413223028183
17	1	0.413203001022
17	1	0.49317908287
17	1	0.453119039536
17	1	0.453174829483
17	1	0.414878129959
17	1	0.426573991776
17	0	0.773123979568
17	1	0.41322517395
17	1	0.479845046997
17	1	0.426529884338
17	1	0.879672050476
17	1	0.972964048386
17	1	0.626491069794
17	1	0.706379890442
17	1	0.573146104813
17	1	2.57240605354
17	0	0.773086071014
17	0	0.54643201828
17	1	0.533142089844
17	1	0.479848861694
17	1	0.599786996841
17	1	0.439826965332
17	1	0.479907989502
17	1	0.708055019379
17	0	0.692989110947
17	1	1.01297688484
17	1	0.786401033401
17	0	0.493160009384
17	1	0.47981595993
17	1	0.519747018814
17	1	0.786302804947
17	1	0.546465873718
17	1	0.559786081314
17	1	0.62644982338
17	1	0.426538228989
17	1	0.439918994904
17	1	0.533192873001
17	1	0.506504058838
17	1	0.534925222397
17	1	0.426495075226
17	1	0.466536998749
17	1	0.493128061295
17	1	0.599801063538
17	0	0.559791088104
17	1	0.439936161041
17	1	0.521573066711
17	1	1.09295201302
17	1	0.401741027832
17	0	0.586438894272
17	1	0.613070964813
17	1	0.626426935196
17	1	0.533150196075
17	1	0.866430044174
17	1	0.519815921783
17	1	0.761580944061
17	1	0.533156871796
17	1	0.479907989502
17	1	0.694973945618
17	1	0.466496944427
17	1	0.453099012375
17	0	0.74641418457
17	0	1.13461208344
17	1	0.733042001724
17	1	0.546519994736
17	1	0.546496868134
17	1	0.47987818718
17	1	0.746433973312
17	1	0.721456050873
17	1	0.51976108551
17	1	0.679691076279
17	0	1.03962421417
17	1	0.573151111603
17	1	0.679890155792
17	1	0.772984981537
17	0	1.03955101967
17	1	0.519773960114
17	1	0.519824028015
17	0	0.988119840622
18	1	0.653044939041
18	1	0.453173875809
18	0	0.454928874969
18	1	0.626452922821
18	1	0.548249006271
18	1	0.679772138596
18	1	0.519715070724
18	1	0.413111925125
18	1	0.388221979141
18	1	0.453155040741
18	1	0.453205108643
18	1	0.399796962738
18	1	0.399903059006
18	1	0.559900999069
18	1	0.55973815918
18	1	0.481463909149
18	1	1.19963216782
18	1	0.546403169632
18	0	0.681462049484
18	1	0.574815988541
18	1	0.586496114731
18	1	0.519819974899
18	1	0.439914941788
18	1	0.759730100632
18	0	0.614761829376
18	1	0.599782943726
18	1	0.51978302002
18	0	0.58652305603
18	0	0.679758787155
18	1	0.573225975037
18	1	0.519836902618
18	1	0.813125133514
18	0	0.533171892166
18	1	0.479829072952
18	1	0.586435079575
18	1	0.414961099625
18	1	0.7063331604
18	1	0.586385011673
18	1	0.639807224274
18	1	0.653086900711
18	1	0.453232049942
18	1	1.02623200417
18	0	0.733139038086
18	0	0.493147850037
18	1	0.426492929459
18	1	0.494961977005
18	1	0.519780158997
18	1	0.453181028366
18	1	0.373265028
18	1	0.533131122589
18	1	0.559698104858
18	1	0.373239994049
18	0	0.53311085701
18	1	0.359884977341
18	1	0.439821004868
18	1	0.426541090012
18	1	0.81530213356
18	1	0.759740114212
18	1	0.439918041229
18	1	0.426549911499
18	1	0.534934997559
18	1	0.559751033783
18	1	0.399870872498
18	1	0.50810790062
18	1	0.519819974899
18	1	0.653047084808
18	1	1.11958885193
18	1	0.453184127808
18	1	0.399775028229
18	1	0.599737882614
18	1	0.42657995224
18	1	0.466480970383
18	1	0.586422920227
18	1	0.453105211258
18	1	0.559811115265
18	1	0.546559810638
18	1	0.439877986908
18	1	0.479801893234
18	1	0.573124170303
18	1	0.413146018982
18	1	0.333158969879
18	1	0.439870119095
18	1	0.533032178879
18	0	0.626384973526
18	1	0.786463022232
18	1	1.06632494926
18	1	0.626435995102
18	1	0.573081970215
18	0	0.826397180557
18	1	0.626461029053
18	1	0.561503887177
18	1	0.439831972122
18	1	0.599759101868
18	1	0.466676950455
18	1	0.414922952652
18	1	0.453202009201
18	1	0.46649479866
18	1	0.93302488327
18	1	0.533112049103
18	1	0.479869842529
18	1	0.386492013931
18	1	0.614847898483
18	1	0.39985704422
18	1	0.375453948975
18	1	0.439712047577
18	1	0.493144989014
18	1	0.439805030823
18	1	0.399944067001
18	1	0.441691160202
18	1	0.613090991974
18	1	0.466495990753
18	1	0.388208150864
18	1	0.359988927841
18	1	0.479853153229
18	0	0.666451931
18	1	0.494779109955
18	1	0.972936868668
18	1	0.839732170105
18	1	0.599822998047
18	1	0.639771938324
18	1	0.573160886765
18	1	0.733138084412
18	1	0.533186197281
18	1	0.573119878769
18	1	0.479795217514
18	1	0.559779882431
18	1	0.506462097168
18	0	0.694809913635
18	1	0.639747142792
18	1	0.959578990936
18	1	0.548244953156
18	1	0.493138074875
18	1	0.47983789444
18	1	0.679781913757
18	0	0.50816488266
18	1	0.519791841507
18	1	0.439806938171
18	1	0.506472110748
18	1	0.346486091614
18	1	0.399868011475
18	0	0.599779844284
18	1	0.599745035172
18	0	0.493227958679
18	1	0.573103904724
20	1	0.626405000687
20	1	0.399869918823
20	1	0.386500120163
20	1	0.479789018631
20	0	0.346521854401
20	1	0.586529970169
20	1	0.373268127441
20	1	0.359865903854
20	1	0.50653886795
20	1	0.54820394516
20	1	0.466433048248
20	0	0.773022890091
20	1	0.586426019669
20	1	0.426599979401
20	1	0.746356010437
20	1	1.75939106941
20	1	0.506593942642
20	1	0.466521024704
20	1	0.479880094528
20	1	0.401656150818
20	1	0.399919986725
20	1	0.533174037933
20	1	0.399857997894
20	1	0.50649189949
20	1	0.426491975784
20	1	0.506569862366
20	1	0.654824018478
20	1	0.439795970917
20	1	0.399927854538
20	1	0.426468849182
20	1	0.319893836975
20	1	0.506479978561
20	1	0.45313501358
20	1	0.481455087662
20	1	0.466459989548
20	1	0.399762868881
20	1	0.38643693924
20	1	0.41317987442
20	1	0.41321516037
20	1	0.519806861877
20	1	0.519812107086
20	1	0.426517009735
20	1	0.493182897568
20	1	0.494880914688
20	1	0.453150987625
20	1	0.453188180923
20	1	0.506605863571
20	1	0.479835987091
20	1	0.586378097534
20	1	0.453206062317
20	0	0.49324798584
20	1	0.62636089325
20	1	1.30623793602
20	0	0.559868097305
20	0	0.588212013245
20	0	0.799683094025
20	1	0.399892091751
20	1	0.42827796936
20	1	0.359893083572
20	1	0.439893007278
20	1	0.439816951752
20	0	0.413290977478
20	1	0.559809923172
20	1	0.546500921249
20	1	0.573120117188
20	0	0.213186979294
20	0	1.05293107033
20	0	0.826342105865
20	0	0.799792051315
20	0	0.573143959045
20	0	0.813117980957
20	1	0.241696834564
20	1	2.29260110855
20	1	1.2411968708
20	1	0.519860982895
20	0	0.559852838516
20	0	0.413255929947
20	0	0.308212995529
20	1	0.254888057709
20	0	0.386553049088
20	1	1.77272796631
20	1	0.8130671978
20	0	0.879623889923
20	0	1.27960014343
20	0	0.773028850555
20	1	0.693057060242
20	0	1.81274008751
20	0	1.57468080521
20	0	4.35852909088
20	1	1.75937509537
20	1	1.57279014587
20	0	0.774775028229
20	0	1.14618611336
20	0	0.386588096619
20	1	0.599784851074
20	0	1.22784399986
20	1	2.9722840786
20	1	0.479800224304
20	1	0.426537036896
20	1	0.453207969666
20	0	0.49312210083
20	1	1.49281787872
20	0	0.693153858185
20	0	1.65449905396
20	1	1.62613511086
20	1	0.468276977539
20	0	2.37253904343
20	1	0.786346912384
20	0	1.18618893623
20	0	0.519807100296
20	1	0.199954032898
20	0	0.799772024155
20	0	0.733031988144
20	1	0.546516895294
20	1	1.01299285889
20	1	0.319940090179
20	1	0.506498813629
20	1	0.573189973831
20	1	0.613168001175
20	0	4.3984348774
20	1	1.89265704155
20	0	2.29251003265
20	1	1.06634688377
20	0	0.799795150757
20	0	0.533191919327
20	0	0.399842977524
20	0	0.439903974533
20	0	0.213222026825
20	0	0.266631126404
20	0	0.279911994934
20	0	0.266546010971
21	0	0.679671049118
21	1	0.453193902969
21	1	1.49446392059
22	1	0.814759969711
21	0	1.44145202637
21	1	0.959734916687
22	1	0.493216991425
22	1	0.426479816437
21	1	0.466458082199
22	1	0.439785957336
22	0	0.519804000854
22	1	0.66641998291
22	0	0.666463851929
21	1	0.506464004517
21	1	0.186637878418
21	1	0.399864912033
22	1	0.868058919907
22	1	0.479797124863
22	1	0.373202085495
22	1	0.559782981873
21	1	0.493088006973
21	1	0.639822006226
21	0	0.906322002411
22	1	0.546436071396
22	1	0.599724769592
22	1	0.668271064758
22	0	0.959722995758
22	0	0.453216075897
21	1	0.839689970016
22	1	0.453247785568
22	1	0.493163108826
22	1	0.439911842346
22	1	0.466513872147
21	0	0.626393079758
22	1	0.773154020309
21	1	0.733057975769
21	0	0.74644780159
21	1	0.839687108994
21	0	0.559829950333
21	0	0.892940998077
22	0	1.89265990257
22	0	0.546489953995
22	1	0.679747104645
22	1	0.814708948135
21	0	0.666400909424
21	0	0.679795980453
22	1	0.961277961731
21	0	0.559819221497
21	1	0.799701213837
21	0	1.11957502365
21	1	0.932981014252
21	1	3.46551990509
21	1	0.519828796387
21	0	1.15950798988
21	0	1.19965100288
21	0	0.746361970901
22	0	0.639715194702
22	1	0.58642411232
22	0	1.06630706787
21	0	0.399857997894
21	1	1.13303399086
21	1	0.439815044403
21	1	0.441548109055
22	0	0.559799909592
22	1	0.586412906647
22	1	0.799738168716
21	1	0.439890861511
21	1	0.466464042664
21	1	1.03965497017
22	1	0.574832201004
21	1	0.759664773941
22	1	0.546379089355
21	0	0.61311507225
21	1	0.946391105652
22	0	0.466536998749
22	1	0.866332054138
22	1	0.479890108109
22	1	0.533123970032
22	1	0.733096122742
21	1	0.453219890594
21	1	0.559918880463
22	1	0.426547050476
21	1	0.59983921051
21	1	0.479900121689
22	1	0.413208007812
22	0	0.708065032959
21	1	0.426609992981
21	0	1.13296198845
22	0	0.839787006378
21	0	0.519794940948
21	0	0.679774999619
21	1	0.559831857681
22	1	0.506493091583
21	1	0.706468105316
22	0	0.519840955734
21	1	0.401620149612
22	1	0.43986582756
21	1	0.426504135132
21	0	0.521644115448
22	1	0.454779148102
21	1	0.413212060928
22	1	0.359858036041
21	1	0.50653719902
21	0	0.546575784683
21	1	0.693187952042
21	1	0.439827919006
22	1	0.586504936218
21	1	0.199949979782
21	1	0.359810113907
21	0	0.719771146774
21	1	2.13257098198
22	1	1.14841103554
21	0	0.426566123962
21	1	0.506498098373
21	0	0.613139152527
22	1	0.906402111053
22	0	0.946345090866
21	1	0.639755010605
21	1	0.508371114731
21	0	0.839669942856
22	0	1.13286495209
22	0	0.759752035141
21	1	0.679787158966
22	0	0.746422052383
22	1	0.614995956421
22	1	0.519731998444
22	1	0.506527900696
22	1	0.439877033234
21	1	0.63981294632
21	1	0.479866027832
21	1	0.386510133743
22	1	0.559840202332
22	1	0.413214921951
21	0	0.426491975784
23	1	0.719753026962
23	0	0.493139028549
23	1	0.706359148026
23	1	0.508172988892
24	1	0.479843139648
23	1	0.439786911011
24	1	0.373237848282
23	0	0.453170061111
23	1	0.493129968643
23	1	0.453150033951
24	0	0.879662036896
23	0	0.813000917435
24	1	0.986258983612
24	1	0.586484909058
24	1	0.533159971237
23	1	0.573156833649
23	1	0.574910879135
24	1	0.454905033112
23	1	0.439831018448
23	1	0.45316696167
23	1	0.534852981567
23	1	0.453197002411
24	1	0.506523132324
24	1	0.45317697525
24	1	0.466466903687
24	0	0.773102998734
23	0	0.812963008881
23	1	0.561577796936
24	1	0.493096828461
24	1	0.693094015121
24	0	0.706437826157
24	1	0.493083000183
24	1	0.839694023132
24	0	1.05297112465
24	1	0.81312084198
24	1	0.679766893387
24	1	0.479851961136
24	1	0.506483078003
23	1	0.493155002594
24	1	0.559834003448
24	1	0.653023004532
23	1	0.373170137405
24	1	0.453113079071
23	1	0.54648900032
24	1	0.44171500206
23	1	0.534813165665
24	0	0.999733924866
24	1	0.53320813179
23	1	0.453289985657
24	1	0.439867973328
23	1	0.479902982712
23	1	0.413254022598
23	1	0.573048114777
23	1	0.519717931747
23	1	0.386505842209
23	1	0.399894952774
23	1	0.453085899353
23	0	0.533168792725
24	1	0.4797539711
23	1	0.813132047653
23	1	0.773056030273
23	0	0.586480855942
23	1	0.666497945786
24	1	0.586534023285
24	0	0.4798848629
23	0	0.839703083038
23	1	0.573214054108
24	1	0.626421928406
23	1	0.49322104454
24	1	0.813082933426
24	1	0.83966088295
23	1	0.521531820297
23	1	0.839708805084
24	0	0.493148088455
24	0	0.599851846695
23	1	0.453207969666
23	1	0.54659986496
24	1	0.43979716301
24	1	0.454785108566
23	1	0.519875049591
24	1	0.39985704422
24	1	0.546463012695
23	1	0.359848976135
23	1	0.359880924225
24	1	0.546530008316
23	1	0.494839191437
23	1	0.493077993393
24	1	0.639809846878
23	0	0.95968914032
23	0	0.628185987473
23	0	0.906423091888
23	1	0.812973976135
24	1	0.787981033325
24	1	0.826389074326
23	0	0.759708881378
23	1	0.77309012413
24	0	0.546514034271
24	1	1.17446184158
24	0	0.239974975586
24	0	0.479928016663
23	0	0.586423158646
23	1	0.934708118439
24	0	0.759739160538
24	0	1.25449204445
24	1	0.706366062164
24	1	0.759756088257
23	1	1.27958607674
23	0	0.7997610569
24	1	0.973061084747
23	1	1.05293703079
23	1	1.3746650219
24	1	0.559813976288
24	1	1.06632900238
23	0	0.641517162323
24	0	0.706505060196
23	0	1.58791089058
23	1	0.333290100098
24	0	0.746485948563
23	0	1.01304006577
23	1	0.668162107468
24	1	0.906365871429
24	1	0.908054828644
23	1	0.839698076248
23	1	0.919656038284
24	1	0.628202915192
23	0	1.10620188713
24	1	0.428133964539
24	0	0.626492023468
24	1	0.61306810379
24	1	0.866394996643
23	1	0.373207807541
23	1	0.786420822144
24	1	0.773001194
23	1	0.548211097717
24	1	0.413177013397
24	0	0.55970287323
24	0	1.37289619446
22	0	0.468095064163
21	1	0.879647016525
22	1	0.4398188591
21	1	0.573063850403
21	1	0.426520109177
21	1	0.386513948441
21	1	0.428215026855
21	1	0.41313791275
22	1	0.386522054672
21	1	0.346560001373
22	1	0.466575860977
21	1	0.426578998566
21	0	0.58652305603
21	1	0.639737844467
21	0	0.799741983414
21	1	0.519788980484
21	1	0.559808969498
21	1	0.546494007111
21	0	0.75968503952
21	1	0.626394987106
21	1	0.706395149231
21	1	0.546498060226
21	1	0.639763116837
21	1	0.866406917572
22	1	0.559846878052
22	1	0.613140821457
21	1	0.574766159058
21	1	0.746389865875
21	1	0.573041915894
21	1	0.506484031677
22	1	0.506422996521
22	1	0.653106927872
22	1	0.573142051697
22	1	0.453204154968
22	1	0.573256015778
22	1	0.533226013184
21	0	0.479829072952
22	1	0.573155879974
21	1	0.38822889328
22	1	0.466521024704
21	1	0.479869842529
21	1	0.546401977539
21	1	0.653187990189
22	1	0.479898929596
21	1	0.693156003952
22	1	0.639740943909
21	1	0.53317117691
22	1	0.546469926834
21	1	0.426504135132
21	0	0.586437940598
21	1	0.679788827896
21	0	0.628118991852
22	1	0.5465259552
21	1	0.573194980621
21	1	1.07964110374
21	1	0.533114910126
22	1	0.546426057816
21	1	0.693052053452
22	1	0.546506881714
22	1	0.546474218369
22	1	0.479804992676
21	1	0.693156957626
21	0	0.799710988998
21	0	0.719698190689
21	1	1.50606894493
22	1	0.613134145737
22	1	0.535434961319
22	1	1.23959994316
22	1	0.813033819199
22	1	0.493261098862
22	1	0.494777202606
21	1	0.453195810318
21	1	0.479864835739
21	1	0.45324587822
22	0	0.45309305191
21	0	0.626565933228
22	1	0.479776859283
22	1	0.679748058319
22	1	0.479841947556
22	1	0.586396932602
21	1	0.599771022797
21	0	0.626399040222
22	1	0.453166007996
22	1	0.708183050156
21	1	0.493160963058
21	1	0.719828128815
21	1	0.493178844452
21	1	0.694857120514
22	1	0.58645606041
22	1	0.439872980118
21	1	0.519920825958
21	1	0.359977006912
22	1	0.399857997894
22	1	0.386471986771
22	1	0.786391973495
22	0	0.599797964096
21	1	0.5997569561
21	1	0.479923009872
22	1	0.466563940048
22	1	0.466579914093
22	0	0.706378936768
22	1	0.586400032043
21	1	0.493098974228
21	1	0.493166208267
21	1	0.573095083237
21	1	0.533094882965
21	1	0.799726009369
21	1	0.61315703392
22	1	0.453172922134
22	1	0.43982219696
22	1	0.466550111771
22	1	0.694642782211
21	1	0.454880952835
22	1	0.466470956802
22	1	0.65309381485
21	0	0.413167953491
22	1	0.468152999878
21	1	0.453193902969
22	1	0.413147926331
21	1	0.613202095032
21	1	0.453214168549
22	0	0.213306188583
21	1	0.613101005554
22	1	0.573079109192
21	1	0.63973903656
22	0	1.9859828949
22	1	0.654727935791
22	1	0.679732084274
22	1	1.19959902763
21	1	0.839676856995
22	1	0.973056077957
21	1	0.573075056076
21	1	0.679698944092
22	1	0.653110027313
21	1	0.548146009445
22	1	0.679832935333
22	1	0.613095998764
21	1	0.639788866043
21	1	0.679805040359
21	1	0.719650030136
19	0	2.18587899208
19	0	0.19986987114
19	0	1.4927649498
19	1	1.35950183868
19	1	0.333284139633
19	1	0.599766969681
19	0	0.719683170319
19	1	0.706409931183
19	1	0.361543178558
19	1	0.586485862732
19	0	0.799715995789
19	0	0.321579933167
19	1	0.466535806656
19	1	0.18661904335
19	0	1.07961702347
19	0	0.439919948578
19	0	0.279918909073
19	0	0.186526060104
19	0	1.21298408508
19	1	0.213373184204
19	0	1.90600705147
19	0	0.413108110428
19	0	2.83890891075
19	1	0.506515979767
19	1	0.319874048233
19	0	0.226634979248
19	0	0.641468048096
19	1	0.439882040024
19	1	3.07892012596
19	1	0.199948072433
19	0	1.61277890205
19	0	0.694777011871
19	1	0.254982948303
19	0	0.573084831238
19	0	0.801488876343
19	1	0.439908981323
19	0	1.23958587646
19	0	0.613160133362
19	1	0.666344881058
19	0	0.279887914658
19	1	0.546493053436
19	1	0.546450853348
19	1	1.01293706894
19	0	0.799739122391
19	1	0.933037042618
19	1	0.319898843765
19	1	0.973025083542
19	1	0.693166017532
19	1	0.788121938705
19	0	0.279876947403
19	0	0.693065881729
19	1	0.373229026794
19	1	0.626431941986
19	0	2.22593903542
19	1	1.39944601059
19	1	1.05303812027
19	1	0.626461982727
19	1	0.521623849869
19	0	0.266598939896
19	0	1.59950613976
19	0	0.614831209183
19	0	0.654820919037
19	0	0.199897050858
19	1	0.586435079575
19	1	1.90594911575
19	1	0.533262014389
19	1	0.493184089661
19	1	0.41496014595
19	1	0.506497859955
19	0	0.46660399437
19	0	1.05305600166
19	0	0.253345966339
19	1	1.53286409378
19	0	0.266602993011
19	0	0.37322306633
19	1	0.932985067368
19	1	1.69280910492
19	1	0.442075014114
19	1	0.399877071381
19	0	0.186698913574
19	1	0.519786119461
19	1	1.87931895256
19	1	0.51981306076
19	1	0.4265229702
19	0	0.18661403656
19	0	0.453150987625
19	1	0.29323887825
19	0	0.333245992661
19	0	1.54620695114
19	1	2.8006529808
19	1	0.614681005478
19	1	0.519846916199
19	1	0.999629974365
19	1	0.548079967499
19	0	0.399939060211
19	1	0.866379022598
19	0	2.68072485924
19	0	0.519866943359
19	1	0.51978302002
19	1	0.413220882416
19	1	0.893031835556
19	1	0.933070898056
19	0	0.1998898983
19	0	1.41291308403
19	1	0.91969203949
19	1	1.49276304245
19	1	1.37286806107
19	1	0.746407985687
19	0	1.14625906944
19	0	0.359835147858
19	1	1.1880030632
19	1	1.03958010674
19	1	0.653151988983
19	0	0.546528100967
19	1	0.653141021729
19	1	0.813040018082
19	1	0.479850053787
19	1	0.413205862045
19	0	0.361710071564
19	0	0.626525163651
19	0	0.493183851242
19	1	0.333287000656
19	1	0.786370992661
19	1	0.506516933441
19	1	0.519849061966
