5	1	3.06559801102
5	1	0.852990865707
6	0	1.51947999001
6	1	2.17250108719
5	1	2.25256991386
6	0	1.09295892715
5	0	4.15861296654
5	1	3.98708987236
5	1	2.95890188217
6	1	1.70601201057
6	0	2.45241212845
5	1	1.4528222084
5	1	0.919690847397
6	1	1.21281814575
6	1	0.972990036011
6	0	0.999670982361
6	1	1.03957104683
5	1	0.91966509819
6	1	1.25290894508
6	1	0.986254930496
6	1	0.839696884155
5	1	0.6930539608
6	0	0.973148107529
5	1	3.02571487427
6	1	0.906358003616
6	0	2.87897586823
6	1	0.933031082153
6	1	3.97203993797
5	0	0.959697008133
5	1	2.17250490189
5	1	1.01476287842
6	1	1.17292284966
6	1	1.33286595345
6	1	2.70573186874
6	1	0.879630088806
5	0	0.948222875595
6	1	1.95936489105
5	1	1.29465317726
5	1	1.39949893951
6	0	1.45459794998
6	1	1.05467510223
5	1	0.719784975052
5	1	0.813037872314
6	1	1.0795609951
6	0	0.839760065079
5	0	1.25293493271
6	1	1.99935293198
5	1	1.13291501999
6	0	0.828058004379
5	1	1.45285415649
6	1	2.42591309547
6	1	1.41282606125
5	0	1.75940299034
5	1	2.78565001488
5	1	1.86609816551
6	1	1.11967992783
6	0	1.22623181343
6	1	2.21267700195
6	1	4.90499997139
6	1	2.53409600258
6	1	0.853056907654
6	0	2.7323319912
6	1	1.79939389229
5	0	1.5061788559
5	0	3.23892903328
5	0	4.94499492645
5	1	2.7608089447
6	1	0.999711990356
5	1	2.83908700943
6	0	2.09261393547
5	0	0.813097000122
6	1	1.98603582382
6	0	1.13288903236
5	1	0.959624052048
6	1	0.959670066833
5	0	2.3725669384
5	1	3.43879199028
6	0	3.98534703255
6	1	1.37281918526
6	1	1.35958218575
5	1	2.26592516899
6	1	0.986386060715
6	1	1.34620380402
6	1	1.2013399601
5	1	1.31957387924
5	0	0.893007040024
5	1	1.13467693329
6	0	2.23920297623
6	1	0.866342067719
6	1	0.972970962524
5	1	1.57281208038
5	0	1.57280302048
2	1	0.826439857483
2	1	0.826345920563
2	1	0.746379852295
2	1	0.721408128738
2	1	1.01298594475
2	1	0.693072080612
2	1	0.972982168198
2	1	1.08124899864
2	1	0.906319141388
2	1	1.13304305077
2	1	0.948020935059
2	1	1.07954502106
2	0	1.29286193848
2	1	1.10638093948
2	1	0.826339006424
2	1	0.679846048355
2	1	0.759636878967
2	1	1.07957482338
2	0	2.3458750248
2	1	5.13332295418
2	1	0.799783945084
2	1	0.733116149902
2	1	0.58642911911
2	0	0.97300696373
2	1	0.788125038147
2	0	1.15951418877
2	1	2.05261898041
2	0	0.746381998062
2	1	0.826330184937
2	1	0.666430950165
2	1	0.7863509655
2	1	0.82808303833
2	1	1.09293889999
2	0	0.721472978592
2	1	0.986353158951
2	1	0.706325054169
2	1	0.599855899811
2	1	0.799742937088
2	1	0.906371831894
2	1	0.534851074219
2	1	0.879688978195
2	1	0.67983007431
2	1	0.573193073273
2	1	0.546475887299
2	1	0.546488046646
2	1	2.61244893074
2	0	1.79936480522
2	1	1.22627282143
2	1	1.1346321106
2	1	0.919610977173
2	1	1.17464184761
2	1	1.63944292068
2	0	1.1995408535
2	0	1.47939896584
2	1	2.30593919754
2	1	2.58579611778
2	1	1.07961606979
2	0	1.5727558136
2	1	0.893043041229
2	1	1.41281604767
2	1	0.972968816757
2	1	0.79966211319
2	1	1.58784484863
2	1	0.812958955765
2	1	1.03962492943
2	1	0.69470000267
2	1	0.639773130417
2	0	1.6393289566
2	0	0.933134078979
2	0	1.41277503967
2	1	2.7989718914
2	1	0.799675941467
2	1	3.14560604095
2	1	2.59906291962
2	1	0.854749917984
2	1	0.599752187729
2	1	0.506463766098
2	1	0.641489982605
2	1	0.573137044907
2	1	0.666408061981
2	1	0.812945842743
2	0	0.853070020676
2	1	0.959725856781
2	1	0.733119010925
2	1	0.693071842194
2	1	0.573071956635
2	1	1.14628815651
2	1	0.641444921494
2	1	0.879786014557
2	1	0.999627828598
2	1	0.546442985535
2	0	0.986381053925
2	1	0.733153104782
2	1	0.706437110901
2	1	0.70638012886
2	1	0.759708166122
2	0	1.04131698608
2	1	1.1329100132
2	0	0.95964384079
2	1	0.786486148834
2	0	0.706402778625
2	1	2.41240811348
2	1	0.799782991409
2	1	0.77308511734
2	1	0.799730062485
2	1	1.05297398567
2	1	0.599720001221
2	1	0.58651804924
2	1	0.853119850159
2	1	1.39960098267
2	1	1.59952282906
2	1	0.87969994545
2	1	0.853111028671
2	1	0.67976307869
2	1	0.679780006409
2	1	0.561457157135
3	1	0.75982093811
3	1	0.613066911697
3	0	0.588252067566
3	1	0.666483879089
3	1	0.748111009598
3	1	1.07961511612
3	1	0.58646607399
3	1	0.97297000885
3	1	0.866313934326
3	1	0.626471042633
3	1	0.786390066147
3	1	0.999693155289
3	0	0.906366109848
3	1	0.906373023987
3	1	1.23957014084
3	0	1.34620785713
3	1	0.933010101318
3	1	1.22619009018
3	1	1.10623311996
3	0	0.839715957642
3	1	1.01295900345
3	1	0.786362886429
3	1	0.852976083755
3	1	0.759747982025
3	1	0.71976017952
3	1	0.628239870071
3	1	0.666374921799
3	1	0.613159894943
3	1	0.639690876007
3	1	0.719722986221
3	1	0.893046855927
3	0	1.12183904648
3	1	1.65458011627
3	1	1.78604102135
3	0	0.826369047165
3	1	0.86647605896
3	1	1.09298300743
3	1	0.693146944046
3	1	3.89374399185
3	0	1.61278295517
3	0	5.74464488029
3	1	1.33282399178
3	1	1.5594201088
3	1	0.653122901917
3	1	0.826377868652
3	1	1.57284212112
3	0	2.67904877663
3	1	0.773037910461
3	1	0.826323986053
3	1	0.759724140167
3	1	0.73307299614
3	1	0.906310081482
3	1	0.679799079895
3	1	0.546503067017
3	1	0.866465091705
3	1	0.799674987793
3	1	0.679785013199
3	1	1.95933890343
3	0	1.0796558857
3	1	0.866328001022
3	1	1.10631394386
3	1	0.774844884872
3	1	0.719728946686
3	1	0.839695215225
3	1	0.746440887451
3	1	0.746417045593
3	1	0.70639705658
3	0	0.813111066818
3	1	2.61250495911
3	1	1.70607995987
3	1	1.37290000916
3	1	0.813109874725
3	0	1.73268413544
3	0	1.22617697716
3	1	0.879685163498
3	1	0.852980136871
3	1	4.65175700188
3	1	0.719740867615
3	1	0.85298705101
3	1	0.71978187561
3	1	0.773020982742
3	0	0.653054952621
3	1	1.21289610863
3	0	1.29280304909
3	1	1.74608516693
3	1	0.986322879791
3	0	1.13293004036
3	1	0.879723072052
3	1	1.79939293861
3	1	1.38782405853
3	1	1.59943819046
3	1	0.81304192543
3	1	0.774842977524
3	1	0.773055076599
3	1	0.959616184235
3	1	0.799728155136
3	1	0.733100891113
3	0	1.91939496994
3	1	0.879682064056
3	1	1.09297895432
3	1	0.853032112122
3	1	0.972934007645
3	0	2.63903808594
3	1	1.03954315186
3	0	0.626452922821
3	1	3.15897703171
3	1	0.799748897552
3	0	1.06813597679
3	1	0.759751081467
3	1	0.919617891312
3	1	0.948191165924
3	1	0.533115148544
3	1	0.626502990723
3	1	0.828104972839
4	1	0.759826898575
4	1	0.626363992691
4	1	0.853037834167
4	1	1.34787297249
4	1	0.746416091919
4	1	0.693061113358
4	1	0.987935066223
4	1	0.639734983444
4	1	0.534953832626
4	1	0.826339960098
4	1	0.706430912018
4	1	0.613162994385
4	1	0.599809885025
4	0	0.586536169052
4	0	0.693134069443
4	1	0.799750089645
4	1	1.09286403656
4	1	0.826339960098
4	1	0.613071918488
4	1	0.613127946854
4	1	0.719778776169
4	1	0.533210992813
4	1	0.786365032196
4	1	0.746468782425
4	1	0.666401863098
4	1	0.559727907181
4	0	0.466444969177
4	1	0.839715003967
4	1	0.574871063232
4	1	0.959701776505
4	0	0.533123016357
4	1	1.98599100113
4	1	0.95959687233
4	0	1.60109114647
4	1	0.839710950851
4	1	0.82638001442
4	1	0.70638012886
4	1	0.788134098053
4	1	0.613059997559
4	1	0.879718065262
4	1	0.63978099823
4	1	0.479806900024
4	1	0.586445093155
4	1	0.559798955917
4	1	0.613080978394
4	1	0.599810123444
4	0	0.746429920197
4	1	0.654690027237
4	0	0.626439809799
4	1	0.666454076767
4	1	3.0789129734
4	1	0.694885969162
4	1	1.53448390961
4	1	0.746320962906
4	1	1.54609107971
4	1	0.639811992645
4	1	0.586553812027
4	1	0.881541967392
4	1	0.573089122772
4	0	1.67936897278
4	1	0.694885969162
4	0	0.826433897018
4	1	1.63952088356
4	0	1.49290704727
4	0	0.852988958359
4	1	1.79939484596
4	1	0.746485948563
4	1	0.586488008499
4	1	0.733097076416
4	1	0.866386175156
4	0	0.693135023117
4	1	1.41286993027
4	1	0.746395111084
4	1	0.893043041229
4	0	0.813072919846
4	1	0.708146095276
4	0	1.47962903976
4	1	1.71946597099
4	0	1.61278915405
4	1	1.59943294525
4	1	1.19955897331
4	1	2.89231014252
4	0	2.41240501404
4	1	0.919631958008
4	1	0.759844064713
4	1	0.639810085297
4	1	0.601451158524
4	1	0.919692993164
4	1	0.613151073456
4	1	0.8930580616
4	0	0.773067951202
4	1	0.626494169235
4	0	0.839703083038
4	1	1.50616288185
4	0	0.932939052582
4	1	0.999624967575
4	1	0.599816083908
4	0	2.87894415855
4	1	3.63875293732
4	0	0.921476840973
4	1	0.95965218544
4	1	0.853100776672
4	1	2.47922897339
4	1	1.0529820919
4	1	0.999709129333
4	1	1.09304499626
4	1	0.759723186493
4	1	0.933058977127
4	1	0.986377954483
4	1	3.30554199219
4	1	1.01300692558
4	1	0.839704990387
4	1	1.13300299644
4	1	0.786401987076
4	1	0.773115158081
4	0	1.06629610062
4	1	1.06624507904
4	0	3.63876199722
7	0	0.786368131638
8	1	0.519765138626
7	1	0.559838056564
8	1	0.826304912567
8	1	0.599843978882
8	1	0.932983875275
8	0	0.548158168793
7	1	0.666377067566
8	1	0.613088130951
8	1	0.533210039139
7	1	0.679723024368
8	1	0.626434087753
8	0	0.853045940399
8	1	0.546428918839
7	1	0.892982959747
7	1	0.533088922501
8	1	0.559801101685
7	1	0.906331062317
8	0	0.839758872986
8	0	0.666506052017
7	0	2.69241499901
8	0	2.1459209919
8	1	3.05226898193
8	1	2.9189658165
7	0	0.79966211319
8	1	0.628245830536
7	1	0.839686870575
7	0	0.799742937088
8	0	0.946389913559
7	1	0.706320047379
8	1	0.5730509758
8	1	0.668105840683
7	1	0.746437072754
8	1	0.786381959915
8	1	0.533129930496
7	1	0.614798069
8	0	0.679787874222
7	1	1.06629705429
8	1	0.546429872513
8	1	0.493115901947
7	1	0.986340045929
8	1	0.586464881897
7	1	1.42622900009
8	1	0.559810876846
8	1	0.49315404892
8	1	0.546458005905
7	1	0.586441040039
8	1	0.693048000336
7	1	0.559764862061
7	1	0.533142805099
7	0	1.01295185089
7	1	0.639810085297
8	1	0.613201856613
7	0	1.02636790276
8	0	0.946318149567
7	1	3.0522480011
7	1	1.09296393394
7	0	0.946345090866
7	1	4.06524300575
8	1	0.986356019974
7	1	0.626477956772
7	1	1.62606501579
7	1	2.22767591476
7	1	1.26628184319
8	1	1.45283102989
7	1	0.813110113144
7	1	2.87903690338
7	0	1.17297196388
8	1	0.746511936188
8	0	0.681592941284
8	0	1.15958690643
7	1	1.23955202103
8	1	0.813098907471
8	1	0.826436042786
8	1	0.506520032883
7	1	0.946259975433
8	1	0.853038787842
8	1	0.786337852478
7	1	1.10799884796
7	0	0.919689893723
7	0	1.23960113525
7	0	0.999727964401
8	1	1.29288005829
7	1	0.788189888
7	1	1.77270007133
8	1	0.826424837112
8	1	0.63978600502
7	1	0.679788827896
7	1	0.5997838974
8	1	0.586498022079
8	1	0.626455783844
7	1	0.733141899109
7	0	1.63946986198
8	1	0.666396141052
8	1	0.586472988129
8	1	0.533226013184
7	1	1.18619799614
7	1	0.986366987228
8	1	0.533146858215
8	1	0.586477041245
8	1	0.706389904022
8	1	0.746396064758
8	0	1.15954017639
8	1	0.879708051682
7	0	1.06622815132
7	0	0.706426143646
8	1	2.05264902115
8	1	0.599905967712
7	1	0.813053131104
7	1	0.599848985672
7	1	0.561505079269
8	0	0.759755134583
8	1	0.599738121033
8	1	0.53324007988
8	1	0.533226013184
8	1	0.666409015656
8	0	1.60121703148
8	0	1.15960407257
7	1	0.826322078705
8	1	0.772997140884
7	1	0.999703168869
8	1	0.693116903305
8	0	1.13292193413
7	1	0.706432819366
7	1	2.21261191368
8	1	0.653132915497
8	1	0.666435003281
8	1	0.733074903488
8	1	0.666516065598
7	1	0.746457099915
7	0	0.614773035049
7	1	4.06522417068
8	1	2.23921108246
8	0	2.18589305878
7	0	2.53246808052
8	0	0.721477985382
7	1	1.98596405983
8	1	0.999698162079
7	1	0.60152888298
8	1	0.906342983246
8	1	0.668120861053
7	1	0.534984111786
8	1	0.439797878265
8	1	0.439929008484
7	1	0.679711103439
8	1	0.986361026764
7	0	0.428812980652
8	1	0.666528940201
7	1	0.468191862106
7	1	0.599828004837
8	1	0.81306385994
8	1	0.773073911667
7	1	0.679813861847
8	1	0.759721040726
7	0	1.22628712654
7	1	0.826328992844
8	1	0.693156003952
8	1	0.786335945129
7	0	0.719768047333
8	1	0.934719085693
7	0	2.31916999817
8	1	2.54576206207
7	0	3.2388510704
7	1	0.679753065109
8	0	1.05294799805
8	1	0.586480855942
7	1	2.37251710892
8	1	0.599822998047
8	1	0.626484870911
8	1	0.559810876846
8	1	0.733067035675
8	1	0.852931976318
8	0	0.839669942856
7	1	0.813112020493
8	1	1.146266222
8	1	0.533177137375
8	0	0.853034973145
8	1	0.933015108109
8	1	2.23924589157
7	1	0.866409063339
7	0	0.946297883987
8	1	1.2795290947
8	1	0.973040103912
8	0	0.881516933441
7	1	0.466542005539
8	1	0.573137998581
8	1	0.599725961685
7	0	1.0013358593
7	0	0.546415090561
8	0	0.879709005356
8	1	1.12135505676
8	1	0.906461954117
7	0	0.653090953827
8	0	1.73277187347
7	1	5.31813883781
8	1	0.653162002563
7	1	0.679740905762
7	1	3.23888802528
7	1	1.15955519676
7	1	0.533230066299
7	1	0.506514787674
8	1	0.51978802681
8	1	0.746417999268
8	1	0.519762992859
8	0	0.733052968979
7	1	1.78607797623
8	1	0.613128900528
8	1	0.508277893066
7	1	0.494934082031
7	1	0.679818868637
7	0	0.653110980988
8	1	1.09298110008
8	0	1.42623090744
8	0	0.788048028946
8	1	0.759748935699
8	1	2.11923694611
8	1	1.69273281097
7	1	0.946374893188
7	0	0.853079080582
7	1	0.813061952591
8	1	0.866415023804
7	1	0.719732046127
8	1	0.63979101181
8	1	0.679780006409
8	0	0.706369876862
8	0	2.37250900269
8	1	2.799036026
7	1	0.493152856827
7	1	1.0129737854
8	1	0.679686069489
8	1	1.22619605064
8	1	1.23959302902
8	1	0.639877080917
7	1	1.25297403336
8	1	1.06625294685
8	0	0.466547966003
7	1	0.708104133606
1	0	0.919698953629
1	1	1.97264790535
1	1	0.679762125015
1	1	0.546499013901
1	1	0.826368093491
1	1	0.50638794899
1	1	0.546494007111
1	1	2.10778713226
1	1	0.759782075882
1	0	0.493158817291
1	1	0.653031826019
1	1	0.86637711525
1	1	0.521647930145
1	0	0.773025989532
1	0	1.266299963
1	0	1.62604403496
1	1	0.786383867264
1	1	0.813103914261
1	1	0.626507997513
1	1	0.519770145416
1	1	0.546406984329
1	1	0.521440982819
1	1	0.50655913353
1	1	0.479843139648
1	1	0.533215999603
1	1	0.559944868088
1	1	0.786396026611
1	1	0.493193864822
1	1	0.468317985535
1	0	0.506536960602
1	1	1.01290082932
1	0	1.22810792923
1	1	0.786396026611
1	0	0.828168153763
1	1	1.41290402412
1	1	0.599805116653
1	1	3.01402592659
1	1	1.22628283501
1	1	0.58816409111
1	1	1.39953899384
1	0	0.653209924698
1	1	0.839808940887
1	1	0.75967001915
1	1	0.879722118378
1	0	2.9207201004
1	0	1.76107192039
1	1	1.07962989807
1	1	0.639765024185
1	0	2.21253705025
1	1	1.17296600342
1	0	1.09302592278
1	1	0.772989988327
1	1	2.02590799332
1	1	1.05306887627
1	1	0.826397895813
1	1	0.679793119431
1	0	0.439843893051
1	1	1.06634402275
1	1	1.05291485786
1	0	0.573173999786
1	1	0.813050031662
1	1	1.93264317513
1	0	2.46580195427
1	1	0.613208055496
1	1	0.639738082886
1	1	1.1196410656
1	1	0.613178014755
1	0	1.19956302643
1	1	1.30795502663
1	1	0.733073949814
1	1	0.613131999969
1	1	1.09300303459
1	0	0.506435155869
1	0	2.83904504776
1	1	0.946370124817
1	1	0.626470088959
1	1	0.519747972488
1	0	0.639836072922
1	1	2.01267910004
1	1	0.786455869675
1	0	0.746425151825
1	1	1.23948907852
1	1	1.01470899582
1	1	0.599770069122
1	1	0.734844923019
1	0	0.906276941299
1	1	0.639755010605
1	1	0.561528921127
1	1	0.879635095596
1	0	0.599813222885
1	1	0.628153085709
1	0	0.559844017029
1	1	1.13287091255
1	1	0.573179006577
1	1	0.799700021744
1	1	0.679836034775
1	1	0.906361103058
1	1	0.946310997009
1	0	0.77302980423
1	1	0.81306886673
1	0	2.41243386269
1	1	0.613219022751
1	1	0.706458091736
1	1	0.453202962875
1	1	0.77303981781
1	1	1.38620901108
1	1	2.02596187592
1	1	0.85306596756
1	1	0.533183097839
1	1	0.973011016846
1	1	0.999615907669
1	0	1.53271698952
1	1	1.58609199524
1	0	0.879700899124
1	0	0.626379966736
1	1	1.62617516518
1	1	0.933039903641
1	1	0.666476011276
1	1	0.746418952942
1	1	0.839717149734
1	1	0.919731140137
5	1	0.907966136932
5	0	0.826426029205
5	1	2.71909213066
5	1	0.639835119247
6	1	0.546429157257
5	1	0.799715995789
5	1	0.559871912003
5	1	0.599733114243
6	1	0.546525001526
6	1	0.733036994934
5	1	0.666440010071
5	0	0.639745950699
5	1	0.613124132156
6	0	0.693014144897
6	1	0.733175992966
5	1	0.599838018417
5	1	0.588196992874
6	1	0.879598855972
6	0	0.813051939011
5	1	0.959743022919
5	1	1.26618289948
6	0	0.826352834702
6	1	0.972941875458
6	1	0.986371994019
5	1	0.773039102554
6	1	0.599774837494
5	1	0.613116025925
6	1	0.666406869888
5	1	0.786426067352
6	0	0.799755096436
6	1	0.679780006409
6	1	0.573132038116
5	1	0.866375923157
5	0	0.71975684166
5	1	1.13467907906
5	0	0.679750919342
6	0	0.81308889389
6	1	0.706419944763
5	0	0.986335039139
5	1	2.7341940403
6	1	0.679864168167
6	1	2.61413502693
5	0	1.22622990608
6	1	0.946401119232
6	1	1.13288617134
5	1	1.07962298393
6	0	0.906383991241
6	1	0.933057069778
6	1	0.946340084076
5	1	1.03962492943
5	0	0.706336975098
6	1	0.77312207222
6	1	0.919734954834
6	1	0.839597940445
5	1	0.919713020325
6	1	1.26789689064
6	1	3.67871308327
6	1	0.932904958725
5	1	0.734896183014
5	0	1.86604118347
6	1	1.6128051281
5	1	1.53283596039
6	1	1.5594367981
6	1	1.14636588097
5	0	1.74608707428
5	1	0.773072957993
5	1	0.879698038101
6	0	0.87965297699
6	0	4.05191898346
5	0	0.879734992981
6	1	4.99815392494
6	1	0.906303882599
5	1	0.77304816246
5	0	1.89274096489
5	1	1.0796790123
6	0	1.99925208092
6	1	2.89230203629
6	0	0.746392965317
6	0	1.97269201279
6	1	3.50719189644
6	1	0.719734191895
5	1	0.679751873016
5	1	1.18797683716
5	1	1.89265799522
5	0	2.25251102448
5	0	2.43915009499
6	1	1.53277301788
5	0	1.49279212952
6	1	1.30790996552
6	1	1.11962199211
5	1	0.906357049942
5	1	3.4387550354
6	1	0.959665060043
6	1	0.614726066589
5	1	0.653182029724
5	1	0.493199825287
6	1	0.721606016159
5	1	0.679836034775
6	1	0.866415977478
5	1	3.11894989014
5	0	1.13290596008
6	1	0.733035087585
6	0	2.38586211205
5	1	1.09302902222
5	1	1.55939698219
6	1	0.69305896759
5	1	1.03964495659
5	0	0.986366033554
5	1	1.22623491287
15	1	0.679841995239
15	1	0.573148012161
15	1	0.533263921738
16	0	0.773025989532
15	0	0.959671974182
16	1	1.1063439846
15	1	0.494790077209
16	1	0.506546020508
16	0	0.719810009003
16	0	0.666445970535
15	1	0.733052015305
15	1	0.972965955734
15	1	0.653086900711
15	1	0.626410007477
15	0	0.733083963394
16	1	1.01292014122
15	1	0.479866981506
15	1	0.826406955719
16	1	0.519815921783
15	1	0.708150148392
16	1	0.706433057785
15	0	0.653029918671
15	1	0.588150024414
15	1	0.814682006836
16	0	0.599790811539
16	0	0.666505098343
16	1	0.641442775726
16	1	1.38613700867
16	0	2.73240184784
15	1	0.972942829132
16	0	0.814780950546
15	1	0.999726057053
16	1	0.839778900146
16	1	3.38557815552
16	0	1.11965799332
15	1	1.39950013161
16	1	0.573065042496
15	1	0.933058977127
16	1	0.533179044724
15	0	0.78648018837
15	1	1.02629113197
15	1	0.734838962555
15	1	0.666460037231
16	1	0.466575860977
16	0	0.679774999619
16	1	0.746358156204
16	1	0.772992134094
15	1	0.653135061264
16	1	3.26563405991
16	1	0.5197660923
16	1	0.733010053635
16	1	0.639800071716
15	1	0.493165016174
15	0	1.02805304527
15	1	0.586510896683
15	1	0.453168869019
16	1	0.508327007294
16	1	0.719810009003
15	1	0.573235034943
16	1	0.559823036194
15	1	1.63938593864
15	1	0.839811086655
16	1	0.533093929291
16	1	0.666406869888
15	1	0.626448869705
16	1	0.679812908173
15	1	0.559883832932
15	0	0.706361055374
16	1	0.586431980133
16	1	0.639904022217
16	1	0.906367063522
16	0	0.932998895645
15	1	0.934803962708
15	1	0.746408939362
16	1	0.906481027603
15	0	1.02631497383
16	1	0.599757194519
16	0	1.06628108025
16	1	1.30621385574
15	1	0.734804868698
15	0	0.866301059723
16	1	0.7329890728
16	1	1.19959115982
16	0	0.826410055161
15	1	0.666414022446
16	1	0.561537027359
15	0	0.599753856659
15	1	0.706453800201
16	1	1.40126395226
16	1	0.866348981857
16	0	1.54616594315
16	0	0.839774131775
15	0	0.774923086166
15	1	0.919711112976
15	0	0.813060998917
16	1	0.706372976303
16	1	0.56148314476
15	1	0.639828920364
15	1	0.413169145584
15	0	0.47988986969
16	1	1.01292705536
15	1	0.586505889893
15	0	0.639795064926
15	1	0.919709920883
16	0	0.679728031158
16	1	0.733067035675
16	1	0.5997838974
16	1	0.666434049606
16	1	0.693099975586
15	1	1.03965687752
15	1	0.666400909424
16	1	0.746340036392
16	0	0.959604024887
16	1	0.666414022446
16	1	3.1988658905
16	1	0.87968993187
16	1	0.653057098389
16	1	0.548268079758
16	1	0.546556949615
15	1	0.479854106903
16	1	0.506510972977
15	1	0.493165016174
16	1	0.559835910797
15	1	1.8260140419
16	1	0.519774913788
16	0	0.83968091011
15	1	0.788024902344
15	1	0.439870834351
10	1	1.34611296654
10	1	0.533178091049
10	1	0.706354141235
10	1	0.546499013901
10	1	0.493177890778
10	1	0.439778089523
10	0	0.706391096115
10	1	0.479794979095
10	1	0.666401147842
10	1	0.586532115936
10	1	0.693121910095
10	0	0.573127985001
10	0	1.2396171093
10	1	0.853044033051
10	1	0.493170976639
10	1	0.519753217697
10	0	0.893045902252
10	1	0.813030958176
10	1	0.932991027832
10	1	1.17299699783
10	0	0.79967212677
10	1	0.746322154999
10	1	0.839776039124
10	1	2.07930898666
10	0	1.63946890831
10	1	1.81278395653
10	0	0.879684925079
10	0	1.21292495728
10	0	1.21294808388
10	0	1.69278597832
10	1	0.71975684166
10	1	1.05290102959
10	1	0.733097076416
10	0	1.19970107079
10	0	1.43954992294
10	1	0.946373939514
10	1	0.853054046631
10	0	1.06630015373
10	1	0.828136920929
10	0	0.866415977478
10	1	0.666442155838
10	1	0.51978302002
10	1	0.639794111252
10	1	0.599816083908
10	0	0.54639005661
10	1	0.62811589241
10	1	0.693149089813
10	0	0.599809885025
10	1	1.61274409294
10	1	0.626493930817
10	1	0.613059997559
10	1	0.573156833649
10	1	0.613046169281
10	1	0.666386842728
10	1	0.586408853531
10	1	0.613069057465
10	0	1.03963804245
10	0	0.89292883873
10	1	0.69308590889
10	1	0.653159141541
10	1	0.733100175858
10	0	0.814715147018
10	1	0.573025941849
10	1	0.693063020706
10	0	0.586388111115
10	1	0.628171920776
10	1	0.839745998383
10	1	0.746415138245
10	0	0.826384782791
10	1	0.639816045761
10	1	0.573189020157
10	0	0.788060903549
10	1	0.693059921265
10	1	0.586498975754
10	0	0.679809093475
10	0	0.693104982376
10	1	0.99960398674
10	1	0.679785966873
10	0	0.55989408493
10	1	0.693202972412
10	0	0.879702091217
10	1	3.09223794937
10	1	0.894696950912
10	1	0.666379928589
10	1	0.693160057068
10	1	3.79877114296
10	0	1.09294199944
10	0	1.73271083832
10	1	1.55949997902
10	1	0.893051862717
10	1	1.45289111137
10	1	1.73285007477
10	1	0.854775190353
10	1	0.719841003418
10	1	0.574823856354
10	0	0.774738073349
10	1	0.973014831543
10	1	0.733128070831
10	1	0.70639705658
10	1	0.653072834015
10	1	0.626430988312
10	1	0.54644203186
10	1	0.666444063187
10	1	0.786374092102
10	1	0.668089866638
10	0	1.03964805603
10	1	0.813097000122
10	1	0.706394910812
10	1	1.3061671257
10	0	0.746333122253
10	1	0.693174123764
10	1	0.81311583519
10	1	0.799748897552
10	0	0.466500043869
10	0	0.959682941437
10	1	1.47964000702
10	1	0.626459121704
10	1	0.79971909523
10	0	0.626484155655
10	1	0.639858961105
10	1	0.786401987076
10	1	0.826340913773
10	1	0.679739952087
10	0	0.841421842575
10	1	0.94643497467
9	1	0.706436872482
9	1	0.559778928757
9	1	0.559814929962
9	1	0.573210000992
9	1	0.546543121338
9	1	0.614907026291
9	1	0.506514072418
9	0	0.628132104874
9	1	0.546468019485
9	1	0.466506958008
9	1	0.346572875977
9	1	0.306529045105
9	0	0.428194999695
9	1	0.5597448349
9	0	0.799713850021
9	1	0.519851922989
9	1	0.653091907501
9	0	0.733076810837
9	1	0.719710826874
9	1	0.719717025757
9	1	0.706434965134
9	0	0.81303191185
9	0	0.70640707016
9	0	0.586409091949
9	0	2.10583114624
9	1	1.22623109818
9	0	1.02797293663
9	0	0.79975605011
9	0	3.54539203644
9	1	1.31949996948
9	0	0.906446218491
9	1	0.62807393074
9	0	1.37281823158
9	0	3.68034100533
9	1	3.19891214371
9	1	0.879739999771
9	1	2.19925999641
9	1	3.37215805054
9	1	1.239538908
9	1	1.79941606522
9	1	0.666445970535
9	1	2.23923587799
9	1	0.799738883972
9	0	0.586422920227
9	0	1.75933694839
9	0	0.826359987259
9	1	4.10530805588
9	1	1.05292606354
9	1	1.19953107834
9	1	0.773051023483
9	1	1.3594391346
9	1	0.613152980804
9	0	0.573152065277
9	1	0.759727954865
9	1	0.668163061142
9	1	0.559819936752
9	1	0.453147172928
9	0	0.519850969315
9	1	3.53221416473
9	0	1.53283286095
9	1	5.22484493256
9	1	0.759744882584
9	1	0.586475133896
9	1	0.559824943542
9	1	0.493151903152
9	1	0.573073863983
9	0	1.37275290489
9	1	0.546519041061
9	1	0.573074817657
9	1	0.679769992828
9	1	0.639847993851
9	1	0.399888038635
9	1	0.599853038788
9	1	0.58827495575
9	1	0.799749851227
9	1	0.519767045975
9	1	0.506438016891
9	1	0.334819078445
9	0	0.574779033661
9	1	0.493105888367
9	1	0.506473064423
9	1	0.388185977936
9	1	0.626418113708
9	0	0.828049898148
9	1	0.559849977493
9	0	0.559746980667
9	1	0.98632979393
9	1	1.57279896736
9	1	0.57311296463
9	1	0.479845046997
9	0	0.613076925278
9	1	1.93273210526
9	1	0.573077917099
9	1	0.746440887451
9	0	0.746338844299
9	0	2.16102099419
9	1	0.573155879974
9	1	0.906327009201
9	1	0.628193855286
9	1	0.733132839203
9	1	0.586402893066
9	1	0.786384105682
9	1	0.759750127792
9	1	0.546500921249
9	0	0.586485862732
9	1	1.03965497017
9	1	0.519816160202
9	1	0.386417150497
9	1	0.573156118393
9	1	0.533146858215
9	1	0.373231887817
9	1	0.333157062531
9	1	0.374887943268
9	1	0.654792070389
9	1	0.586399078369
9	1	0.588118076324
9	0	0.373171806335
9	1	0.613130092621
9	1	0.533118009567
9	1	0.346566915512
9	1	0.519860982895
9	1	0.61311006546
9	0	0.34832906723
13	1	0.733117818832
13	1	0.573204040527
14	1	0.413172960281
13	1	0.466542959213
13	0	0.399812936783
13	1	0.479826927185
13	0	0.87970495224
14	1	0.85310792923
13	1	0.466557025909
14	0	1.01464509964
14	1	0.906271934509
14	1	0.428344011307
14	0	0.493222951889
14	1	1.75945496559
13	0	0.866367816925
13	1	0.881347894669
13	1	0.893009901047
14	0	1.09289622307
14	1	0.599796056747
14	0	0.626389026642
14	1	2.21258592606
13	0	0.746343851089
14	1	0.92143702507
13	1	0.75972700119
14	1	0.69312620163
14	1	0.639796972275
13	1	0.733109951019
14	0	0.373273849487
14	1	0.613080978394
13	1	0.693171024323
13	1	0.734779834747
14	1	1.15957689285
14	0	0.786424160004
14	0	1.69270610809
14	1	0.868003129959
14	1	0.694772958755
14	1	0.666430950165
13	1	0.506462812424
13	0	0.399757862091
13	1	0.667989015579
14	1	0.573116064072
14	0	0.586357831955
14	0	0.933052062988
14	1	0.639863967896
14	1	0.653062105179
13	1	0.93296289444
14	0	1.14622092247
14	1	0.986325979233
14	0	1.3878839016
13	1	0.679807186127
14	1	0.559859037399
13	1	0.893034934998
13	1	0.746385812759
14	1	0.666436910629
14	0	0.719810962677
13	1	0.533103227615
13	1	1.14792895317
14	1	0.706403970718
13	0	1.51955604553
14	1	1.82606697083
13	1	2.69241905212
14	1	0.53317284584
14	1	0.439830064774
13	1	0.453124046326
14	1	0.932996988297
14	1	0.519809007645
14	1	0.51987195015
13	1	0.639792919159
13	1	1.47943091393
13	0	0.706362962723
13	0	0.573103189468
13	1	0.708263158798
13	0	0.826397180557
13	0	0.773049116135
13	1	0.653067827225
13	1	1.1595480442
13	1	0.479807138443
14	1	0.439900875092
13	0	0.534827947617
13	0	0.906378030777
13	0	1.59942007065
13	1	0.679833889008
13	1	0.773108959198
14	0	0.626480102539
14	1	0.666471004486
13	1	1.50622200966
14	1	1.41289997101
13	1	2.31919288635
13	0	0.546445131302
14	1	0.494883060455
14	1	0.586472988129
14	1	0.853044986725
14	1	0.799711942673
14	0	0.786375999451
14	1	0.573096990585
13	0	0.786386013031
13	1	1.23963093758
13	1	1.03963088989
13	0	1.03968715668
14	1	1.1196000576
13	0	0.906466007233
14	0	0.919722080231
13	0	0.706386089325
13	1	0.706429004669
13	1	0.773064136505
14	0	1.11957883835
14	1	3.46545004845
13	1	0.719731092453
14	1	0.534955978394
14	1	0.826411962509
13	1	0.879776954651
14	1	0.91964006424
14	0	0.69309091568
13	1	0.959610939026
14	1	0.974591970444
14	1	0.853074073792
13	1	1.50609111786
14	1	0.679711103439
14	0	0.6263859272
13	1	0.893062829971
13	1	3.54554510117
14	1	0.89301609993
14	0	0.733093976974
14	0	2.75906300545
12	1	0.813032865524
12	1	0.533207893372
12	0	0.466482877731
12	1	1.6927819252
12	0	0.666448831558
12	1	0.694799900055
12	0	0.893123149872
12	1	1.10622811317
12	1	0.668182849884
12	1	1.1729619503
12	1	0.666445970535
12	1	0.613143920898
12	1	0.668274879456
12	1	0.626446962357
12	0	0.853036880493
12	1	0.559875965118
12	1	0.573113203049
12	1	0.626523971558
12	1	0.693050146103
12	0	0.799705028534
12	1	0.639768123627
12	1	0.693145990372
12	0	0.613156795502
12	0	0.999715089798
12	1	1.31955313683
12	1	2.02599692345
12	1	0.733043909073
12	1	0.614912986755
12	1	0.679813861847
12	1	1.34620881081
12	1	0.666400909424
12	1	1.41285014153
12	1	0.599875926971
12	0	0.573125123978
12	0	0.519809007645
12	1	0.693036794662
12	1	0.773043870926
12	0	0.719757080078
12	1	0.948038816452
12	1	0.799673080444
12	0	0.67976307869
12	0	1.09298396111
12	1	1.98591399193
12	1	0.706418991089
12	0	1.07959699631
12	0	1.73274183273
12	0	1.63935112953
12	1	0.773042917252
12	0	0.546462059021
12	0	0.774755954742
12	1	1.27957010269
12	0	0.813079833984
12	0	4.91836190224
12	1	0.786357879639
12	0	0.759740829468
12	1	0.586436033249
12	0	1.42612600327
12	1	0.734768152237
12	0	2.46585607529
12	1	0.812983036041
12	1	0.839737176895
12	1	0.788181066513
12	1	0.75967502594
12	1	1.02639508247
12	1	1.55949997902
12	1	0.799762964249
12	0	0.573110818863
12	1	0.679787158966
12	0	0.493138074875
12	1	0.559813022614
12	1	1.70606803894
12	1	2.94567394257
12	1	0.653052091599
12	0	0.573127985001
12	1	0.759759902954
12	0	0.839691877365
12	1	1.01295900345
12	1	1.97263288498
12	0	0.947988033295
12	0	3.9586827755
12	1	1.13471698761
12	0	0.946348905563
12	1	0.906434059143
12	1	0.734823942184
12	1	0.906342983246
12	0	0.70646905899
12	1	0.826388835907
12	0	2.01267981529
12	1	0.693054914474
12	1	1.07959699631
12	0	1.10627579689
12	1	0.574856996536
12	0	0.666506052017
12	1	1.42615008354
12	0	0.759754896164
12	1	5.9579398632
12	1	0.613070011139
12	1	0.506546974182
12	1	0.439843177795
12	1	0.439903974533
12	1	0.559886932373
12	1	0.78812289238
12	1	0.799705028534
12	1	0.613113880157
12	0	1.39955496788
12	1	1.06628894806
12	0	1.37281298637
12	1	2.09256196022
12	1	0.773012876511
12	1	4.29178094864
12	0	0.67981505394
12	0	0.853118896484
12	0	0.973012924194
12	1	1.45286798477
12	1	1.58617091179
12	1	0.746417999268
11	0	0.801480054855
11	1	0.63978600502
11	1	0.533164978027
11	1	0.599774122238
11	1	0.51982998848
11	1	0.599713802338
11	0	0.493166208267
11	1	0.866425991058
11	1	0.679829120636
11	1	0.653152942657
11	1	0.706454992294
11	0	0.626425027847
11	0	1.43956804276
11	1	4.27846717834
11	0	1.48118305206
11	0	2.09251403809
11	0	1.81277894974
11	1	0.853022098541
11	0	1.66612100601
11	0	0.866335868835
11	1	0.813014030457
11	0	0.693103075027
11	1	0.948094129562
11	1	0.919600009918
11	1	0.613190889359
11	1	0.533196926117
11	1	0.5864341259
11	1	0.613056182861
11	0	0.653122186661
11	1	0.546435117722
11	0	1.55946612358
11	1	2.159263134
11	1	0.839622020721
11	0	0.853028059006
11	0	2.17258405685
11	1	3.19892215729
11	1	0.959695100784
11	1	1.06809306145
11	1	0.61318397522
11	1	0.559844017029
11	1	0.479808092117
11	1	0.453088998795
11	1	0.533157110214
11	1	0.613140821457
11	1	0.519811868668
11	1	0.693072080612
11	1	0.493238925934
11	1	1.03971004486
11	1	0.479767799377
11	1	0.601567029953
11	0	1.10623311996
11	1	0.573127031326
11	1	0.548266172409
11	1	0.546485900879
11	1	0.628075122833
11	1	0.493101119995
11	1	0.41318821907
11	1	0.733107089996
11	0	0.70643901825
11	1	0.439785957336
11	1	0.599807024002
11	0	0.639782905579
11	0	0.694894075394
11	1	0.559770107269
11	1	0.574787139893
11	1	0.75967001915
11	1	0.413115978241
11	1	0.426488876343
11	1	0.866389989853
11	0	0.653173923492
11	0	0.813068151474
11	1	0.479877948761
11	1	0.666454076767
11	1	1.1862449646
11	0	0.719773054123
11	1	0.906387805939
11	1	1.19956111908
11	0	2.14764094353
11	1	0.613181829453
11	1	0.599864959717
11	0	0.719865083694
11	1	1.17292189598
11	1	2.27922010422
11	1	0.66642999649
11	0	1.32125496864
11	1	4.06521296501
11	0	0.639836072922
11	0	0.439883947372
11	1	0.78639292717
11	1	0.666397094727
11	1	0.626463890076
11	0	0.639696121216
11	0	0.879719018936
11	1	0.839679002762
11	0	0.759615182877
11	1	0.868048191071
11	1	1.54607105255
11	1	0.506481170654
11	1	0.439798116684
11	0	0.69314289093
11	1	0.519814968109
11	1	0.772965908051
11	1	0.733177900314
11	1	0.586426019669
11	0	2.70577502251
11	0	0.439910173416
11	1	0.599802970886
11	0	0.626524925232
11	1	0.693096876144
11	1	0.493111848831
11	0	0.453094005585
11	1	0.466512203217
11	0	0.413177967072
11	1	0.506509065628
11	0	0.679816961288
11	1	0.812971830368
11	0	1.58606719971
11	0	1.53289103508
11	1	0.786414861679
11	0	0.9462890625
11	0	1.10622096062
11	0	0.719767093658
11	1	0.693013906479
11	1	0.533174037933
11	1	0.588186979294
15	1	0.548201084137
15	1	0.493230104446
15	1	0.35991191864
16	1	0.359892845154
16	1	0.506399869919
15	1	0.519752025604
16	1	0.63974905014
16	1	0.373229980469
15	0	0.466556072235
15	1	0.506526947021
16	1	0.426546812057
16	1	0.319910049438
16	0	0.413244009018
15	1	0.706426858902
15	1	0.506458044052
16	1	0.573061943054
15	1	0.453175067902
15	1	0.426567077637
15	0	1.22622108459
16	1	0.548280954361
15	1	0.559798955917
16	1	0.479825973511
16	1	0.58824801445
15	1	0.586513996124
16	1	0.548180103302
16	1	0.573096990585
15	1	0.506509065628
16	1	0.533116102219
15	1	0.453210830688
15	0	0.533190965652
15	1	0.679682970047
16	1	0.639709949493
16	1	0.386466026306
15	1	0.759782791138
15	1	0.37322306633
16	1	0.39982509613
16	0	0.346538066864
15	1	0.559787034988
16	1	0.519897937775
16	1	0.70642209053
15	1	0.679730892181
15	1	0.733057022095
15	1	0.826413869858
16	0	0.973103046417
16	0	1.12136483192
16	1	1.57450485229
16	0	0.853082895279
15	1	3.16064596176
15	1	0.626484870911
15	0	0.559794902802
15	0	0.601679801941
15	1	0.759666919708
16	1	1.15964102745
16	1	0.853029966354
16	1	1.03963804245
15	1	0.653129816055
15	0	0.599752902985
15	1	1.10637307167
16	1	0.932913064957
16	1	0.813066005707
16	1	1.53281807899
16	0	0.986356019974
15	1	0.799655914307
15	1	0.47977399826
16	0	0.921397924423
15	0	0.626384973526
15	0	0.626379013062
15	0	0.774898052216
16	1	0.746377944946
16	1	0.826380968094
15	1	0.413240909576
15	0	0.574786901474
15	1	0.759806871414
15	0	1.21464300156
15	1	0.679805994034
15	0	0.679697990417
15	1	1.01296401024
15	1	0.826323986053
15	1	0.559873104095
16	1	0.453216075897
15	0	0.479799032211
15	1	0.599804878235
16	1	0.613154888153
16	1	0.293274879456
16	1	0.493072986603
15	1	0.466488838196
16	1	0.719795942307
16	1	0.639697790146
15	0	0.98798084259
15	1	0.586369991302
16	1	1.17288613319
16	0	1.23954796791
15	1	4.5184340477
15	1	0.693056821823
16	1	1.01298594475
15	1	6.06461381912
16	1	0.626505851746
15	1	0.559813022614
16	1	0.668162107468
15	1	0.519782066345
16	1	0.586431026459
15	0	0.586462974548
16	0	0.786423921585
16	0	0.534883022308
16	1	0.599850893021
15	1	0.453212976456
16	1	0.506472110748
15	1	0.599771976471
16	0	0.586485147476
15	1	0.653043985367
15	1	0.559867143631
16	0	0.78631901741
15	1	0.574833869934
16	1	0.626478910446
15	1	0.546383857727
16	1	0.786424875259
16	1	3.34552192688
15	1	1.57454395294
15	0	2.39922404289
15	0	0.599772930145
16	1	0.493102073669
15	1	0.946399211884
16	1	0.679790973663
16	1	6.74433493614
16	0	0.533160924911
16	1	0.599766969681
15	1	0.453186035156
13	1	0.548194169998
13	0	0.479829072952
14	1	0.453094959259
13	1	0.453180074692
13	1	0.559820175171
14	1	0.613116979599
13	1	0.559859037399
14	1	0.479753017426
14	1	0.906400918961
14	1	0.49317407608
14	0	0.399809122086
14	1	0.519782066345
14	1	0.481531143188
13	0	0.533096075058
14	1	0.559850931168
13	0	0.693037986755
14	0	0.893023967743
13	1	1.70602202415
14	1	0.908048868179
13	1	0.826456069946
13	1	1.01289701462
13	0	0.919661045074
13	1	0.546550989151
14	1	0.70642209053
13	1	0.693197011948
13	1	0.466463088989
14	1	0.493214845657
13	0	0.479820013046
13	0	0.746462106705
14	1	0.786400079727
13	1	0.639752149582
13	1	0.826356887817
14	1	0.613095998764
13	1	0.614759922028
13	1	0.813028097153
14	0	0.746344089508
14	1	0.533155918121
14	1	0.653116941452
13	0	0.653098106384
13	1	0.759701013565
14	0	0.588174104691
14	0	0.773123979568
13	1	0.506518125534
14	0	0.548204898834
13	1	0.839733123779
14	1	0.613103151321
13	1	0.599806070328
13	1	1.17291212082
14	0	0.573140144348
14	1	0.639787912369
14	0	0.853114128113
13	1	1.05297899246
14	1	0.813029050827
14	1	0.559878110886
13	1	0.813037872314
14	1	0.839667081833
13	1	0.89305305481
13	1	0.853097200394
14	1	0.494874000549
13	1	0.733128070831
13	0	1.43953490257
13	0	0.959702014923
13	1	0.932939052582
13	0	0.959686994553
13	1	0.588367938995
14	1	0.839653015137
13	0	0.613073825836
13	1	0.559706926346
13	1	0.653077125549
14	1	0.666435956955
13	1	0.906368017197
13	0	0.892960071564
14	1	0.839688062668
14	1	1.01295685768
14	1	0.573082923889
13	0	1.02632308006
13	1	0.773065090179
13	1	0.626505851746
14	1	0.573117017746
13	0	0.654777050018
13	0	0.77314209938
14	0	1.34618997574
14	1	0.999619007111
14	1	0.559714078903
13	1	0.826434135437
13	1	0.57307600975
14	1	0.893003940582
14	0	0.599704027176
14	1	0.693027019501
14	0	0.986320018768
14	1	2.19920897484
13	1	0.959692001343
13	1	1.17289710045
14	1	1.01294779778
13	1	1.37460303307
14	1	0.586482048035
14	1	1.01299786568
13	1	0.599796056747
13	1	0.546486854553
14	1	0.519879817963
14	1	0.57310295105
14	1	0.533089876175
13	0	0.439858913422
13	0	0.626410961151
13	1	0.693094968796
13	1	0.626575946808
13	1	0.708148002625
13	1	0.799706935883
14	1	0.732966899872
14	1	0.613066911697
14	0	0.479789018631
13	0	0.548210144043
13	1	0.533086061478
13	1	0.626482963562
13	1	1.55953502655
13	1	0.546477079391
14	1	1.05462288857
13	1	0.719771146774
13	1	0.786475896835
14	0	0.866346120834
14	1	0.57306599617
14	1	0.813086032867
14	1	0.719779014587
14	1	1.55950498581
14	0	0.933088064194
13	0	0.82643198967
14	1	0.773066043854
14	0	0.679814100266
14	0	0.77307510376
14	1	1.2528450489
14	1	0.519820928574
14	1	0.535490989685
22	0	0.599802970886
22	1	0.546458959579
21	0	0.439873218536
21	1	0.95959687233
21	1	0.773113012314
22	1	0.559756040573
21	1	0.586441040039
22	0	0.919675111771
21	0	0.839730978012
22	0	0.853001117706
22	1	0.89305305481
21	0	1.2395169735
22	1	0.548190832138
21	0	0.839710950851
22	1	0.826337814331
21	1	0.706452131271
21	1	1.91933894157
22	1	0.546413898468
21	1	0.679733991623
21	1	0.626556873322
21	0	0.879677057266
21	1	0.613044023514
21	0	0.826329946518
21	0	2.53248596191
22	1	0.613070011139
21	1	0.519912958145
21	1	0.466516971588
22	1	0.533118009567
21	1	0.519909143448
22	1	0.519862890244
21	1	0.493136882782
21	1	0.733026981354
22	1	0.493251085281
21	1	0.546490907669
21	1	0.761466026306
21	0	0.639734983444
21	1	0.533195972443
21	0	0.626546144485
22	1	0.866358995438
21	0	0.893018007278
21	1	0.746383905411
22	1	0.52160692215
22	1	0.799752950668
22	0	0.679736852646
21	1	0.668101072311
22	1	0.773020029068
21	1	0.4798848629
21	0	0.799769163132
21	1	0.466532945633
22	1	0.866296052933
22	1	0.453108072281
22	1	0.599853992462
21	1	0.533041954041
22	1	0.668132066727
22	0	0.639842987061
22	1	0.719749927521
21	1	0.519777059555
21	1	0.58648109436
22	1	0.493104934692
22	0	0.373224020004
22	0	0.733114004135
21	1	0.639805793762
21	1	0.693066835403
21	1	0.414885997772
22	0	0.373222827911
22	1	0.573127985001
22	0	0.493069171906
21	1	0.946317195892
21	0	0.639755010605
22	1	0.626385211945
21	1	0.546438217163
22	1	0.573148012161
22	1	0.599791765213
22	1	0.613102912903
22	1	0.533136844635
22	1	0.773165941238
21	1	0.599795103073
21	0	1.30624604225
22	0	0.879663944244
21	1	0.693115949631
21	0	2.13265681267
22	1	2.03927183151
21	0	1.75940704346
22	0	1.34622502327
22	1	1.51940608025
21	1	0.999604940414
21	0	0.893079996109
22	1	0.668023109436
22	1	0.626461029053
21	1	0.813077926636
21	1	0.679718971252
22	1	0.546445846558
22	1	0.613049030304
21	1	0.654814004898
21	0	1.51954984665
22	1	0.759713172913
21	1	0.733100175858
21	1	0.946350097656
21	1	0.826421022415
21	1	1.9326300621
22	1	1.3195400238
22	1	1.06811594963
21	1	0.693155050278
21	1	0.626399993896
21	1	0.706350803375
22	1	0.786427974701
21	1	0.586455821991
22	1	0.54648900032
22	1	0.573087930679
22	0	0.546459913254
22	1	0.826458930969
22	1	0.733057975769
21	1	0.613075017929
22	1	0.868077993393
22	1	0.679779052734
21	0	1.85264515877
22	1	0.546468019485
22	1	0.733079910278
22	0	0.719678163528
22	1	0.586391925812
21	1	0.613108158112
22	1	0.919611930847
22	1	0.719804048538
22	1	0.84152007103
21	1	0.626493930817
21	1	0.946403980255
21	1	0.894738912582
22	1	0.919726133347
21	1	0.706452846527
22	1	0.761405944824
21	1	0.706372976303
20	1	0.586453914642
20	1	0.719805955887
20	1	0.746423006058
20	1	0.813038825989
20	0	0.559758901596
20	0	0.506525039673
20	0	0.773111820221
20	1	3.27886104584
20	1	0.854784965515
20	1	0.986344099045
20	1	1.81279110909
20	0	0.879681825638
20	1	0.733067035675
20	0	1.93258810043
20	0	0.786385059357
20	1	0.761385917664
20	1	0.599812030792
20	0	0.83969783783
20	1	0.666423797607
20	0	0.799690961838
20	0	1.03959798813
20	1	0.839698076248
20	0	2.19920897484
20	1	0.746338129044
20	0	1.23952889442
20	1	0.853041887283
20	0	1.29288101196
20	0	0.879626989365
20	0	0.613102912903
20	1	0.746363162994
20	1	2.17261600494
20	0	0.679785013199
20	1	0.653033018112
20	1	1.06628394127
20	1	1.17297101021
20	0	0.679780006409
20	1	2.59898781776
20	1	1.26626896858
20	1	0.799733877182
20	1	0.826422929764
20	0	0.746424913406
20	1	0.441487073898
20	1	0.626510858536
20	1	1.03964996338
20	1	1.09298110008
20	1	0.466428995132
20	1	0.559728860855
20	1	0.386538028717
20	1	0.546511888504
20	1	0.732982158661
20	1	0.559832811356
20	0	0.519793987274
20	1	0.826388835907
20	0	0.653086900711
20	1	3.01237297058
20	0	1.69278097153
20	1	0.639847993851
20	0	1.07959485054
20	1	0.588138103485
20	1	0.694891929626
20	1	0.706429004669
20	1	0.586496114731
20	1	0.439872026443
20	1	0.533241033554
20	0	0.853083848953
20	1	0.894706010818
20	1	0.733085155487
20	1	0.919723987579
20	0	1.26625394821
20	0	1.02631783485
20	1	0.853051185608
20	0	0.626395940781
20	1	0.946392059326
20	1	1.46622490883
20	1	0.7464427948
20	1	2.63901591301
20	1	0.959747076035
20	1	0.893025875092
20	0	1.74772405624
20	0	0.934692144394
20	1	0.733144044876
20	1	0.8797519207
20	0	1.63940787315
20	0	0.866399049759
20	0	0.826323986053
20	1	1.57270693779
20	1	4.43855690956
20	0	3.03894710541
20	0	0.866372108459
20	0	0.639746904373
20	1	0.559817075729
20	1	0.533160924911
20	1	0.533115148544
20	1	0.719653844833
20	1	0.42658996582
20	0	0.666388988495
20	0	1.02628588676
20	1	0.746468067169
20	1	0.733115911484
20	1	0.786335945129
20	1	0.81304192543
20	1	0.414903879166
20	0	0.626526117325
20	1	1.01300001144
20	1	1.98594903946
20	1	1.33291506767
20	1	1.10629487038
20	1	1.59939098358
20	0	0.748068094254
20	0	1.74599194527
20	1	0.972930192947
20	1	0.599855899811
20	1	1.73275399208
20	1	1.13297200203
20	0	0.787980794907
20	1	0.613137960434
20	1	0.586413860321
20	1	0.628131866455
20	1	0.559817075729
23	1	1.05298495293
24	0	1.03965878487
24	1	0.573132038116
23	1	0.546499013901
23	1	0.559739112854
23	1	0.908126115799
23	1	0.799717903137
23	0	0.974733114243
24	0	1.15961408615
23	0	2.2125749588
24	1	0.519794940948
24	1	0.586508989334
24	1	0.521507978439
23	0	0.759763002396
24	1	0.773068189621
23	1	0.773042917252
23	1	0.974670886993
23	1	0.559904098511
24	0	1.06634402275
24	1	0.813045024872
24	1	0.559863805771
24	1	0.666486024857
23	1	0.626429796219
24	0	0.614730834961
23	0	0.759778022766
24	1	0.959707021713
23	1	2.43917894363
23	1	0.892988920212
24	0	0.866346120834
23	1	0.799740076065
24	0	0.839656829834
24	1	0.786330938339
23	1	0.559761047363
23	0	0.573243141174
24	1	0.519873142242
23	1	0.666413068771
24	1	0.679749011993
24	1	0.573222875595
24	1	1.22615408897
23	1	1.46791100502
23	1	0.573158979416
23	1	0.546501159668
23	1	0.653064966202
24	1	0.253168106079
23	1	0.428178071976
24	1	1.18624210358
23	1	2.02785611153
24	1	0.653048992157
23	1	1.36127185822
23	0	3.73199796677
24	1	0.626488924026
24	0	0.613169193268
24	1	1.94597792625
23	0	3.63874387741
23	1	0.586416006088
23	0	1.50776219368
23	0	3.71876811981
24	0	0.586483001709
24	1	0.559841871262
24	1	1.22623586655
23	1	0.508271217346
23	1	0.519912958145
24	1	0.626556158066
24	0	0.653112888336
24	1	0.706476926804
24	1	2.09265899658
24	0	3.86537408829
24	1	0.548180103302
23	1	0.626379013062
23	1	0.653152942657
24	1	2.33251595497
24	0	0.466486930847
24	1	4.74496197701
23	1	0.759680986404
24	1	0.508724927902
24	1	0.599731206894
23	1	0.54646396637
24	1	0.559831857681
24	1	0.414957046509
24	1	0.892951011658
24	1	0.493247032166
23	1	0.586396932602
24	0	0.828106164932
23	1	1.23956799507
24	0	1.1063849926
23	0	1.2928879261
24	0	5.39815092087
23	1	0.773014068604
23	1	3.55872797966
23	0	6.19781208038
24	1	0.733110904694
23	1	0.588155984879
24	1	0.559745073318
24	1	0.413235902786
24	1	0.51975607872
23	1	0.51985001564
24	1	0.533073186874
23	0	0.413219928741
24	0	0.66646695137
24	1	1.02629685402
23	1	0.866379022598
24	1	0.746410131454
24	1	1.34623479843
23	1	3.83859419823
23	0	4.41185283661
24	0	0.439821004868
23	1	0.932974100113
23	1	8.37031602859
23	1	0.57311296463
23	1	0.868035078049
17	1	0.746387958527
17	1	0.493232011795
17	0	0.426549196243
17	1	0.559870958328
17	1	0.586430072784
17	1	0.546438932419
17	1	1.03965711594
17	1	0.479878902435
17	0	0.506497859955
17	1	0.506379842758
17	1	0.586405992508
17	0	0.879662036896
17	1	0.906344890594
17	1	0.55980181694
17	0	0.934784889221
17	1	0.439790010452
17	1	0.453202962875
17	1	0.439841985703
17	1	0.546499013901
17	0	0.479737997055
17	0	0.559825181961
17	1	1.41283202171
17	1	0.679850101471
17	0	0.599846839905
17	1	0.626475095749
17	1	0.626467943192
17	1	0.599750041962
17	1	0.493149995804
17	1	0.559770107269
17	1	0.493129968643
17	1	0.454875946045
17	1	0.453127861023
17	1	0.546478033066
17	1	1.54610490799
17	1	0.653048992157
17	1	0.639852046967
17	1	0.613191127777
17	1	0.613152980804
17	1	0.666425943375
17	0	0.653067827225
17	0	0.599728822708
17	1	0.5463950634
17	1	0.559801101685
17	1	0.613197803497
17	0	0.559810876846
17	0	0.479906082153
17	0	0.626541137695
17	1	0.719774007797
17	0	0.53314614296
17	1	4.41188693047
17	0	1.59944009781
17	1	0.89302611351
17	1	0.853022813797
17	1	0.906452178955
17	1	1.09294700623
17	1	0.773056030273
17	1	0.732995033264
17	1	0.853010892868
17	0	0.813055992126
17	1	0.946408033371
17	1	1.50618290901
17	0	0.519854068756
17	1	0.868118047714
17	1	0.559805870056
17	1	0.519788980484
17	1	0.733143806458
17	1	0.546429872513
17	1	0.519894123077
17	1	1.37282705307
17	1	3.11881899834
17	0	0.574813127518
17	0	0.694787025452
17	1	0.986373901367
17	1	2.71905183792
17	0	0.533198833466
17	1	0.973073005676
17	1	2.94563102722
17	1	0.519885063171
17	1	0.614940881729
17	1	0.280004024506
17	1	0.533143043518
17	1	0.519900083542
17	0	3.61207604408
17	1	0.83967590332
17	1	0.628206014633
17	1	0.426528930664
17	1	0.613107204437
17	1	0.399853944778
17	1	0.521462917328
17	1	0.946278095245
17	0	1.70614004135
17	1	0.734753131866
17	0	0.666500091553
17	1	0.57313990593
17	1	0.879674196243
17	1	1.34620499611
17	0	1.83934783936
17	0	0.773159980774
17	1	0.519771099091
17	0	1.13298606873
17	0	1.23959612846
17	0	0.693125009537
17	1	0.50825881958
17	1	0.679707050323
17	1	0.453261137009
17	0	0.559861183167
17	1	0.826402902603
17	0	0.866383075714
17	1	1.46618008614
17	0	1.5727930069
17	1	0.786332845688
17	1	0.66809797287
17	1	1.85269999504
17	1	0.866374015808
17	0	0.546498060226
17	1	0.66642999649
17	1	0.946286916733
17	0	0.519807100296
17	0	0.546473026276
17	1	1.83935594559
17	1	1.05469918251
17	1	0.82631111145
17	1	0.693132162094
17	1	0.813061952591
17	1	1.21282482147
17	1	0.813137054443
18	1	0.626421928406
18	0	0.813079833984
18	1	0.59983921051
18	1	0.639816045761
18	1	0.46649312973
18	1	0.826423883438
18	1	0.973015069962
18	0	0.614834070206
18	1	0.493217945099
18	1	1.14630103111
18	0	0.908020973206
18	1	1.33456897736
18	1	1.34622812271
18	1	4.41180300713
18	1	0.774776220322
18	1	0.759752988815
18	1	1.55943489075
18	0	3.3722038269
18	1	0.453158855438
18	1	0.519807100296
18	0	0.586411952972
18	0	0.759735107422
18	1	1.89272499084
18	0	1.37293481827
18	1	0.839619874954
18	0	0.746380090714
18	1	0.586457014084
18	1	0.453096866608
18	0	0.774839878082
18	1	0.67978811264
18	1	0.573141098022
18	0	0.972941160202
18	1	2.35918998718
18	1	0.654876947403
18	1	0.774780035019
18	1	0.626416921616
18	1	0.706378936768
18	1	0.719722986221
18	1	0.73313999176
18	0	6.11788892746
18	0	0.773017883301
18	1	0.493102073669
18	1	0.479813098907
18	1	2.53256297112
18	0	0.466503143311
18	1	5.17164111137
18	1	0.693054914474
18	1	0.6798350811
18	1	0.588214159012
18	1	0.853073120117
18	1	0.799723148346
18	1	0.639816999435
18	0	0.733021020889
18	0	0.573065042496
18	0	0.694787025452
18	0	1.81263184547
18	0	1.50612092018
18	1	3.47884678841
18	1	0.83963394165
18	0	1.45284199715
18	1	2.13256216049
18	1	1.47946476936
18	0	1.10638213158
18	1	1.67945289612
18	0	8.35712409019
18	1	3.70540595055
18	1	0.573110103607
18	1	0.548249959946
18	1	0.586412906647
18	1	0.493171930313
18	1	1.13284397125
18	0	0.388209104538
18	1	0.959695100784
18	1	8.81027507782
18	1	0.759746074677
18	1	0.813056945801
18	1	5.29141187668
18	1	8.25035691261
18	0	0.826342105865
18	0	0.573173999786
18	0	5.69135594368
18	1	0.694774866104
18	1	0.826403141022
18	0	0.813037872314
18	1	0.693068027496
18	1	1.91940402985
18	1	0.653096914291
18	0	6.95752310753
18	1	0.626405000687
18	0	1.3461959362
18	0	7.79730296135
18	1	0.62804889679
18	1	0.653058052063
18	0	0.586442947388
18	1	7.07755088806
19	1	0.919673919678
19	1	0.519859075546
19	1	0.559782981873
19	0	0.37479186058
19	1	0.466494083405
19	0	0.613116025925
19	0	0.79975104332
19	1	0.401684999466
19	0	0.786422967911
19	0	0.679747104645
19	1	0.639794826508
19	1	1.17292809486
19	1	0.679777860641
19	1	0.58645606041
19	1	0.599822998047
19	0	0.639856100082
19	0	0.599756002426
19	0	0.826460838318
19	1	1.79941987991
19	0	0.893010854721
19	0	0.86630988121
19	0	1.17298293114
19	0	1.41289997101
19	1	1.11962008476
19	1	0.826326847076
19	1	0.586382865906
19	0	0.773108005524
19	1	0.626488924026
19	0	1.73444795609
19	0	2.17261791229
19	1	0.841461181641
19	1	0.799717903137
19	1	0.586408138275
19	1	0.601684093475
19	1	0.559883117676
19	1	0.479840040207
19	1	1.70773601532
19	0	0.439846992493
19	1	1.03964805603
19	0	1.02799201012
19	1	0.946386098862
19	1	0.653134822845
19	0	1.2279150486
19	0	0.613159894943
19	1	0.746450901031
19	1	2.31924200058
19	1	1.66610789299
19	1	0.7348549366
19	1	1.02628588676
19	0	0.546490907669
19	1	0.879670143127
19	1	0.493180990219
19	1	0.533257007599
19	0	0.63977098465
19	1	0.493149995804
19	1	0.493103981018
19	1	0.599834918976
19	0	0.548079013824
19	1	0.494760990143
19	1	0.773015975952
19	0	0.481500148773
19	1	0.519902944565
19	1	0.519859075546
19	1	0.533136844635
19	1	0.493178844452
19	0	0.439908027649
19	1	0.986328840256
19	0	0.653018951416
19	0	0.799767017365
19	0	0.679871082306
19	1	0.61318397522
19	1	0.839648008347
19	1	0.586418867111
19	1	0.599764108658
19	0	0.813034057617
19	1	0.559825897217
19	1	0.906327962875
19	0	0.639750957489
19	1	0.933034896851
19	1	0.866436958313
19	1	1.60105609894
19	0	1.27954912186
19	0	2.59918904305
19	0	0.906291007996
19	0	0.641508102417
19	1	0.70643901825
19	1	0.706448078156
19	1	0.679800033569
19	1	0.493168115616
19	0	0.453079938889
19	1	0.959619998932
19	1	0.493213891983
19	1	0.533164978027
19	0	0.559825897217
19	0	0.399789094925
19	1	0.54646897316
19	1	0.613126039505
19	1	0.453147888184
19	1	0.466521978378
19	0	0.641501903534
19	0	0.559849023819
19	1	3.53204894066
19	1	1.85266399384
19	0	0.98637509346
19	1	0.613117933273
19	1	0.546534061432
19	0	0.641440153122
19	1	0.639678001404
19	1	0.946271896362
19	0	0.573166847229
19	0	1.74605512619
19	1	0.599729061127
19	1	0.879771947861
19	0	0.466459035873
19	1	0.573103904724
19	0	0.466524124146
19	1	0.586480140686
19	1	0.573122024536
19	0	0.413276910782
19	1	0.439904928207
19	0	0.439897060394
19	1	0.69304394722
19	0	0.613072872162
19	0	0.933049917221
19	0	0.919717788696
19	1	0.668010950089
19	1	1.09291911125
19	1	0.599802017212
19	0	2.35918498039
21	0	1.31955385208
22	1	0.613069057465
21	0	0.77495098114
22	1	0.626425981522
21	1	0.626400947571
22	1	0.519790887833
22	1	0.788062810898
22	1	0.493189096451
21	0	0.932988882065
22	1	0.706471920013
22	0	0.773056983948
22	0	0.826416015625
22	1	1.11967086792
21	1	0.639816045761
21	1	1.15955901146
22	1	1.13289022446
22	0	0.919615983963
21	0	0.828140974045
22	1	0.573150157928
21	1	0.559813022614
21	1	0.613182067871
22	1	0.773124933243
21	1	0.626397848129
21	0	0.493185997009
22	1	0.693141937256
22	1	0.519911050797
22	1	0.919646024704
21	0	0.719758033752
21	0	0.733067035675
22	1	0.826349020004
22	1	0.853084087372
22	1	0.628146886826
22	0	0.599759101868
21	0	0.546462059021
22	0	0.5464220047
22	1	0.719753026962
21	1	0.828114032745
22	1	0.759790897369
21	1	0.959706068039
21	1	0.866456031799
21	1	0.733038187027
21	1	0.666478872299
21	1	0.773114204407
22	0	1.65281891823
22	1	0.759764909744
22	0	0.906322002411
21	0	1.81443595886
21	0	0.759737014771
21	1	1.86600613594
21	1	1.2261929512
21	1	0.679785013199
22	1	0.666426897049
22	1	0.666448116302
21	1	0.879714012146
21	1	0.561466217041
21	1	0.573022127151
22	0	0.719757080078
21	1	0.746443986893
22	1	0.679799079895
22	1	0.586529016495
21	1	0.54815196991
22	1	0.826397180557
22	0	0.613206863403
22	1	0.533173799515
22	1	0.573092937469
22	1	0.653104066849
21	1	0.773060083389
22	1	1.0396668911
21	1	0.46821308136
21	1	0.866348981857
22	1	0.613127946854
22	0	0.853041887283
22	1	0.786305904388
22	1	1.30624103546
22	0	0.653095960617
21	1	0.546469926834
21	1	0.481465101242
21	1	0.854636192322
21	0	0.919680118561
21	0	1.53458094597
21	1	0.706508874893
22	0	0.986404895782
22	1	0.813081026077
21	1	0.519845962524
22	0	0.919769048691
21	1	0.548224925995
21	1	1.39957094193
22	1	0.759796857834
22	1	1.26620388031
22	1	0.826411962509
21	0	0.879719018936
22	0	0.90632891655
21	1	1.23955202103
21	0	0.919718980789
22	1	0.559815883636
21	0	1.82608890533
21	0	0.853034973145
21	1	0.533087968826
21	0	0.679785966873
22	1	0.946303844452
22	0	1.21288919449
21	1	0.599876880646
22	1	1.99928283691
21	1	0.613078117371
22	1	0.639744997025
21	0	2.07927298546
21	1	1.30619382858
22	1	1.0147922039
21	1	1.45277404785
22	1	0.453099966049
22	0	0.413110971451
22	1	1.12120199203
22	1	1.1329228878
22	1	0.681491136551
21	1	0.494863033295
22	1	0.626410961151
22	1	0.586511850357
22	1	0.639729976654
21	0	0.559746980667
21	1	0.653052806854
21	1	0.626460075378
22	0	0.51989197731
22	0	0.4798579216
22	1	0.733180046082
22	1	0.906374931335
21	0	0.799669027328
21	0	0.653080940247
21	1	0.946411132812
23	1	1.71941709518
23	0	0.573246002197
24	1	1.17289495468
23	0	0.479807853699
24	1	0.573104143143
23	0	0.759730100632
24	1	0.73303604126
24	0	0.666501045227
23	1	0.719728946686
24	0	0.839736938477
23	1	2.3991291523
24	1	0.693109035492
24	0	0.95965886116
23	0	0.653064012527
23	0	0.908085107803
24	1	0.893086910248
23	1	0.773106813431
24	1	3.65207481384
24	1	1.73272395134
24	1	0.559818029404
23	1	0.932936191559
24	1	0.919734954834
24	1	1.10635900497
23	1	0.733124017715
23	0	0.679757833481
24	0	1.4795589447
23	0	0.706515789032
23	1	0.814847946167
24	0	0.959635972977
24	1	0.693094015121
23	1	0.906445980072
23	0	1.01295590401
24	0	0.693073034286
24	1	0.987931966782
23	1	3.44061803818
24	0	0.773066043854
23	1	0.719743013382
23	1	0.839663982391
23	0	0.693110942841
23	0	0.693079948425
23	1	0.799791097641
23	1	1.03958511353
23	1	1.45283389091
24	0	1.10635495186
24	1	0.559765100479
23	0	1.87931990623
24	1	0.788056850433
23	1	0.974715948105
23	1	0.479772806168
23	1	0.666355133057
23	0	0.599760055542
24	1	1.74604392052
23	1	0.546423912048
23	0	1.1329870224
23	0	0.919704914093
23	1	0.574866056442
24	1	0.906316995621
23	1	1.15958786011
24	1	0.506456851959
23	0	0.453083992004
24	0	0.999621868134
24	0	0.826354026794
24	1	0.586499929428
23	1	0.573074102402
24	1	0.59982919693
23	1	0.853069067001
24	1	0.586467981339
23	1	0.534898042679
23	1	1.01468801498
24	1	0.719743967056
23	1	0.653115987778
24	1	0.533200979233
24	0	0.573181867599
23	0	0.586457014084
23	1	0.613070964813
24	0	1.77262997627
23	1	0.599750041962
24	0	0.69310092926
23	1	0.73305106163
24	1	0.879728794098
24	1	0.948049068451
23	1	0.814872980118
23	0	0.94628405571
24	1	1.74776411057
24	1	0.733089923859
23	1	0.761461019516
23	1	1.45448303223
23	1	0.879606962204
24	1	0.799711942673
24	1	0.813004970551
24	0	1.89270615578
23	0	0.879777908325
23	1	0.799648046494
24	0	0.706491947174
24	1	3.03893089294
23	1	1.17291092873
24	1	0.799737930298
24	0	2.02596282959
24	0	2.41239690781
24	1	0.666444063187
23	1	0.773116827011
23	1	0.653111219406
24	1	0.573071956635
24	1	2.2126250267
24	1	1.08125591278
24	1	0.959680080414
24	1	0.599775075912
24	1	0.628140926361
24	1	0.852993965149
23	1	0.98641705513
23	0	0.852998018265
24	0	1.94600605965
23	1	1.74612593651
24	1	0.626430988312
23	0	0.559776067734
23	1	1.3345708847
24	1	0.839715957642
24	1	1.13287711143
24	1	2.31914806366
