8	0	0.852869987488
7	1	0.45287322998
8	1	0.479472160339
7	1	0.572855949402
8	0	0.746204853058
7	1	0.839918136597
7	0	0.732846021652
8	1	0.492841959
7	0	0.54612493515
8	0	0.572813034058
8	1	0.612845182419
8	1	0.772867918015
7	1	0.693347930908
7	0	0.852812051773
8	1	0.906251907349
7	1	0.70666384697
7	0	0.932849168777
8	1	0.692849874496
7	1	0.613023996353
8	1	0.506713867188
7	1	0.746592998505
7	0	0.626319885254
8	0	0.666141986847
8	0	1.19948291779
7	1	0.946201086044
8	1	0.999444007874
8	1	0.639820098877
8	1	0.799514055252
7	1	1.01288700104
8	0	0.826214075089
8	1	0.786159992218
8	1	0.759557962418
8	0	0.799688100815
7	0	0.666203975677
7	1	0.83948802948
8	0	1.50613498688
8	0	0.959604978561
8	1	0.679470062256
8	1	0.599519014359
7	1	1.07954001427
8	1	0.866263866425
7	1	0.959464073181
7	0	0.932831048965
8	0	0.679507017136
8	1	0.626137018204
8	1	0.839858055115
8	1	1.09286308289
8	1	0.652961969376
8	1	0.733384847641
7	1	0.719514131546
7	1	1.11946201324
8	1	1.35954213142
8	0	1.14622187614
8	1	0.892883062363
7	1	1.30616807938
7	0	1.23896193504
7	1	1.29264497757
8	1	1.78576302528
7	1	1.4657189846
7	1	1.14614987373
8	0	1.21281313896
7	1	1.11942005157
8	1	0.772912025452
7	1	1.02610588074
7	1	0.719478130341
7	1	0.612846851349
8	1	0.746200084686
8	0	0.813147068024
7	1	1.05291008949
8	1	0.813234090805
7	1	0.772850990295
8	1	0.972840070724
8	1	0.733438014984
7	0	0.839452981949
7	1	0.772888183594
8	1	0.826488018036
7	1	0.60003900528
7	1	0.7461810112
7	0	0.692888975143
7	1	0.799548864365
8	1	1.07941198349
7	1	0.759432077408
8	1	0.706604003906
7	1	0.866111040115
7	1	0.812895059586
8	1	0.972890853882
7	0	0.652801990509
8	1	0.612811088562
7	1	0.906149864197
7	1	0.932940006256
8	1	0.932826042175
8	1	1.30595397949
7	1	1.31892490387
7	1	0.892871856689
7	0	1.09284520149
7	1	0.892848968506
7	1	1.17289996147
8	0	1.05287504196
7	1	1.49290204048
7	1	0.706461906433
8	1	0.8127348423
7	1	0.866097927094
7	1	0.866227865219
8	1	0.906229019165
8	1	1.35919594765
8	0	1.09292197227
7	1	0.866138935089
8	1	0.866116046906
8	1	0.719997882843
7	1	0.826148033142
8	1	0.772845983505
7	1	0.773237943649
7	1	1.17287302017
7	0	1.06595110893
7	1	1.01279997826
7	0	1.079433918
7	1	0.679600954056
8	1	0.652796030045
8	1	0.893138885498
8	1	0.546489953995
8	1	0.706166028976
8	1	0.732857227325
7	1	1.01280498505
7	1	0.719429969788
8	1	0.772857904434
7	0	0.706335067749
3	1	1.07951021194
3	0	0.666655778885
3	1	0.639651060104
3	1	0.732832193375
3	0	0.546197891235
3	1	0.652776002884
3	1	0.559637784958
3	0	0.906615018845
3	1	0.719463825226
3	0	0.826201915741
3	1	0.799785852432
3	0	1.17284488678
3	1	0.613118886948
3	1	0.853261947632
3	0	0.732793092728
3	1	1.05286002159
3	1	0.746334075928
3	1	0.679521083832
3	1	0.706182003021
3	1	1.19901609421
3	0	0.639468193054
3	1	0.772749900818
3	1	1.59945082664
3	1	0.839739084244
3	1	0.679493904114
3	1	0.906189918518
3	1	0.586637973785
3	1	0.640069961548
3	1	0.87949514389
3	1	1.13280916214
3	0	0.906111955643
3	1	0.572834014893
3	1	0.586187124252
3	1	0.573087930679
3	1	0.746598958969
3	1	0.586534023285
3	0	0.626352071762
3	0	0.599472999573
3	0	0.892903089523
3	1	0.599891901016
3	1	0.573236942291
3	0	0.480000972748
3	1	1.22624802589
3	1	0.652912139893
3	0	0.826603889465
3	1	0.759475946426
3	1	1.11945080757
3	0	0.85294508934
3	1	0.639574050903
3	1	0.532912969589
3	1	1.46575093269
3	0	0.706165075302
3	1	0.653291940689
3	1	0.693378925323
3	0	0.999562978745
3	1	0.639513969421
3	0	0.919809103012
3	1	1.43951201439
3	1	0.719432115555
3	1	1.18619894981
3	0	0.692852020264
3	1	0.572818040848
3	1	0.959540843964
3	0	0.786721944809
3	1	0.919450998306
3	1	1.74565196037
3	1	0.840006113052
3	0	1.0262157917
3	1	1.02607512474
3	1	0.89278793335
3	1	0.839466094971
3	0	1.14619493484
3	1	0.732845067978
3	0	0.879611968994
3	1	0.626150846481
3	1	1.14606785774
3	1	0.66651391983
3	1	0.906245946884
3	0	1.22567605972
3	1	0.772844076157
3	0	0.812839031219
3	1	0.666661977768
3	1	0.812843084335
3	1	0.772891998291
3	1	0.906512975693
3	0	1.46619510651
3	1	0.746214866638
3	1	0.439565181732
3	1	0.466176986694
3	1	0.599442005157
3	1	1.18625712395
3	1	0.613156080246
3	1	0.799551010132
3	1	0.95947098732
3	1	1.39953994751
3	1	0.600008964539
3	0	0.706489086151
3	1	0.639445781708
3	0	1.21283984184
3	1	0.666330099106
3	0	0.919553995132
3	1	0.732956886292
3	1	1.45281791687
3	0	1.19953203201
3	1	0.666042089462
3	1	0.85316491127
3	1	0.839444160461
3	0	1.34571409225
3	1	0.772861003876
3	1	1.5323638916
3	1	0.572788000107
3	1	0.706418991089
3	1	0.586668014526
3	0	0.693146944046
3	1	0.839539051056
3	1	0.719480037689
3	1	0.71999502182
3	1	1.06613492966
3	1	0.826171875
3	0	0.999495983124
3	1	1.01278781891
3	1	1.3462100029
3	1	1.30617904663
3	0	0.599528074265
3	1	0.77313709259
3	1	0.772888898849
3	1	1.10612392426
6	0	1.06622695923
5	1	1.03928279877
6	0	0.599514961243
6	1	0.75959610939
6	1	0.586178064346
6	1	0.77304315567
6	1	0.640007019043
6	0	0.533154010773
6	1	0.559666872025
6	1	0.692845106125
5	1	0.692953109741
5	1	0.706130981445
5	1	0.599987030029
5	0	0.666749954224
5	1	0.719439983368
6	0	0.812865018845
6	1	0.612895011902
5	1	0.986202955246
6	0	0.71950006485
6	1	0.666104078293
5	1	0.759573936462
5	0	1.02626395226
6	0	0.706175804138
5	0	0.679646015167
6	0	0.639960050583
5	1	0.666517019272
5	1	0.519728899002
5	1	0.826156139374
5	1	0.69278717041
5	0	0.933041095734
5	1	0.746130943298
6	1	1.95902681351
6	1	1.15954589844
5	1	0.893110990524
6	0	1.17277002335
5	0	0.639979839325
6	1	1.25288200378
5	1	0.653072118759
5	1	1.02611613274
5	1	0.692821025848
5	1	0.599407911301
6	1	0.839794874191
5	1	0.46672296524
6	1	0.560026884079
6	1	0.599739074707
6	1	0.586189031601
6	1	0.546164989471
6	1	0.746230125427
6	1	0.559556007385
5	1	0.82620716095
5	1	0.839527845383
6	1	0.572809934616
5	1	0.586179971695
5	1	0.532742023468
6	1	0.506112098694
5	0	1.31899309158
6	1	0.82616519928
5	1	0.599845170975
5	1	0.679970979691
6	1	1.439483881
5	0	0.839555025101
5	1	0.91946387291
6	1	0.853217124939
5	0	1.2394490242
5	1	1.30619692802
5	1	0.893003940582
5	0	1.62590789795
6	1	0.626111030579
6	1	0.546229839325
5	1	0.719512939453
6	1	0.519500017166
5	1	0.532788038254
5	0	0.639605998993
6	1	1.22624206543
5	1	0.492770910263
5	1	0.639489889145
5	0	0.453107118607
5	1	0.546218156815
6	1	0.559855937958
6	1	4.74466300011
5	1	0.852854967117
5	1	0.706155061722
5	0	0.666201114655
6	0	1.5995900631
5	1	0.706707000732
5	1	0.732874155045
6	1	1.42568898201
5	0	0.772815942764
6	1	0.892812013626
5	1	2.21231293678
6	1	1.43904209137
6	1	0.986150026321
5	1	0.772843122482
5	0	0.919481039047
6	1	0.959558010101
6	1	0.959535837173
5	0	1.22599697113
5	1	0.879491090775
6	1	0.83981013298
6	1	0.986139059067
5	1	0.533080816269
5	0	1.25285506248
6	1	1.0394089222
6	0	0.852839946747
5	0	0.732863903046
6	1	0.692966938019
5	1	1.6529519558
5	1	0.666373968124
6	1	1.11949396133
6	1	0.89310002327
6	1	1.06626296043
6	1	4.79798388481
5	0	0.946188926697
6	0	1.09269785881
5	1	0.732777118683
5	0	1.03950810432
6	1	0.919533014297
6	1	0.852809906006
1	0	0.972734928131
1	1	0.679541110992
1	1	0.972937107086
1	1	0.972901821136
1	1	0.90616607666
1	1	0.586647033691
1	1	0.746263980865
1	1	0.692823886871
1	0	0.879532814026
1	1	0.786750078201
1	0	0.85290312767
1	0	0.666162014008
1	1	1.19918704033
1	1	0.626189947128
1	1	0.652808904648
1	1	0.719612121582
1	1	0.66671705246
1	1	0.879487037659
1	0	0.706186056137
1	1	0.959575891495
1	1	0.639502048492
1	1	0.679681062698
1	0	1.7727701664
1	1	0.679550170898
1	0	0.692847967148
1	0	1.01279520988
1	1	0.58664894104
1	0	1.33276414871
1	1	1.33280396461
1	1	0.560003042221
1	1	0.65328001976
1	1	4.58469796181
1	1	1.21270895004
1	1	0.813138008118
1	0	0.666133880615
1	0	0.586112976074
1	1	0.77286696434
1	1	0.746474027634
1	1	0.732890844345
1	1	0.932760000229
1	1	0.932883024216
1	0	5.7170188427
1	1	1.07951402664
1	1	0.65337896347
1	0	7.86267518997
1	1	1.22589898109
1	1	0.719483137131
1	1	0.866140842438
1	1	5.37082481384
1	1	0.732837915421
1	0	1.0127530098
1	0	8.79553413391
1	1	0.973002910614
1	1	0.612838029861
1	1	1.42567491531
1	0	0.692821979523
1	1	0.652788877487
1	0	0.919440031052
1	1	0.653110980988
1	1	0.786148071289
1	0	0.719477891922
1	0	0.573269128799
1	1	0.626695871353
1	0	0.546622037888
1	1	0.679754018784
1	1	0.65277504921
1	1	0.652712106705
1	0	2.37186098099
1	1	0.772789955139
1	1	7.30273079872
1	1	1.07942390442
1	1	0.8127348423
1	0	0.759472846985
1	0	0.719489097595
1	1	1.09257006645
1	1	0.812833070755
1	1	9.78167104721
1	1	0.680026054382
1	1	0.600025892258
1	1	0.812844991684
1	0	7.58267903328
1	1	0.839501857758
1	1	0.680006027222
1	1	0.426730871201
1	0	0.506730079651
1	1	0.759526968002
1	1	0.786211013794
1	0	1.41227507591
1	1	1.65224719048
1	0	5.65031981468
1	1	0.866572856903
1	1	0.652807950974
2	1	1.3860938549
2	0	0.852961063385
2	1	0.692920207977
2	0	0.799794912338
2	1	1.41277694702
2	1	0.906132936478
2	1	0.98611998558
2	1	1.15954303741
2	0	1.07959604263
2	1	0.82626914978
2	0	0.852755069733
2	0	0.893168926239
2	0	0.91946387291
2	1	0.599460840225
2	1	0.62645316124
2	0	1.07957386971
2	0	0.932848930359
2	0	1.50615215302
2	0	1.0127620697
2	0	0.706241130829
2	0	1.15902209282
2	1	0.639526128769
2	1	0.679522037506
2	1	0.572835922241
2	1	0.666437864304
2	0	0.906100034714
2	1	0.586203098297
2	1	0.639530181885
2	1	0.586268901825
2	1	0.586184978485
2	1	0.519905805588
2	1	0.666571855545
2	0	0.386699914932
2	0	0.413397789001
2	1	0.626535892487
2	1	0.892817974091
2	0	0.652868032455
2	1	0.599476099014
2	1	0.772828102112
2	1	0.839927911758
2	1	0.679558038712
2	1	0.61288690567
2	1	0.426138877869
2	1	0.679558992386
2	1	0.812866926193
2	0	0.866145849228
2	0	0.839536905289
2	1	0.812880039215
2	0	0.799574136734
2	1	0.572860002518
2	0	1.38585710526
2	1	0.999492168427
2	1	0.573207855225
2	1	0.746716976166
2	0	0.906199932098
2	1	0.599461078644
2	1	0.746138811111
2	1	0.640065908432
2	1	0.653345108032
2	1	0.746104001999
2	1	0.786197900772
2	1	0.639678955078
2	0	0.666638851166
2	0	0.732939958572
2	1	0.572819948196
2	1	0.719573020935
2	1	0.61282992363
2	1	0.599666118622
2	0	0.453464031219
2	1	0.653327941895
2	1	0.626661062241
2	1	0.533205986023
2	1	0.666095018387
2	0	0.692851066589
2	0	0.852777957916
2	0	1.10615897179
2	1	0.519445896149
2	1	0.586312055588
2	1	0.612790822983
2	1	0.719676017761
2	1	0.67999792099
2	0	0.426567077637
2	0	0.493377923965
2	0	0.732928037643
2	1	0.732837915421
2	0	0.586246013641
2	0	0.586181163788
2	1	0.746380090714
2	0	1.18614006042
2	1	0.839562177658
2	1	0.932903051376
2	1	0.732896089554
2	1	0.719671964645
2	0	0.813060998917
2	0	0.866142988205
2	1	0.732805013657
2	1	0.786740064621
2	1	1.05291604996
2	0	1.31914710999
2	1	0.706174850464
2	1	0.653123140335
2	1	0.613427877426
2	1	0.8929438591
2	0	2.06558203697
2	1	0.706520080566
2	1	0.360019922256
2	1	0.852729082108
2	1	0.892848014832
2	0	0.959475040436
2	1	0.652854919434
2	1	0.679520845413
2	0	0.679560899734
2	1	0.799973011017
2	0	1.1862051487
2	1	0.626534938812
2	1	0.719916820526
2	1	0.639518976212
2	1	0.8394510746
2	1	0.692920923233
2	1	0.800000905991
2	0	0.959473133087
2	1	0.746089935303
2	1	0.680035829544
2	1	0.75951385498
2	1	1.09284090996
2	0	2.21237897873
2	1	0.959532022476
2	0	0.719478130341
2	1	0.69287109375
2	1	0.572813034058
7	1	0.879539012909
7	0	1.18603801727
7	1	0.852792978287
7	1	0.679502010345
7	1	0.866598844528
8	1	0.626295089722
7	1	0.879425048828
7	0	0.572741985321
8	1	0.586449146271
8	1	0.613330125809
7	1	0.640012979507
8	0	0.70619893074
8	1	1.0795481205
8	1	0.826472043991
8	1	0.932854890823
7	1	0.679457187653
8	1	0.613318920135
7	1	0.812813997269
7	0	0.839447021484
7	1	0.919486045837
7	1	0.666445970535
8	1	0.919526100159
8	1	0.63946390152
7	0	1.59955596924
8	1	0.733401060104
8	1	0.506717920303
7	1	0.573076963425
8	1	0.639461994171
7	0	0.719480037689
7	1	0.492841005325
8	1	0.839447021484
8	1	0.573277950287
8	1	0.693002939224
8	0	1.09285116196
8	1	0.613291978836
7	0	1.33275413513
7	1	0.94634604454
8	1	0.612801074982
7	0	0.986175060272
7	0	0.640016078949
8	1	0.772845983505
8	1	0.772839069366
7	1	1.0795109272
7	1	0.946156024933
7	1	0.839465141296
8	1	4.54459285736
8	1	0.852845191956
7	1	0.626280069351
7	1	0.759593963623
8	0	0.813292980194
8	1	0.746152877808
8	1	0.639464139938
7	1	0.959513187408
8	1	0.639987945557
7	0	0.946173906326
8	1	0.692825078964
7	0	1.02601194382
7	1	0.919497013092
7	1	0.586407899857
7	1	0.839909076691
7	1	0.639497041702
8	1	0.906212091446
7	1	0.839807987213
7	1	0.839523077011
7	1	1.11942195892
8	1	0.732933044434
7	1	0.759500026703
7	1	0.839433908463
7	1	2.09231495857
8	1	0.81286907196
8	1	0.840023994446
7	1	0.919498920441
8	1	0.919575929642
8	1	0.626645088196
8	1	0.719521045685
7	1	0.612911939621
7	1	0.692836046219
7	1	0.572943925858
8	1	0.760009050369
7	1	0.706208944321
7	1	0.639438152313
7	0	0.612810134888
8	1	0.772789955139
7	1	0.666646003723
8	1	0.586672782898
7	0	1.53289008141
7	1	0.71951007843
7	1	0.826267004013
7	1	0.679552078247
7	1	2.9053580761
8	0	0.679467916489
7	1	0.599524021149
8	0	0.666136026382
8	1	1.31927394867
7	1	0.692687034607
8	1	0.546576023102
7	1	0.879877090454
7	1	1.13285398483
8	1	0.81329202652
7	1	0.866081953049
7	0	0.599499225616
8	1	0.692719936371
8	1	0.586614131927
7	1	0.533337116241
7	0	1.06616616249
7	0	0.959557056427
8	1	0.613332986832
7	0	0.59979891777
7	1	1.10623598099
8	1	0.720079183578
7	1	0.746158123016
8	1	1.43903303146
8	1	0.879554986954
8	0	5.23707890511
7	1	0.626260995865
8	1	0.599464178085
7	1	0.759583950043
8	1	0.70662689209
7	1	0.826117038727
8	1	2.10565900803
8	1	0.799530982971
8	1	3.38466787338
8	1	0.732737064362
6	0	0.719995975494
5	1	0.706233978271
6	1	0.746062040329
5	1	0.706176996231
6	0	0.586559057236
5	1	1.15949892998
6	1	0.572867870331
6	1	1.57247710228
5	1	0.572943210602
6	1	0.733262062073
5	1	1.37290692329
5	1	0.826441049576
6	1	0.799497127533
6	1	1.33238983154
5	1	3.11853313446
5	0	4.66468596458
5	1	0.612870931625
6	1	0.612920999527
5	1	0.62614607811
6	1	0.506150007248
5	1	0.826196908951
6	0	0.746678829193
6	1	0.799515008926
6	1	0.772863864899
6	0	0.866410017014
5	1	0.759496927261
5	1	0.66613984108
5	1	0.719530105591
5	1	0.759845018387
6	0	0.346793889999
6	1	0.853107213974
6	1	4.79750084877
5	1	0.746123075485
6	1	0.653414011002
6	1	0.626668930054
6	1	3.93125605583
6	1	0.706203937531
5	1	1.47932600975
5	1	0.879860162735
5	1	0.746248960495
6	1	0.892838001251
5	1	0.693268060684
5	1	0.706624984741
6	1	0.666229963303
5	1	0.679516792297
5	1	0.679486989975
6	1	0.679723024368
6	1	0.573265075684
5	1	0.706497907639
5	0	0.759530067444
5	0	0.906254053116
5	1	0.693292140961
6	0	1.19949197769
6	0	1.01282811165
6	1	0.639522075653
6	1	0.666155099869
6	1	0.652783155441
5	1	0.586612939835
6	0	0.693283081055
6	1	1.02611613274
5	1	0.866229057312
6	1	0.812931060791
6	0	1.33291506767
6	0	1.02622413635
5	0	0.599705934525
5	1	0.786656141281
5	0	0.652947902679
5	0	1.0794301033
6	0	0.879758834839
6	1	0.719470977783
6	1	0.639461994171
6	0	1.51904892921
6	1	0.586196184158
6	1	0.746428012848
5	1	0.719905853271
5	1	0.946177959442
5	1	0.866185903549
5	0	1.05282497406
5	1	0.759497880936
6	1	0.83984708786
6	1	0.519809007645
5	1	3.65140414238
6	1	0.639450073242
6	0	1.29230308533
6	1	0.692703962326
5	0	0.879503011703
6	1	0.653347969055
6	1	0.919507980347
6	1	0.759485006332
5	1	0.74662399292
5	1	0.63991689682
6	1	0.692780017853
5	1	0.612796068192
5	1	0.892883062363
6	1	0.453349113464
6	1	2.06556010246
6	1	0.879509925842
6	1	0.680022954941
5	1	5.7040541172
5	1	0.719475030899
6	0	2.58518004417
6	1	1.03952503204
5	1	1.25294184685
6	1	0.986152172089
5	0	0.652874946594
5	1	0.786119937897
5	1	0.626760005951
6	1	0.826289892197
5	0	6.68976020813
5	1	0.879484176636
6	1	0.746694087982
6	1	0.73278594017
5	1	0.812834978104
6	1	1.09248495102
6	1	0.839432001114
4	0	1.69280195236
4	0	0.666096925735
4	1	0.746164798737
4	1	0.71952009201
4	0	1.61277794838
4	1	0.879516839981
4	1	0.546190977097
4	0	0.719408988953
4	1	0.706223964691
4	0	0.57329916954
4	1	1.15953493118
4	1	1.0129430294
4	0	0.719561100006
4	0	0.826171159744
4	0	0.772917032242
4	1	3.11851811409
4	0	0.852928876877
4	1	0.706739902496
4	0	1.14624404907
4	1	0.759902954102
4	1	0.892850160599
4	1	1.30587410927
4	1	0.759505987167
4	0	0.800045967102
4	1	0.65281701088
4	1	0.639456987381
4	0	0.692830085754
4	0	0.759533882141
4	1	0.573328971863
4	1	1.23955917358
4	1	0.786464929581
4	0	0.706422805786
4	1	0.892862081528
4	0	0.799561977386
4	0	0.946192026138
4	1	0.879462003708
4	1	0.866770982742
4	1	0.652899980545
4	0	5.02418994904
4	1	0.679922103882
4	0	0.919484853745
4	0	1.46578407288
4	0	0.71949505806
4	1	0.759534835815
4	1	0.892728090286
4	1	0.759464025497
4	1	5.42366790771
4	1	0.879550933838
4	1	0.733369112015
4	0	2.1323390007
4	1	0.65337896347
4	1	0.786395072937
4	1	0.812839031219
4	1	0.572749853134
4	1	0.692787885666
4	0	1.22611403465
4	0	0.839508056641
4	1	0.653249025345
4	1	0.93279004097
4	1	0.666076898575
4	1	0.786428928375
4	1	0.772964000702
4	1	0.799528121948
4	1	0.626202106476
4	1	0.639801979065
4	1	0.879643917084
4	1	0.612860918045
4	1	0.666132926941
4	1	0.786207914352
4	1	1.58622598648
4	0	7.54319000244
4	1	0.746412992477
4	1	0.666209936142
4	0	0.799417972565
4	1	1.07925796509
4	1	1.01278305054
4	1	1.35945510864
4	0	0.799715995789
4	1	0.772921085358
4	0	0.986144065857
4	0	0.839922189713
4	1	5.89045500755
4	1	0.892883062363
4	1	0.85297203064
4	0	7.02322506905
4	1	0.693372964859
4	1	0.81285405159
4	0	0.586185932159
4	1	0.906188011169
4	1	0.626743078232
4	1	0.733138084412
4	1	0.679494857788
4	1	0.772901058197
4	0	0.772880077362
4	0	1.1061360836
4	1	0.586072921753
4	1	0.652928829193
4	1	0.733357906342
4	1	3.70476222038
4	1	0.892867088318
4	1	0.679662942886
4	1	0.79996919632
4	1	1.91894197464
4	0	1.22563910484
4	1	1.89227199554
4	1	1.07936286926
4	1	0.759603023529
11	1	0.906168937683
11	1	0.733323812485
11	1	1.10615205765
11	0	0.799410104752
11	1	0.653337955475
11	1	0.719439983368
11	1	0.626163959503
11	1	0.892796993256
11	1	0.786679029465
11	1	0.759446144104
11	0	0.692856788635
11	0	0.652787923813
11	1	0.533241987228
11	1	0.786659002304
11	0	0.706212997437
11	1	0.652935028076
11	0	1.18612599373
11	1	0.812703132629
11	1	0.812758922577
11	0	1.26613283157
11	1	0.759525060654
11	1	2.10571694374
11	1	0.559580087662
11	1	0.83952999115
11	1	0.799441099167
11	1	0.839649915695
11	1	0.759514093399
11	1	0.839565038681
11	1	0.599962949753
11	1	0.626703023911
11	1	1.53276395798
11	0	2.94507908821
11	1	0.852901935577
11	0	4.61135196686
11	0	0.959459066391
11	1	0.986063957214
11	0	3.79807710648
11	1	0.452745914459
11	0	0.532800912857
11	0	0.732754945755
11	1	0.666207790375
11	1	0.519930124283
11	1	1.1727809906
11	1	1.70555520058
11	1	1.17244100571
11	0	1.86565709114
11	0	0.933100938797
11	0	0.666121006012
11	1	0.67950296402
11	0	0.572829008102
11	1	0.626229047775
11	1	0.586478948593
11	1	5.43751502037
11	1	1.27942180634
11	1	7.15619397163
11	1	1.30620598793
11	1	0.679688215256
11	1	0.799458026886
11	1	0.692799091339
11	1	0.519816875458
11	1	2.37843513489
11	1	0.679169893265
11	1	0.653314828873
11	1	0.812875032425
11	1	0.479463100433
11	1	1.25280618668
11	1	0.732767105103
11	1	0.906094074249
11	1	0.519708871841
11	0	1.26594996452
11	1	0.599524974823
11	1	0.586133003235
11	1	0.639715909958
11	1	0.69323515892
11	1	0.600004911423
11	1	0.946228981018
11	0	0.812783002853
11	1	0.653339862823
11	1	1.13282799721
11	1	0.719794988632
11	0	0.560028076172
11	0	1.9457628727
11	1	0.666160821915
11	1	0.746110916138
11	1	0.786560058594
11	1	0.639489173889
11	1	0.732841014862
11	1	1.14589095116
11	0	0.972826004028
11	1	0.919800043106
11	1	0.70624089241
11	1	0.639456033707
11	0	1.3323931694
11	1	0.679502010345
11	1	0.746137142181
11	1	0.693350076675
11	1	0.772884130478
11	1	0.599555015564
11	1	1.81226110458
11	1	1.02609586716
11	1	9.62166690826
11	1	0.679503917694
11	1	1.19903302193
11	1	0.572875976562
11	1	0.559510946274
11	0	0.519523859024
11	1	1.06618499756
14	1	0.786130905151
13	1	0.572813987732
13	1	0.546190023422
14	1	0.679452180862
14	0	0.773298978806
13	1	0.666502952576
14	1	0.706027984619
13	0	0.652796983719
13	1	0.69283413887
14	1	1.22624802589
14	1	6.48989391327
13	1	0.666122913361
14	1	0.599604129791
14	1	6.62369799614
14	1	0.560039997101
14	1	0.506614923477
14	1	0.919507026672
14	1	0.732810974121
14	1	0.693022012711
14	1	1.29280400276
13	1	0.532890081406
14	1	0.613054990768
13	1	0.599981069565
14	0	0.653285980225
13	1	1.25290799141
14	1	0.706686019897
14	1	0.599900960922
13	1	0.706197023392
13	1	0.612937927246
13	1	0.732871055603
13	1	0.826671123505
14	1	0.546638965607
14	0	0.83951997757
13	1	0.706065893173
14	1	0.61300611496
13	1	0.679996013641
13	1	0.67986702919
14	1	0.612804889679
14	0	0.612920045853
14	1	0.666197061539
13	1	0.719498157501
13	1	0.759999990463
13	1	0.639706850052
13	1	0.999558925629
14	1	0.599881887436
14	1	0.693335056305
13	1	0.71946310997
14	1	0.999485015869
13	1	0.573314905167
13	1	0.586659908295
13	1	0.746378183365
14	1	0.692831039429
13	1	0.746180057526
14	1	0.812903165817
14	0	0.892848968506
13	1	0.692934036255
14	0	0.452879905701
13	1	0.599461078644
14	1	0.546235084534
14	0	0.906443834305
13	1	2.23904299736
13	1	0.719979047775
13	1	6.54371500015
14	0	0.946166992188
13	0	0.426175117493
14	1	0.812840938568
13	1	0.800034046173
14	1	0.759588003159
14	1	1.11947798729
14	1	2.79850578308
13	1	0.95946097374
13	1	0.74661397934
14	1	0.839467048645
13	1	4.95750021935
13	1	0.786645889282
13	0	1.13286399841
14	1	0.773369073868
13	0	0.679506063461
14	1	0.879502058029
13	1	0.679548025131
14	1	0.879638910294
13	0	0.746177911758
13	1	0.799489021301
14	1	0.893164873123
13	1	0.706191062927
13	0	0.412806987762
14	1	0.639586925507
13	1	1.1728310585
13	1	0.666218042374
14	1	0.452860116959
14	0	0.240009069443
13	1	0.799525976181
13	0	4.34445309639
13	1	0.373292207718
13	1	0.506603002548
14	1	0.652970075607
14	1	0.652871847153
14	1	1.77232289314
14	1	0.799723148346
13	0	1.1062309742
13	1	1.11907291412
13	1	0.626239061356
13	1	2.43843913078
14	1	1.42574286461
13	0	0.799422025681
14	0	0.626201868057
13	1	1.05270910263
14	1	7.28984689713
13	0	0.95947098732
13	0	0.666205883026
13	1	0.826486110687
14	0	0.613394975662
14	1	0.639482021332
13	1	1.38601493835
13	1	1.25283002853
16	1	0.852814912796
15	1	0.63952589035
15	0	0.6661901474
16	1	0.519465923309
16	1	0.626183986664
15	1	0.493396997452
15	1	0.946212053299
16	0	0.546115875244
16	1	0.812801122665
16	1	0.799515962601
16	1	4.34469008446
16	1	0.640002965927
16	0	0.533366203308
16	1	0.733090162277
16	0	0.506371974945
16	0	9.96825695038
16	1	1.07926392555
16	1	0.559453010559
15	0	0.66618013382
15	1	1.43906807899
15	0	0.519528865814
16	1	0.932739973068
16	1	0.520015001297
15	0	0.666612148285
15	1	0.639442920685
15	0	0.5862159729
15	0	6.70321798325
15	0	0.839555025101
15	1	1.34620499611
15	1	0.640011072159
15	1	0.573275089264
16	1	0.560013055801
16	1	0.560018062592
15	1	0.706202030182
16	1	0.532897949219
16	1	0.866106987
16	0	0.73331785202
16	1	6.47709417343
16	1	0.706376075745
15	1	7.96927714348
15	1	0.519829034805
15	1	0.706516981125
16	0	0.439956188202
15	1	0.586672782898
15	1	0.640050172806
15	0	3.1851580143
15	1	0.640058040619
16	0	0.53338599205
16	1	8.72900891304
15	1	0.826195955276
16	1	0.759465932846
15	1	0.666697978973
16	0	0.666516065598
15	0	0.559571027756
15	1	0.466329813004
16	1	0.812906980515
16	1	0.506242990494
15	1	0.599523067474
15	1	0.426314115524
16	1	0.426185131073
15	1	0.519443035126
15	0	0.399473905563
15	0	4.02476286888
15	1	0.640080928802
16	0	8.4627289772
15	0	0.879498958588
15	0	0.439561128616
16	1	0.572762012482
15	0	0.559566020966
16	1	0.866250038147
16	0	0.506592988968
16	1	0.906272172928
15	1	1.06621313095
16	1	0.919491052628
16	1	0.546272993088
15	1	0.532754898071
15	1	0.372792005539
15	0	6.39645910263
15	1	0.839420080185
15	1	0.492907047272
15	1	0.612828969955
15	1	5.18412399292
16	1	0.772867202759
15	1	0.599815130234
16	0	4.71809697151
16	1	0.466552972794
15	0	1.9723508358
16	1	0.706202030182
15	0	1.97232604027
15	1	0.613354921341
16	1	0.639845132828
16	1	0.692851066589
16	1	0.812874078751
15	1	0.853004217148
15	0	0.746252059937
16	0	0.892814874649
15	1	0.839736938477
15	1	1.01286220551
16	1	0.559494972229
13	1	0.679579019547
14	0	0.680153846741
13	1	0.586709976196
14	0	0.533254861832
14	1	0.506503820419
14	0	0.479915142059
14	1	0.666162014008
13	1	0.492919921875
13	1	0.746111869812
13	0	0.452816009521
14	1	0.652709960938
14	1	0.8531229496
13	1	0.772785186768
14	1	0.70611000061
13	1	5.01085805893
14	1	0.666231870651
14	1	0.559443950653
14	1	0.679475069046
13	1	0.626088142395
13	1	0.69294500351
14	1	2.59908485413
14	1	0.600075960159
14	1	0.479985952377
13	1	0.520008802414
14	1	0.812838077545
13	1	3.90458106995
13	1	0.586746931076
13	1	0.693376064301
14	0	4.97095012665
13	1	0.706100940704
13	0	0.786648035049
14	1	0.852865934372
14	1	0.652809143066
13	1	0.58617401123
13	1	0.559800863266
14	1	5.75760388374
13	0	0.772781133652
13	1	0.692759990692
13	1	0.972833871841
14	1	0.453297138214
13	1	0.506647825241
14	1	0.413299798965
13	0	6.99650502205
14	1	0.612766981125
13	1	0.812792062759
14	1	6.17033791542
13	1	0.786108016968
14	1	0.866529941559
14	1	1.82562804222
13	1	0.572870969772
13	1	1.13243603706
13	1	0.492846012115
14	1	0.572839975357
13	1	0.732802867889
13	1	0.439440011978
14	1	0.652825117111
14	0	3.15810084343
13	1	0.719549179077
14	0	0.812813043594
13	0	1.98571705818
14	1	0.559470891953
13	1	0.532800912857
14	1	0.692742109299
14	0	0.479687929153
13	0	0.839682102203
13	0	1.05279898643
13	0	0.932875871658
13	1	1.11949086189
13	1	0.799448013306
14	1	0.493432044983
13	1	0.53336596489
13	0	1.05293607712
13	0	1.14594197273
13	0	3.46499800682
14	1	1.07949995995
14	0	1.26614999771
14	1	0.879438877106
14	1	0.453374862671
14	0	0.773218870163
13	1	0.572936058044
14	1	0.666178941727
14	1	0.612786054611
14	0	0.732837915421
13	1	5.49089694023
14	0	6.46375083923
13	1	0.972985029221
14	0	2.78511404991
13	1	1.97230601311
13	1	1.5728058815
13	1	0.746135950089
14	0	0.732779979706
14	0	0.652813911438
13	1	0.62655711174
13	1	0.666715145111
13	1	0.506661891937
14	1	0.613240003586
14	0	0.572956085205
13	1	0.906268835068
13	1	1.34573197365
13	0	0.54611992836
14	1	0.972830057144
14	1	0.852880001068
14	1	0.599576950073
13	0	0.74614405632
13	1	0.719929933548
14	1	0.732861042023
14	1	0.706206083298
14	1	0.91951584816
14	1	0.613286972046
13	1	0.693094015121
13	1	0.826144933701
12	1	1.58577299118
12	0	0.932857990265
12	1	0.719703912735
12	1	0.799690961838
12	1	0.786190032959
12	1	0.812839031219
12	1	0.813220977783
12	1	0.732908010483
12	0	0.772800207138
12	1	0.719706058502
12	0	0.879500150681
12	1	0.759453773499
12	0	0.986227035522
12	0	0.639699935913
12	0	0.652825117111
12	1	0.626132965088
12	1	0.786118030548
12	0	0.799952030182
12	0	4.22471380234
12	1	0.853116035461
12	1	5.07754802704
12	1	0.826694011688
12	1	0.746110916138
12	1	0.812824010849
12	0	0.852979898453
12	1	0.533362865448
12	1	0.986191034317
12	1	0.732871055603
12	0	0.613404989243
12	1	0.919515132904
12	0	2.06568789482
12	1	0.466698884964
12	0	0.519929885864
12	0	0.892822980881
12	1	0.692979097366
12	1	0.866122961044
12	0	0.52000784874
12	1	0.773084878922
12	1	1.03955292702
12	1	0.839974880219
12	0	0.799494981766
12	0	0.97287607193
12	1	0.826354026794
12	1	0.772817850113
12	1	1.33226490021
12	1	2.14557790756
12	0	3.42528605461
12	1	0.812998056412
12	1	0.679443120956
12	1	0.679590940475
12	0	0.706163167953
12	1	0.693320035934
12	1	0.613240003586
12	0	0.692729949951
12	1	0.852811813354
12	1	0.813191890717
12	1	0.706306934357
12	1	2.70518016815
12	1	4.85082292557
12	1	8.59596586227
12	1	0.826256036758
12	1	0.559475898743
12	1	0.639493942261
12	1	0.66622710228
12	1	0.586248874664
12	1	0.586595058441
12	1	0.600016117096
12	0	0.613357782364
12	1	6.41040706635
12	1	0.613306999207
12	1	0.639530897141
12	1	0.479557037354
12	1	4.4246160984
12	0	0.759481191635
12	1	0.786237955093
12	1	0.746654033661
12	0	0.772821187973
12	1	0.506086826324
12	1	0.826169967651
12	0	0.946241140366
12	1	6.96976590157
12	1	0.732764005661
12	0	0.506670951843
12	0	0.70662689209
12	1	0.839458942413
12	1	0.852854967117
12	1	1.01273703575
12	0	0.866112947464
12	1	0.466171979904
12	0	0.959454059601
12	0	1.18626499176
12	1	0.813306093216
12	1	0.732791900635
12	1	0.799419879913
12	1	0.71952009201
12	1	0.932865858078
12	0	0.866226911545
12	0	0.586301088333
12	0	0.853145122528
12	0	0.826155900955
12	1	1.85235404968
12	1	0.626745939255
12	0	0.560032129288
12	1	0.626690149307
12	1	1.27941823006
12	1	2.93189811707
12	0	0.492786884308
12	1	5.29069876671
12	1	0.612838029861
16	1	0.666127920151
15	1	0.572834968567
16	1	0.532923936844
15	1	0.959494113922
15	0	0.759650945663
15	0	0.639537096024
16	1	0.559540987015
15	0	0.532843112946
15	0	0.639472007751
16	1	0.612908840179
16	1	1.13282608986
15	1	0.999474048615
16	1	0.719962120056
15	1	0.879576921463
15	0	0.679481983185
15	1	0.759835958481
15	1	0.786147117615
15	0	0.586212158203
15	0	0.479517936707
15	1	0.213446140289
15	1	3.75805306435
15	1	0.759491920471
16	1	0.852880954742
16	1	2.79849910736
16	0	1.14616894722
16	1	0.71999001503
15	1	0.799513816833
15	1	0.519465923309
15	1	0.599509954453
16	1	0.41280579567
15	1	0.492873191833
16	0	7.08993387222
16	0	0.639528036118
15	1	0.426550149918
15	1	4.29137301445
15	0	0.573347091675
15	1	5.70369696617
16	0	0.772798061371
15	1	0.99950003624
16	1	5.46414613724
16	1	0.919498920441
15	1	0.519500017166
16	0	0.532822847366
15	1	0.426290988922
15	1	0.466071844101
16	1	0.772847890854
15	1	0.893281936646
16	0	0.906100988388
15	1	0.626207113266
16	1	0.65333199501
16	1	0.626255989075
16	1	5.13080883026
15	1	0.560075044632
16	0	0.65337395668
16	1	0.892899990082
16	1	0.466196775436
15	1	0.53281378746
16	1	3.1980919838
15	1	0.532880783081
15	1	0.826213121414
15	0	0.492874860764
15	1	0.839603185654
16	1	0.533391952515
16	1	0.506662130356
16	0	0.599951982498
16	1	0.612963914871
15	1	0.586272001266
15	1	0.492788791656
15	0	0.492724180222
16	1	0.519462823868
15	1	0.652865886688
16	0	0.612907886505
15	1	0.746095895767
15	1	0.573248147964
15	1	0.70645904541
16	0	1.78568601608
16	1	0.532919883728
16	0	6.96984386444
15	1	1.09293198586
15	0	7.06311297417
15	0	1.65230417252
16	1	1.31937599182
16	1	0.493347883224
15	1	0.692941904068
16	1	1.77239489555
15	0	0.572971105576
16	1	7.42300701141
15	1	0.546225070953
16	0	0.466459989548
16	0	0.773086071014
15	1	0.826164960861
15	1	0.612815141678
16	0	4.10456991196
15	1	0.732918977737
16	1	0.63955783844
15	1	0.519560098648
16	1	0.426186084747
16	0	0.42605805397
16	0	0.546138048172
16	1	9.34186387062
15	1	0.492994070053
15	0	0.506219863892
10	0	0.852926015854
10	1	0.440006017685
10	0	0.426728010178
10	0	0.533271074295
10	1	0.440011024475
10	0	0.546591043472
10	1	0.759772062302
10	1	0.466518163681
10	1	0.612792015076
10	0	3.09184980392
10	0	0.773208141327
10	0	0.572951078415
10	0	0.612879991531
10	1	0.83956193924
10	1	0.972898006439
10	1	0.493223905563
10	1	0.492983102798
10	0	0.546193122864
10	1	1.05287194252
10	1	0.786723852158
10	1	0.986167907715
10	1	1.06608009338
10	0	0.866225004196
10	1	0.706171035767
10	0	0.439954042435
10	1	0.746452093124
10	0	3.63848209381
10	1	0.946196079254
10	1	0.479557991028
10	1	0.479546070099
10	1	0.799523830414
10	0	0.573266983032
10	1	0.892738819122
10	1	1.74565696716
10	1	0.599570989609
10	1	0.746300935745
10	0	0.400079011917
10	0	0.666611909866
10	0	5.59759712219
10	0	0.746086120605
10	1	0.506217002869
10	0	0.559532880783
10	1	0.572839975357
10	1	0.679446935654
10	0	0.8931889534
10	0	0.4266269207
10	1	6.3837761879
10	0	0.50657081604
10	0	0.613298177719
10	1	0.719511985779
10	1	0.719568967819
10	1	0.413238048553
10	1	0.386672019958
10	1	0.413307189941
10	1	7.8226749897
10	1	0.532847881317
10	0	0.772878170013
10	0	0.452970981598
10	1	0.746224164963
10	1	0.679956912994
10	1	0.426754951477
10	1	8.23596096039
10	0	0.866626977921
10	1	0.586436986923
10	1	7.84927392006
10	1	1.01274609566
10	1	0.652894020081
10	1	0.506189823151
10	1	8.60881590843
10	1	0.519471883774
10	0	0.572907924652
10	1	0.772849082947
10	1	0.959470033646
10	0	0.626096010208
10	1	0.79944896698
10	1	0.706423997879
10	1	0.453336954117
10	0	0.932817220688
10	0	0.519459962845
10	0	0.892779827118
10	1	0.706607818604
10	1	0.626797199249
10	1	0.812837123871
10	0	7.60943984985
10	1	1.10611701012
10	0	0.666387081146
10	1	0.559495925903
10	0	0.839479923248
10	1	0.732792139053
10	0	0.852816104889
10	1	0.74617600441
10	1	0.559538841248
10	0	0.466165065765
10	0	0.519487857819
10	0	0.559591054916
10	1	0.626158952713
9	1	0.626163005829
9	0	0.652799129486
9	1	0.573094129562
9	1	0.519947767258
9	1	0.573393106461
9	1	0.546712875366
9	1	0.559996128082
9	1	0.320070028305
9	0	6.78370285034
9	1	0.626270055771
9	1	0.679533958435
9	1	0.55954003334
9	1	0.519512891769
9	1	0.612882852554
9	1	0.506236076355
9	1	0.506234884262
9	1	1.30589079857
9	1	0.69287610054
9	1	0.63978600502
9	0	3.95806694031
9	1	0.532785892487
9	1	0.49284696579
9	1	0.439503192902
9	1	0.466265201569
9	1	7.50257086754
9	0	0.719471931458
9	1	0.719526052475
9	1	0.746524095535
9	0	0.719721078873
9	1	0.839504003525
9	1	0.999478816986
9	1	1.4929049015
9	0	0.519998073578
9	1	0.919449806213
9	1	0.78621006012
9	0	4.70468497276
9	1	1.19948792458
9	1	0.759932041168
9	1	0.60001206398
9	1	5.2775220871
9	0	7.24989795685
9	1	0.572932004929
9	0	0.893221139908
9	1	0.639450073242
9	1	0.626186132431
9	1	0.572870016098
9	1	0.692847967148
9	0	0.53301692009
9	0	4.26463699341
9	0	2.27851390839
9	1	0.612883090973
9	1	0.67949795723
9	1	1.06602191925
9	0	0.599458932877
9	0	0.346645832062
9	1	5.45090103149
9	1	1.07947778702
9	1	0.693076133728
9	1	0.626778841019
9	1	5.67728185654
9	1	0.692787885666
9	0	3.67803812027
9	1	0.586091995239
9	1	0.612946987152
9	1	0.853198051453
9	1	0.906125068665
9	0	1.17245197296
9	1	0.572854995728
9	1	0.906182050705
9	1	0.759524106979
9	1	0.893079042435
9	1	0.613107919693
9	1	0.866246938705
9	0	1.94560289383
9	1	1.03959608078
9	1	0.666125059128
9	1	0.79993391037
9	0	0.546633005142
9	1	0.546556949615
9	1	6.84983205795
9	0	1.14607596397
9	1	0.626162052155
9	1	0.732764005661
9	0	0.706214904785
9	1	1.38623213768
9	1	0.786301136017
9	0	6.70354795456
9	1	0.572921991348
9	1	0.719547986984
9	1	0.49279999733
9	1	0.439455032349
9	1	0.786051988602
9	0	2.21215581894
9	1	0.452851057053
9	1	0.892841815948
9	1	0.613384008408
9	1	0.626672029495
9	0	0.71950006485
9	1	0.572793006897
9	0	0.919405937195
21	1	1.69286489487
21	1	1.42622685432
22	1	0.666239976883
22	1	0.759526968002
21	1	0.679537057877
22	1	0.639815092087
21	1	0.786612033844
21	1	0.799523115158
21	0	0.63952088356
21	1	0.866176843643
21	1	0.573308944702
22	0	0.852802991867
21	1	1.11951398849
21	0	1.17280006409
21	1	0.599843025208
22	1	0.613441944122
21	0	0.586693048477
21	0	0.666402816772
22	1	0.866091012955
22	0	0.586258888245
21	1	1.02609014511
22	0	0.839514970779
22	1	0.706202983856
21	0	0.559922933578
21	0	0.479967832565
21	0	0.613275051117
21	1	0.866232156754
22	1	0.626214027405
22	1	0.586150169373
21	1	0.626163959503
21	1	0.533100128174
21	0	0.639868974686
21	1	0.640053987503
22	0	0.480000972748
21	1	0.653386116028
21	1	0.573019981384
21	1	0.692833900452
22	1	0.572890996933
22	0	0.706172943115
22	1	0.493224859238
21	1	0.546583890915
21	0	1.18616294861
22	0	0.732830047607
22	1	0.746581077576
22	1	2.17233514786
21	1	0.492866039276
21	1	0.75958108902
22	1	0.613370895386
21	1	0.786118984222
22	0	0.492853879929
22	1	0.666121006012
21	1	0.772836923599
22	0	0.426645040512
21	1	0.546492099762
22	1	0.480005979538
22	1	0.599900007248
22	1	0.506721973419
21	1	0.466746091843
22	1	0.586663961411
21	1	0.719825029373
22	1	0.386658906937
22	1	1.95896887779
21	1	0.79948592186
21	1	0.706671953201
21	1	0.6264128685
21	0	2.19903707504
22	1	0.64005112648
22	0	0.719514131546
22	1	0.932865858078
22	1	3.79825901985
21	1	0.972862958908
21	1	0.69284081459
21	1	0.532999038696
21	1	0.493214130402
22	1	0.653208971024
21	1	0.573339939117
22	1	0.613357067108
21	0	0.533293008804
22	1	0.546481132507
21	0	0.826160907745
21	0	1.43908905983
22	1	0.612898111343
21	1	0.866239070892
21	0	0.826169013977
21	1	1.57227993011
22	1	0.83949804306
21	0	0.719886064529
22	1	1.3061978817
22	0	1.2795279026
22	1	0.692852973938
21	1	0.853316068649
21	1	1.21282410622
21	1	0.666674852371
21	1	1.06611394882
21	1	0.679521083832
21	0	1.50615096092
22	0	0.679983139038
21	0	0.546596050262
21	1	0.639938116074
22	1	1.30610704422
21	1	0.799498081207
22	1	1.41266393661
22	1	0.786223888397
21	1	1.03958296776
21	0	1.18617892265
22	0	0.639919996262
21	1	1.15945601463
21	1	0.706276893616
22	1	0.773308992386
21	1	1.18612599373
22	0	0.759840011597
21	1	0.932856082916
21	1	2.10574102402
22	1	0.573343038559
22	1	2.21228122711
21	1	0.746570825577
22	1	0.786180973053
21	0	1.38568305969
22	1	0.799520969391
22	0	6.03696298599
22	1	1.01285195351
22	1	1.1592040062
21	1	1.19951510429
22	1	1.01284098625
24	1	0.932817935944
24	1	0.612831115723
23	1	0.479654788971
24	1	0.439635038376
23	1	0.439563989639
24	1	0.412828922272
23	1	0.412801980972
23	1	0.799520015717
24	1	0.466450214386
24	1	0.47976398468
23	1	0.559587001801
24	1	0.533313989639
23	0	0.906406879425
23	1	0.639481782913
23	1	0.786218881607
23	1	0.786230802536
23	1	0.81293797493
23	1	0.479631185532
23	1	0.652830839157
23	0	0.706171989441
24	1	0.572833061218
23	1	0.653122901917
23	1	1.03958106041
23	1	1.37226295471
24	1	1.45238494873
24	1	0.772765159607
23	0	1.30563902855
24	1	0.866227865219
23	1	0.573152065277
23	1	0.653402090073
23	1	0.719888210297
23	1	2.81184196472
24	1	0.759554862976
24	1	0.999470949173
23	1	0.612798929214
24	1	0.586237192154
23	1	0.612732172012
24	1	0.612850904465
24	1	0.666525125504
24	1	0.773208856583
23	0	0.62615609169
23	1	0.559572935104
23	1	0.599483013153
24	1	0.586064815521
23	0	0.959490060806
23	1	1.25286889076
24	1	3.15846419334
24	1	0.692799091339
23	0	1.38583397865
23	0	0.519470930099
23	1	0.626178979874
23	1	0.626446962357
24	1	0.760006904602
24	1	0.85275888443
23	1	0.58610701561
24	1	0.946216106415
24	1	6.37041807175
23	1	0.799693107605
23	1	0.519634962082
23	1	0.706113815308
24	1	0.479526042938
24	0	0.586042881012
24	1	0.679478883743
23	1	1.17266511917
24	1	5.15757012367
24	1	4.3714120388
24	1	0.746452093124
23	1	0.666120052338
24	0	1.23953604698
23	0	0.679574012756
23	1	0.706137180328
24	1	0.626053094864
23	1	0.812952041626
24	1	0.812901973724
23	0	1.05281281471
24	1	0.839684009552
23	0	0.772861003876
24	1	0.692728042603
24	1	0.73295712471
24	1	0.680003881454
24	1	0.679507017136
23	1	1.41255521774
23	1	0.639601945877
23	0	0.90608215332
24	1	0.693254947662
24	0	0.946264982224
23	1	1.3189740181
24	1	0.972855091095
24	1	1.09276795387
24	1	0.599471092224
23	1	0.61289691925
24	0	0.839415788651
24	1	0.61340713501
23	1	1.1061630249
24	1	0.639524936676
24	1	0.479974985123
23	0	0.586723089218
23	1	0.639991044998
24	0	0.879511117935
24	1	0.772757053375
23	1	0.666216135025
24	1	0.466671943665
23	0	0.799948215485
24	1	0.612823009491
23	1	0.772827148438
23	1	0.626173019409
24	1	0.786370992661
23	0	1.03951787949
23	0	1.26570105553
24	1	0.986109972
23	1	0.853368997574
24	1	0.466729879379
23	0	0.413347005844
24	0	0.439941167831
24	0	4.59801411629
24	0	0.932784080505
23	1	0.599514007568
24	1	0.892908096313
23	1	0.493355035782
24	0	0.453445911407
24	1	0.599974870682
23	1	0.692831993103
23	0	0.559489011765
17	1	0.879498004913
17	1	0.46610212326
17	1	0.439487934113
17	1	0.50615811348
17	1	0.399463891983
17	1	0.546264886856
17	1	0.519495010376
17	1	0.852890968323
17	1	0.706629991531
17	1	0.613092184067
17	1	0.786144971848
17	1	0.586201906204
17	1	1.05280399323
17	1	2.50555706024
17	1	0.852813005447
17	0	0.692785024643
17	1	0.813194990158
17	1	0.453257083893
17	1	0.426661014557
17	1	0.640021085739
17	1	2.02554988861
17	1	0.839478969574
17	1	1.23947191238
17	0	0.706475019455
17	0	1.10608100891
17	1	0.639522075653
17	1	0.746347904205
17	1	0.706660032272
17	1	0.786092996597
17	1	1.11949300766
17	0	3.02522802353
17	0	0.732804059982
17	1	0.746577978134
17	1	0.679515838623
17	1	2.86518311501
17	1	0.866389989853
17	0	1.10610508919
17	1	0.612835168839
17	1	0.560012102127
17	0	0.533468008041
17	0	0.520053863525
17	1	0.733394861221
17	1	1.2528898716
17	1	1.1995370388
17	1	1.98568987846
17	1	3.82464385033
17	0	0.986096858978
17	1	1.1328291893
17	0	1.85224986076
17	1	1.07955408096
17	1	0.559587001801
17	0	0.506204128265
17	1	0.626192092896
17	1	0.599860906601
17	1	0.826560974121
17	0	1.73228311539
17	1	4.22467207909
17	1	0.719552993774
17	0	0.359537124634
17	0	0.426525115967
17	1	0.546271800995
17	1	0.826205968857
17	0	6.74312114716
17	1	0.61332321167
17	0	0.746387958527
17	0	0.586111068726
17	1	0.572968006134
17	0	0.43944978714
17	1	0.466197013855
17	1	0.746155023575
17	0	3.3179628849
17	0	0.759449958801
17	1	0.786198139191
17	1	5.02409005165
17	1	0.652826070786
17	1	2.61179709435
17	1	5.3973929882
17	0	0.892868041992
17	1	0.772845983505
17	1	0.612825870514
17	0	0.439440965652
17	1	0.519511938095
17	1	0.479430198669
17	1	0.69287610054
17	0	3.4514708519
17	1	0.506221055984
17	1	0.479497909546
17	0	0.346122980118
17	1	0.572766065598
17	1	0.386106967926
17	1	0.652876853943
17	0	3.55800509453
17	0	0.4527759552
17	1	0.399485111237
17	1	3.43798208237
17	1	0.426489114761
17	1	0.466548204422
17	1	0.386649131775
17	1	2.13225913048
17	0	2.73187017441
17	1	4.17127394676
17	1	0.866099119186
17	1	0.559504985809
17	0	0.372822999954
17	0	0.492908000946
17	1	0.479485034943
20	1	0.799866914749
20	1	0.639579057693
20	1	0.586160898209
20	1	0.626204013824
20	1	1.19907593727
20	0	1.5457379818
20	1	1.25277519226
20	1	1.37295389175
20	1	0.772979021072
20	1	1.1462328434
20	0	0.839674949646
20	1	0.612900972366
20	1	0.866197824478
20	1	1.06596279144
20	0	3.38496184349
20	1	0.759501218796
20	1	0.559498071671
20	0	0.586177825928
20	0	0.479498147964
20	1	0.559548854828
20	0	0.626321792603
20	1	0.959474086761
20	1	1.0128660202
20	1	0.506654024124
20	1	0.719972133636
20	1	0.786174058914
20	1	0.666155815125
20	0	0.786190986633
20	0	0.893175125122
20	1	0.786145925522
20	1	0.946188926697
20	1	0.999493122101
20	1	1.33231902122
20	1	0.77283000946
20	1	3.06512308121
20	1	0.946143865585
20	0	0.799464941025
20	1	0.693341970444
20	0	0.639570951462
20	1	0.852751970291
20	1	0.70611000061
20	0	0.893051147461
20	1	0.746169090271
20	1	0.746180057526
20	1	0.719921827316
20	1	0.83944106102
20	1	0.866153001785
20	1	0.599594116211
20	1	1.11951112747
20	1	2.73185300827
20	1	5.02404808998
20	1	0.746239900589
20	1	4.49084997177
20	1	0.732882976532
20	0	3.65154290199
20	1	0.60006403923
20	1	0.959538936615
20	0	0.51953792572
20	0	0.466248035431
20	0	0.759407043457
20	0	0.679733991623
20	0	1.03953790665
20	1	0.626147031784
20	1	0.559518098831
20	0	0.919545173645
20	1	0.533336877823
20	1	0.61314702034
20	0	0.812982082367
20	0	0.692823886871
20	0	1.45274806023
20	1	0.653110980988
20	1	1.02615213394
20	0	0.679576873779
20	1	0.492874145508
20	1	0.906177997589
20	1	0.573275089264
20	1	0.506639957428
20	1	0.586565971375
20	1	0.612909078598
20	1	0.852860927582
20	1	0.839538097382
20	1	0.906141042709
20	1	0.586225032806
20	0	0.492718935013
20	0	4.14467406273
20	1	0.746249914169
20	1	0.706154108047
20	1	1.07926392555
20	0	1.8256111145
20	0	0.519439935684
20	1	0.586143016815
20	1	0.532823801041
20	1	0.812995910645
20	1	3.65167999268
20	1	0.959483146667
20	0	0.572929859161
20	1	7.11637115479
20	0	0.812845945358
20	0	0.772957086563
20	1	0.546653032303
20	1	0.573436975479
20	1	0.546720981598
20	1	0.812829017639
20	1	0.679558038712
20	1	0.772866010666
20	1	0.773129940033
20	0	0.839411020279
20	1	0.67950296402
20	1	0.653253078461
20	0	0.773191928864
20	1	0.706151008606
20	0	0.719398021698
20	1	0.639482975006
20	0	0.893225193024
20	0	0.732820034027
20	1	0.932968854904
20	1	0.626617193222
22	1	1.45283389091
22	1	0.972877025604
22	1	1.07926106453
22	0	0.879513978958
22	1	0.626096010208
22	0	0.666447877884
22	0	0.57341003418
22	1	0.586774110794
21	1	0.586603164673
21	1	0.493194103241
22	1	0.533072948456
22	1	0.572731018066
21	1	0.612833976746
21	0	0.639588117599
21	1	0.532904863358
21	1	0.666208982468
22	1	0.906507968903
21	0	0.612818002701
21	0	0.639491796494
22	1	0.506117105484
22	1	0.532775878906
21	1	0.959465026855
21	1	0.772979974747
21	1	0.626152992249
22	1	0.626184940338
21	1	0.679507017136
21	0	0.879779100418
22	1	0.560031890869
22	0	0.679503917694
21	1	0.812926054001
21	1	0.87952208519
21	1	0.613209962845
22	1	0.786065101624
21	1	0.612907886505
22	0	0.732862949371
22	0	0.706677913666
21	0	0.906243085861
22	1	0.599514007568
21	1	0.626137018204
21	1	0.626291036606
22	1	0.666678905487
21	1	0.71977686882
21	1	0.599509000778
22	1	1.34599089622
21	0	0.906189203262
21	1	3.71803689003
21	0	1.85277700424
21	0	2.31901812553
22	0	3.05179786682
21	1	0.77273106575
21	1	0.839823961258
22	1	0.799487113953
22	1	0.652816057205
22	1	0.63955616951
22	1	0.42670083046
22	1	0.519791126251
22	1	0.493273973465
21	1	0.573306083679
22	0	1.9855401516
22	1	0.439433097839
21	0	0.786145925522
22	0	1.01286196709
21	1	0.586569070816
22	1	0.49328994751
22	1	0.493281126022
22	1	0.599500894547
21	0	0.759497880936
22	1	0.692874908447
22	1	0.613363981247
21	0	0.959530830383
21	1	0.719580173492
22	1	0.572835922241
21	0	0.719651937485
22	1	0.466686010361
22	1	0.639999866486
22	1	0.653219938278
21	1	0.306709051132
21	0	3.26518082619
21	0	1.34619307518
22	1	0.75953412056
21	1	0.533433914185
22	1	1.03957080841
22	1	0.679502010345
22	1	0.559509992599
21	0	0.706443071365
21	0	0.479978084564
22	1	3.19857311249
21	1	1.14572405815
22	1	2.38562607765
21	1	4.22471284866
21	1	0.679972887039
22	1	0.879534959793
22	0	3.94462895393
22	1	0.573330879211
21	1	6.14361596107
22	0	0.546271085739
22	1	0.9198179245
22	1	0.69276714325
22	1	0.839560985565
22	1	0.626214981079
22	1	0.719921112061
22	1	0.692956924438
21	0	0.906121015549
22	0	0.452967882156
22	1	1.35905599594
22	1	0.586112976074
21	1	0.85274720192
22	0	4.43806791306
21	1	2.1722548008
22	0	4.3575258255
22	1	0.639401197433
22	0	0.599474191666
21	0	0.652921915054
22	0	0.613383054733
22	1	0.706499814987
21	0	0.706213951111
22	1	1.18620014191
22	1	0.932718038559
18	0	1.14625883102
18	1	0.852859973907
18	1	0.519433021545
18	1	0.666164875031
18	1	0.506129980087
18	1	0.532980203629
18	1	0.573038101196
18	1	0.906571865082
18	1	0.759509086609
18	0	0.826266050339
18	1	0.586684942245
18	1	0.573290109634
18	1	0.533322811127
18	1	0.66649389267
18	1	0.959444046021
18	1	0.706112146378
18	1	3.49191713333
18	0	1.47951197624
18	1	2.97184085846
18	0	3.29179620743
18	1	0.906027078629
18	1	0.786154985428
18	1	0.959546089172
18	0	1.26621413231
18	0	0.839471817017
18	0	0.812786102295
18	1	1.73272299767
18	1	0.826126813889
18	1	0.826156139374
18	1	0.986133098602
18	1	1.46622204781
18	1	0.85293006897
18	1	0.82616686821
18	1	1.82609009743
18	0	4.55778694153
18	0	0.986069202423
18	0	1.95914316177
18	1	0.892822980881
18	1	0.79944396019
18	0	0.746678113937
18	1	0.986185073853
18	1	1.13243889809
18	1	0.95956993103
18	0	1.38593697548
18	0	2.67845702171
18	1	0.706629991531
18	1	1.01277017593
18	1	0.892857074738
18	1	0.653297901154
18	0	1.15953707695
18	0	5.42409610748
18	1	0.666491985321
18	0	3.67850112915
18	1	0.692851066589
18	1	1.31943106651
18	1	0.626343011856
18	1	0.719452857971
18	1	4.984126091
18	1	6.01027488708
18	1	2.21222114563
18	1	2.69176101685
18	1	2.07899284363
18	1	3.37176394463
18	0	5.91707992554
18	1	0.946166992188
18	1	0.773167133331
18	1	0.653210878372
18	1	0.55961894989
18	0	0.386614084244
18	1	0.786071062088
18	1	0.532777070999
18	1	0.559484958649
18	0	4.61074709892
18	1	1.8523440361
18	1	5.54407405853
18	1	0.479928016663
18	0	0.7327709198
18	1	1.85230898857
18	0	0.39959692955
18	0	1.22568798065
18	1	0.546085119247
18	0	0.932761192322
18	1	0.653310060501
18	0	0.533263921738
18	1	6.75665020943
18	0	1.62558698654
18	1	2.01227903366
18	0	0.879483938217
18	0	0.612756967545
18	0	0.386124849319
18	1	0.892795085907
18	1	0.826424837112
18	0	1.15956401825
18	1	0.573101043701
18	1	0.972878932953
18	1	0.999423980713
18	1	0.733236074448
18	1	0.653129816055
18	0	0.732814073563
18	0	0.61279296875
18	0	0.626065015793
18	1	0.612917900085
19	1	0.612838983536
19	0	1.02613997459
19	0	0.732883214951
19	1	0.772863864899
19	1	0.599884986877
19	1	0.640003919601
19	1	0.706477165222
19	0	0.692827939987
19	1	0.746190071106
19	0	0.692924976349
19	1	0.559979915619
19	1	0.613323926926
19	1	0.74623799324
19	1	0.492779970169
19	1	0.866230010986
19	1	0.612902879715
19	1	1.19954919815
19	0	0.692826986313
19	1	0.879812002182
19	1	0.55989408493
19	1	0.559725999832
19	1	0.679483175278
19	1	0.452847003937
19	1	0.346424818039
19	1	0.799512863159
19	0	1.10613703728
19	0	1.29289102554
19	0	0.453323841095
19	1	0.49330997467
19	1	0.600067138672
19	0	0.279972076416
19	1	0.306622982025
19	1	0.332797050476
19	1	0.506126880646
19	1	0.612860918045
19	1	0.559503078461
19	1	0.46630191803
19	1	0.492936134338
19	0	0.412874937057
19	1	0.519554138184
19	1	0.626151800156
19	0	0.426388978958
19	1	0.692816972733
19	1	0.506652116776
19	1	0.58669090271
19	1	0.999546051025
19	1	0.586182117462
19	1	0.812922954559
19	0	0.62671995163
19	0	0.759561061859
19	1	0.612827062607
19	0	0.746118783951
19	1	0.559567928314
19	1	0.70649600029
19	1	0.479996919632
19	0	3.21190810204
19	1	0.412822008133
19	0	4.69088602066
19	1	0.413233995438
19	0	0.479598999023
19	0	0.932946205139
19	1	0.986186027527
19	1	0.799492120743
19	1	0.733355045319
19	0	0.932890892029
19	1	0.852771043777
19	1	1.33285593987
19	1	0.866657972336
19	0	0.839529037476
19	1	0.94620513916
19	1	1.29290103912
19	0	6.09030890465
19	1	8.55554389954
19	1	0.492785930634
19	0	0.906209945679
19	1	0.640007972717
19	0	3.65183901787
19	1	1.42616009712
19	1	0.959499835968
19	1	1.06624007225
19	1	0.746207952499
19	1	0.93287396431
19	1	0.773284912109
19	0	0.839512109756
19	0	0.719454050064
19	1	0.612954139709
19	1	0.733319997787
19	1	0.546750068665
19	1	0.78625202179
19	0	0.719507932663
19	1	0.546616077423
19	1	0.386605978012
19	1	0.586600065231
19	0	0.346680879593
19	1	0.653084039688
19	1	0.386683940887
19	1	4.2645919323
19	0	6.20996689796
19	1	0.812782049179
19	1	0.506260156631
19	0	0.732897996902
19	0	0.813364982605
19	1	0.652813911438
19	1	0.719404935837
19	1	0.652815103531
19	1	2.09203290939
19	0	0.666212081909
19	1	0.666133880615
19	1	0.999532938004
19	1	0.506660938263
19	0	0.55975317955
19	1	0.626121044159
24	0	2.37243199348
24	1	1.67956590652
23	0	0.639936923981
24	1	0.652815103531
24	0	0.732908964157
23	1	0.639524936676
24	1	0.546592950821
23	0	0.773222923279
24	1	0.652984142303
24	0	0.759528875351
23	1	0.852878093719
23	1	0.586684942245
23	0	0.799664974213
24	1	0.612919092178
24	1	0.70615696907
24	0	1.05280208588
23	1	0.799474954605
23	1	1.05289912224
24	0	3.26517295837
24	0	0.853369951248
24	1	0.75951218605
23	1	0.892863988876
23	1	0.653351068497
23	1	0.892921209335
24	0	2.89183306694
24	1	1.31947112083
24	1	1.37232518196
24	1	1.02622294426
23	0	9.47551393509
23	1	0.546706914902
24	0	9.04887604713
24	1	0.879523038864
24	1	0.693078994751
24	1	0.666254997253
24	1	0.906173944473
23	1	0.640074968338
23	1	0.493410825729
23	0	0.493407011032
23	0	0.812935113907
24	1	0.719473838806
24	1	0.532830953598
24	1	0.586155891418
24	1	0.599499940872
23	1	0.813094854355
24	1	0.692893981934
24	1	0.786270856857
24	0	0.706185817719
23	0	0.613171815872
23	1	0.999403953552
23	0	0.746177911758
24	0	0.71947312355
23	1	0.613448143005
24	1	0.653326034546
23	0	0.759497880936
24	1	0.906177043915
23	1	0.879862070084
24	1	0.98620891571
23	1	1.19917392731
24	1	0.732880115509
24	1	0.852832078934
24	1	0.906139135361
24	1	3.78466391563
23	0	0.732996940613
23	0	0.666652917862
24	0	3.07851696014
23	0	0.919680833817
23	1	0.706098079681
23	1	0.67943406105
23	1	0.612909793854
23	0	0.692956924438
23	1	0.853265047073
23	1	0.786171913147
24	0	3.05182695389
23	1	0.613122940063
23	1	0.719566106796
23	1	0.692804098129
23	1	1.61236596107
23	0	4.55779504776
24	1	0.666756868362
23	0	0.77296090126
23	0	4.61084485054
24	1	0.7595911026
23	0	0.626171112061
24	0	0.693338871002
23	0	0.773012161255
23	1	0.786165952682
24	1	0.759545087814
24	1	0.853339910507
23	1	0.772794961929
24	1	0.626157999039
23	1	0.919528961182
24	0	1.25296807289
23	0	3.94487190247
24	1	1.18610596657
24	0	0.58673620224
24	1	3.86476206779
24	1	0.732815980911
24	0	0.519463062286
23	1	6.01027798653
23	1	0.732797145844
23	1	0.652875900269
23	1	0.652890920639
23	0	0.719902038574
23	0	0.600087165833
23	1	0.666275978088
23	1	0.772881031036
24	1	0.599419116974
24	1	0.572827100754
23	1	0.613065004349
