6	1	6.66610002518
6	1	1.34616708755
6	0	1.21294903755
5	1	1.29290294647
6	0	3.53382301331
5	1	3.27885007858
5	1	3.95851016045
6	1	3.33381795883
6	1	1.99923801422
6	1	0.932953834534
6	1	1.75939393044
6	1	1.59940719604
6	1	2.1859498024
6	0	3.77195000648
5	1	1.57277011871
5	1	2.79905486107
5	1	1.93257713318
6	1	1.55955195427
6	1	3.86531090736
5	0	2.51917386055
5	1	1.46614408493
5	1	2.63896179199
5	1	2.33253908157
6	1	1.59948182106
6	1	1.77271008492
6	0	1.86591386795
6	1	2.27927803993
6	1	3.29216909409
6	1	1.89266204834
6	1	2.37262606621
5	1	3.22560095787
5	1	2.53245997429
6	1	2.62573099136
6	1	0.933022022247
6	1	0.906415939331
5	1	5.79975509644
5	1	0.893023014069
6	1	0.881415128708
6	0	1.95937800407
5	0	1.66605496407
5	1	1.42626094818
5	1	2.7991039753
5	1	2.53244709969
6	1	1.39949607849
5	1	0.988099098206
6	1	1.65272903442
5	1	1.63937997818
6	0	1.07970285416
5	1	0.879633903503
6	1	1.66778898239
6	1	1.75943589211
6	1	1.65273094177
5	1	1.30623412132
5	0	1.51958084106
6	1	1.37282991409
6	1	1.35948204994
6	1	1.28128409386
5	0	1.58601498604
6	1	1.41285705566
6	1	2.15915298462
5	0	1.05297589302
5	1	0.972974061966
6	1	1.59948611259
5	1	1.49280285835
5	1	0.972936868668
6	1	1.97440886497
5	1	2.05261301994
5	1	2.08109712601
6	1	1.07971096039
5	1	2.15929794312
6	1	5.75800204277
6	1	0.893043041229
5	1	3.49217891693
5	1	2.0393819809
6	1	1.79945516586
6	1	0.746456861496
5	0	0.746402978897
5	0	1.10617518425
5	1	1.31951618195
5	1	2.05266690254
5	0	3.93207502365
6	1	0.841486930847
6	1	1.58612084389
5	1	3.22545099258
8	1	1.346159935
8	1	0.748078107834
8	0	4.91997718811
8	1	1.59940004349
7	1	1.63945603371
7	0	1.59946799278
8	1	1.10807514191
7	0	2.95898294449
8	1	2.29424881935
7	1	1.50609111786
8	0	2.87902188301
8	0	2.13259315491
7	1	6.51778697968
7	1	2.58581781387
7	1	2.42584085464
7	1	3.07897996902
8	1	1.19966697693
8	0	3.01231217384
7	1	1.41289901733
7	0	2.0926220417
8	0	3.9853219986
7	1	2.38584184647
7	1	1.21482014656
7	1	1.43957304955
7	0	1.7060148716
7	1	1.37287592888
7	1	1.586135149
8	1	1.07958698273
8	1	0.75972700119
7	1	1.66609501839
7	1	0.719703912735
8	0	1.1996049881
8	1	1.97262883186
7	1	1.6127781868
7	1	1.34618282318
7	1	1.10620498657
8	0	3.34546017647
7	1	1.66605305672
8	1	0.814644098282
8	0	1.27955794334
7	1	0.586418867111
8	0	2.21253609657
8	1	0.719789028168
7	1	0.773005962372
7	1	1.98608803749
7	1	0.759714841843
8	1	0.706408023834
7	1	0.75975394249
7	1	1.37280893326
8	1	1.26631116867
8	1	0.761435985565
8	1	2.88074111938
7	1	4.71828699112
7	1	0.932945013046
7	1	1.4928150177
7	1	0.90633392334
7	1	1.50621509552
8	1	1.69272494316
7	1	2.72090697289
8	1	2.52081298828
7	1	1.18626284599
7	1	1.53278207779
7	1	3.89195895195
7	1	0.879683971405
7	1	2.01263284683
8	1	0.919747114182
8	1	2.49244904518
8	1	2.69233083725
8	0	2.47914505005
7	1	0.786352872849
7	0	0.626493930817
8	1	0.85303902626
7	1	0.639780044556
8	0	0.788147926331
8	1	0.613095998764
7	0	1.15960407257
8	1	0.679694890976
7	1	1.15965080261
8	1	1.43942689896
7	0	5.91799092293
8	1	0.946301221848
8	1	1.55952596664
7	1	1.54786109924
7	1	1.30619192123
8	1	1.63943099976
7	1	3.39893507957
7	1	0.746425151825
8	1	0.732977867126
7	0	2.07929515839
8	1	3.87862896919
8	1	0.786489963531
1	1	1.03964591026
1	1	0.786411046982
1	1	0.613111019135
1	1	0.826339960098
1	1	0.599704027176
1	1	0.679796218872
1	0	1.10635519028
1	1	1.15953111649
1	1	0.613125085831
1	1	0.62643289566
1	1	0.879732131958
1	1	0.586498975754
1	1	2.97228908539
1	1	0.7730717659
1	1	3.95860004425
1	1	0.679704904556
1	1	0.586381912231
1	1	0.626416921616
1	1	0.546467781067
1	1	0.573155879974
1	1	0.533165931702
1	0	3.57379984856
1	1	1.0662920475
1	1	3.71865487099
1	1	0.506550073624
1	1	0.999601125717
1	1	1.6127550602
1	1	0.773015975952
1	1	0.639752864838
1	0	2.71911287308
1	1	0.599812984467
1	1	0.786421060562
1	1	0.706487178802
1	1	0.666522979736
1	1	0.959672927856
1	1	0.693058013916
1	1	0.599826097488
1	1	0.706418991089
1	1	1.38619112968
1	1	0.546555042267
1	1	0.639755010605
1	1	0.613155841827
1	1	1.57271695137
1	1	0.613172054291
1	1	0.586501836777
1	1	0.479775905609
1	1	0.533101797104
1	1	0.58645606041
1	1	0.653138875961
1	1	1.17295694351
1	1	0.519869089127
1	1	0.733071088791
1	1	1.37288784981
1	1	0.866421937943
1	1	4.0652680397
1	1	0.746392965317
1	1	0.839741945267
1	1	0.706456899643
1	1	0.679769992828
1	1	0.639723062515
1	1	0.734796047211
1	1	0.679803133011
1	1	0.666450023651
1	1	1.77273893356
1	1	1.41276907921
1	1	0.788105010986
1	1	1.5861518383
1	1	6.22446393967
1	1	1.2262198925
1	1	0.599775075912
1	1	5.46655511856
1	1	0.599766016006
1	1	1.15961885452
1	1	2.01263904572
1	1	0.759711027145
1	1	0.693094015121
1	1	0.668169975281
1	1	0.679782152176
1	1	5.51814699173
1	1	4.4251408577
1	1	1.70608997345
1	1	0.719706058502
1	1	2.33257889748
1	1	2.2525241375
1	1	1.63937306404
1	1	2.07931494713
1	1	0.879719018936
1	1	0.706414937973
1	1	1.43953704834
1	1	0.453153848648
1	1	0.519827127457
1	1	1.17298197746
1	1	0.58651304245
1	1	0.681436061859
1	1	1.41283607483
1	1	0.586364030838
1	1	2.47918701172
1	1	2.01259088516
1	1	0.788092136383
1	1	1.39945816994
1	1	1.21285796165
1	0	0.986396789551
1	1	1.29294490814
1	1	0.586469173431
1	1	0.694845199585
1	1	0.61320400238
1	1	1.14616394043
1	1	1.02631092072
1	1	0.493200063705
8	1	3.21222114563
8	1	1.50625705719
7	1	0.573108911514
8	0	1.20132613182
8	1	0.799743175507
7	1	0.973006010056
8	1	0.54647397995
8	1	0.639845848083
8	1	0.613161802292
8	0	2.89239001274
7	1	0.53307390213
8	1	0.588157892227
7	1	0.559787988663
7	0	0.493162870407
8	0	1.03965187073
8	1	1.1195640564
7	1	2.2658970356
8	1	1.09465098381
7	1	1.29291605949
7	1	1.08143496513
8	0	0.799628973007
7	0	1.22631001472
7	1	1.4395198822
8	1	0.706447839737
7	0	4.65167784691
7	1	0.799769878387
7	1	0.693140983582
8	1	0.613157987595
7	0	1.51942300797
7	1	8.10381817818
7	1	0.601497173309
7	1	2.01267409325
7	1	0.573087930679
7	1	0.626480102539
7	0	2.19923305511
8	1	0.668140172958
8	1	0.466454029083
7	1	1.11960196495
8	1	0.481507062912
7	1	1.39948797226
8	1	0.719685077667
8	1	1.09297609329
8	1	0.653215169907
7	1	1.39960694313
7	0	0.586487054825
7	1	0.719732999802
7	1	1.79935884476
8	0	0.61316204071
8	1	0.999708890915
7	1	0.693073987961
8	1	0.693120956421
7	1	0.706463813782
8	1	0.5598320961
8	1	0.546419143677
7	1	0.453181028366
7	1	0.426541090012
7	1	2.26585412025
8	1	0.546581983566
7	1	1.14627814293
8	1	0.586475849152
8	1	0.519851922989
7	1	0.468116998672
8	1	0.5348508358
7	1	0.519763946533
7	1	0.39985704422
7	1	0.866437911987
8	1	0.493128061295
8	1	0.559808015823
7	1	0.439889192581
8	1	0.453099966049
7	1	0.413162946701
7	1	0.399866104126
8	1	0.813049077988
7	1	0.453279972076
8	1	0.519880056381
8	1	0.613168001175
7	1	0.428218841553
8	1	1.47947597504
7	1	0.573183774948
8	1	2.49248504639
7	1	0.586463928223
7	1	1.75939512253
7	1	0.679725885391
8	1	2.4408018589
8	1	1.74611401558
8	1	1.17286705971
7	1	0.533201932907
7	1	0.453153848648
7	1	0.814816951752
7	1	0.494915962219
7	1	0.79970908165
7	0	0.679818868637
7	0	1.54618811607
8	0	1.87937903404
7	1	0.799660205841
7	1	1.29289913177
7	1	0.639798879623
8	1	0.57311296463
8	1	1.09302711487
8	1	2.7723429203
8	1	0.67987203598
7	1	0.54642701149
7	1	0.546466827393
8	1	0.668040990829
7	1	1.5461730957
7	1	0.546444892883
7	1	0.974686861038
7	1	0.70640206337
7	1	2.45250988007
7	1	0.479830026627
7	1	0.479879140854
8	1	0.55979514122
7	1	0.694905042648
7	1	0.746391057968
7	1	0.588098049164
8	1	0.919693946838
8	1	0.573115110397
8	1	0.546476125717
6	1	1.51947999001
6	1	1.1995279789
5	0	1.05298280716
6	1	0.759673118591
6	1	1.22619199753
5	1	2.67907595634
5	1	3.77201294899
5	1	0.906368017197
5	1	0.906311988831
5	0	0.799741983414
6	1	1.94591498375
6	1	0.81472492218
5	1	0.746464014053
5	1	0.639771938324
5	1	0.666392087936
5	1	0.733109951019
5	1	0.534939050674
5	1	0.654787063599
6	1	0.653030872345
5	1	0.733085870743
5	1	1.62601804733
6	1	0.693004846573
6	1	0.559816122055
6	1	0.519838809967
6	1	0.49320602417
5	1	0.839705944061
6	1	0.506524801254
5	1	0.559803009033
6	1	2.14599990845
5	1	2.6923429966
5	1	1.41290402412
5	1	0.666506052017
6	0	0.679758071899
6	1	0.986378908157
6	1	0.599766016006
6	1	3.02562403679
6	1	1.48119592667
5	1	0.839757919312
5	1	1.31951594353
5	1	0.613056898117
6	1	3.35878014565
5	0	3.41216897964
5	1	1.19962906837
6	1	1.51957392693
5	1	0.948033809662
5	0	1.51948690414
6	1	2.03922891617
6	1	1.69267201424
5	0	1.38630485535
6	1	0.561513900757
5	1	0.93464589119
5	1	0.759792089462
5	1	0.626409769058
6	1	0.586398839951
5	1	0.493061065674
5	1	0.599723100662
6	1	0.706452131271
5	1	1.3461830616
6	1	1.83940982819
5	1	1.00143814087
5	1	0.63977098465
6	1	0.546479940414
6	1	0.626454114914
5	1	0.653140068054
5	1	0.733100175858
6	1	0.694782972336
6	1	1.1862578392
6	1	0.586504936218
5	1	1.29463386536
6	1	0.533191919327
5	1	0.841423988342
6	1	0.799735069275
5	1	0.519765138626
6	1	0.493213176727
5	1	0.479856014252
6	1	3.51875114441
5	1	0.586495876312
6	1	1.09291410446
5	1	1.23958182335
5	1	0.546524047852
6	1	2.23917889595
5	1	0.98634314537
5	0	2.26587104797
6	1	0.666505813599
6	1	1.02628803253
6	1	1.74616217613
6	1	0.92128610611
5	1	0.626451015472
6	1	0.533173799515
6	1	1.46785306931
6	1	0.573095083237
6	1	2.38586187363
6	1	1.66775012016
6	1	0.706419944763
6	1	0.946356058121
5	0	0.66645693779
6	1	1.54611515999
5	1	2.73413896561
5	1	0.573120832443
6	1	0.626498937607
5	1	2.89242506027
5	1	2.63905191422
6	1	1.23955011368
5	1	0.668089866638
6	1	0.573218107224
6	1	0.574835062027
5	1	0.519874095917
6	1	0.679725885391
5	1	0.853021144867
5	1	0.759729146957
6	1	0.666374921799
5	1	0.694764852524
6	1	1.69271302223
4	1	1.25281000137
4	1	0.439884185791
4	1	0.959769010544
4	1	0.719748020172
4	1	1.47956395149
4	1	0.879711151123
4	1	0.599853992462
4	1	0.519823074341
4	1	0.786442041397
4	1	3.43879079819
4	1	0.66815495491
4	1	0.506512880325
4	1	0.46645116806
4	0	1.41281700134
4	1	0.599804878235
4	1	0.733067989349
4	1	1.41447687149
4	1	0.586421012878
4	1	1.18788504601
4	1	1.69441795349
4	1	0.599796056747
4	1	3.02557206154
4	1	2.02595305443
4	1	0.799774885178
4	1	3.39878702164
4	1	0.588309049606
4	1	0.626332998276
4	1	0.679805040359
4	1	0.533113956451
4	1	0.493208169937
4	1	1.22613596916
4	1	0.573250055313
4	1	0.999689102173
4	1	0.453192949295
4	1	0.533166885376
4	1	5.51809692383
4	1	1.85440707207
4	1	1.65274310112
4	1	0.786356925964
4	1	8.74358105659
4	1	0.986331939697
4	1	0.59968495369
4	1	0.973108053207
4	1	3.51882791519
4	1	1.95933508873
4	1	0.653082132339
4	1	0.746487140656
4	0	1.46618080139
4	1	0.693073987961
4	1	2.49257493019
4	1	1.57273602486
4	1	0.733109951019
4	1	3.80049514771
4	0	3.08068394661
4	1	0.799711942673
4	1	1.15952014923
4	1	0.653057813644
4	1	0.628123998642
4	1	0.466471910477
4	1	0.63972401619
4	1	0.74644613266
4	1	0.519860982895
4	0	1.30618596077
4	1	0.534857988358
4	1	0.413180112839
4	1	0.586539983749
4	1	0.399863958359
4	1	0.401552915573
4	1	0.479846954346
4	1	0.839756011963
4	1	0.573173999786
4	1	0.493098020554
4	0	0.613101959229
4	1	0.5597178936
4	1	0.468327999115
4	1	0.586496114731
4	1	0.373258829117
4	1	1.30793881416
4	1	0.479804992676
4	1	0.693104982376
4	1	0.479820013046
4	1	0.519975185394
4	1	0.519876003265
4	0	0.373214960098
4	1	0.986256837845
4	1	1.03967308998
4	1	1.01299500465
4	1	0.506528139114
4	1	2.59912490845
4	1	0.574798107147
4	1	0.626517057419
4	0	3.7453391552
4	1	0.986269950867
4	1	0.586485147476
4	1	1.21285581589
4	1	0.586438894272
4	1	0.506543874741
4	1	0.814750909805
4	1	0.493191957474
4	1	0.506519079208
4	1	0.626437902451
4	0	0.67976808548
4	1	0.959639072418
4	1	0.533229827881
4	1	0.466470956802
4	1	1.43943405151
4	1	0.546543836594
4	1	0.48162484169
4	1	0.599786996841
4	1	0.413311004639
4	1	0.759761810303
4	1	2.25261497498
4	1	0.439908981323
4	1	0.439822912216
4	1	0.546485900879
2	1	4.03859710693
2	1	1.1329190731
2	1	0.706395864487
2	1	0.506499052048
2	1	0.3998939991
2	1	0.426589012146
2	1	0.559825897217
2	1	0.813022851944
2	0	0.426550865173
2	1	0.521689891815
2	1	0.519742012024
2	1	0.466488838196
2	1	0.506533145905
2	1	0.493064165115
2	1	0.679749965668
2	1	0.466490030289
2	1	0.38650393486
2	1	0.426510810852
2	1	0.373178958893
2	1	1.61443591118
2	1	0.639844894409
2	1	0.453216075897
2	1	1.22620511055
2	1	0.599897861481
2	1	0.493176937103
2	1	0.493129968643
2	1	2.6123290062
2	1	0.559834003448
2	1	0.573132991791
2	1	0.506479978561
2	1	0.773010015488
2	1	2.31914591789
2	1	1.26785111427
2	0	3.79875087738
2	1	1.06636500359
2	1	0.599799156189
2	1	1.26626610756
2	1	1.19956684113
2	0	1.50793004036
2	1	4.4801440239
2	1	0.679779052734
2	1	1.15966701508
2	1	0.533220052719
2	1	0.653193950653
2	1	0.999646902084
2	1	0.546487092972
2	0	2.53416395187
2	0	0.959650039673
2	1	0.61318898201
2	1	0.51984500885
2	1	0.426479101181
2	1	0.759744882584
2	1	0.466469049454
2	1	0.519794940948
2	1	1.53270602226
2	1	0.5064868927
2	1	2.65235304832
2	1	0.934846878052
2	1	2.50583600998
2	1	0.468255996704
2	1	1.85440516472
2	0	2.58578300476
2	1	0.719707012177
2	1	0.493214845657
2	1	0.626453876495
2	1	0.599740982056
2	1	0.573104143143
2	1	0.519950866699
2	1	0.388275146484
2	1	0.813087940216
2	1	0.746394872665
2	1	1.61276292801
2	1	0.77305316925
2	1	0.49322104454
2	1	1.39954686165
2	1	0.59979391098
2	1	0.493168115616
2	1	0.813093900681
2	1	0.853105783463
2	1	1.22630786896
2	1	0.506491184235
2	1	0.426563024521
2	1	0.399827957153
2	1	0.974771022797
2	1	0.573069810867
2	1	0.586547851562
2	1	0.493160009384
2	1	0.43976688385
2	1	0.666377067566
2	1	0.439904928207
2	1	0.626474142075
2	1	0.479829072952
2	1	0.453284025192
2	0	0.439850091934
2	1	0.548192977905
2	1	1.9860060215
2	0	0.493136882782
2	1	0.519788980484
2	1	0.493156909943
2	0	2.14595913887
2	1	0.666473150253
2	1	1.26620697975
2	1	0.573171854019
2	1	0.519779920578
2	1	0.439817905426
2	1	0.519763946533
2	1	0.561568975449
2	1	0.414923906326
2	1	0.506463050842
2	1	0.493100881577
2	1	0.413120985031
2	1	0.666420221329
2	1	0.38646697998
2	0	0.399922847748
2	1	1.02628612518
2	1	1.57275795937
2	1	0.719801902771
2	1	0.506460189819
2	1	1.3728260994
2	1	3.0656208992
2	1	0.999686956406
2	1	0.479887962341
2	0	0.559854030609
2	1	0.559817075729
3	1	0.799720048904
3	1	0.41318821907
3	0	0.999716043472
3	1	2.93226909637
3	1	2.4524769783
3	1	4.39842581749
3	0	2.43912291527
3	1	1.79940605164
3	1	1.90590500832
3	1	0.639830112457
3	1	0.639797210693
3	1	0.613185882568
3	1	0.479760169983
3	1	1.70600008965
3	1	0.599793195724
3	1	0.50822687149
3	1	1.25297904015
3	1	2.03920507431
3	1	0.626437902451
3	1	0.559900045395
3	1	0.506556034088
3	1	0.493208885193
3	1	0.519866943359
3	1	0.65310716629
3	1	0.506442070007
3	1	0.586452007294
3	1	0.588152885437
3	1	0.599800109863
3	1	0.428197145462
3	1	6.43774914742
3	1	0.453196048737
3	1	0.426486968994
3	1	0.613137960434
3	1	0.413140058517
3	1	1.75939798355
3	1	0.813066005707
3	1	0.59983086586
3	1	1.45289587975
3	1	0.413242101669
3	1	0.533239841461
3	1	0.466557979584
3	0	0.481580972672
3	1	0.506519079208
3	1	0.388237953186
3	1	0.466531038284
3	1	0.546411991119
3	0	0.533234834671
3	0	0.5064868927
3	1	0.506504058838
3	1	1.27959799767
3	1	0.519762992859
3	1	0.561559915543
3	0	0.559783935547
3	1	0.853002071381
3	1	0.479831933975
3	1	0.453274011612
3	1	0.586498022079
3	1	1.18620800972
3	1	1.17291998863
3	1	0.453105926514
3	1	0.559771060944
3	1	0.506461858749
3	1	0.639808177948
3	1	4.66501903534
3	0	3.86714696884
3	1	0.599795103073
3	1	0.466490983963
3	1	1.90604496002
3	1	0.559823989868
3	1	1.06634306908
3	1	0.47974896431
3	1	0.413232088089
3	1	0.399890899658
3	0	0.628331899643
3	1	1.02634191513
3	1	0.479840040207
3	1	0.481519937515
3	1	0.439872026443
3	1	1.4795050621
3	1	0.453099966049
3	1	0.439803123474
3	1	0.413181066513
3	1	0.453142881393
3	1	0.626347064972
3	1	0.466491937637
3	1	1.09294509888
3	1	1.99931001663
3	1	1.05288720131
3	1	0.773063898087
3	1	1.17289686203
3	1	0.573230981827
3	1	0.45491194725
3	1	0.4797539711
3	1	0.453104019165
3	1	0.559849023819
3	1	0.439893007278
3	1	0.426407814026
3	0	0.559846878052
3	1	0.493160963058
3	1	0.428308010101
3	1	0.78641295433
3	1	0.613133907318
3	1	0.613084077835
3	1	1.11960697174
3	1	0.839684963226
3	1	0.599802970886
3	1	1.37288999557
3	1	0.48152089119
3	1	0.51975107193
3	1	0.506458997726
3	1	0.506497859955
3	1	0.479819774628
3	1	0.521447896957
3	1	0.439893007278
3	1	0.426504850388
3	1	0.761487960815
3	1	0.439788103104
3	1	0.773020029068
3	1	0.653100967407
3	1	0.454939126968
3	1	0.479877948761
3	1	0.454866170883
3	1	0.399871110916
3	1	0.439835071564
3	1	0.413203001022
3	1	0.333249092102
16	1	2.45227098465
16	1	0.573297977448
16	1	0.533217906952
15	1	0.533214092255
15	1	4.22463202477
15	1	2.34579515457
16	0	3.41170883179
15	1	0.666123151779
15	1	3.85173916817
16	1	6.15710282326
15	1	1.97232604027
16	0	3.39825701714
16	1	1.35949397087
16	1	3.45182585716
15	1	1.62604498863
15	1	2.99850583076
15	1	1.54593610764
16	1	0.919795036316
16	1	1.33282113075
15	1	0.666507959366
15	1	0.799470186234
15	1	1.10607290268
15	0	0.706126928329
15	1	1.09293889999
15	1	2.598954916
16	0	1.73233294487
16	1	0.852882862091
16	1	1.65229415894
16	1	1.06621408463
15	0	2.43853902817
15	1	2.09231996536
16	1	1.0528318882
15	1	3.62471008301
15	1	2.23850297928
15	1	2.02573800087
15	1	0.852943897247
15	1	0.572833061218
16	1	0.59943985939
15	0	0.772880077362
15	1	1.719176054
15	1	1.7061150074
16	1	0.612788915634
15	1	1.39935994148
16	1	0.612843036652
16	1	0.439609050751
15	1	0.879519939423
16	1	1.58568096161
15	0	0.719806194305
15	1	1.27947902679
16	1	0.573141098022
15	1	0.453289985657
16	1	0.533301830292
15	1	0.533243894577
15	1	1.9056699276
15	0	1.29285907745
15	1	1.63931488991
15	1	0.586088895798
16	1	0.492865085602
15	1	1.38598799706
16	1	0.639415979385
15	0	2.65180492401
16	1	1.10616588593
15	1	2.1189160347
16	1	0.559856176376
15	1	0.546658992767
15	1	0.493322849274
16	1	0.439997911453
15	1	0.479992866516
15	1	1.01296591759
15	1	0.519507884979
15	1	1.05284905434
16	1	1.15946698189
16	1	0.572786092758
15	1	0.65282702446
16	0	0.746552944183
16	1	0.519981861115
16	1	0.493311166763
15	1	0.772838115692
16	1	0.932780981064
16	1	0.653302192688
15	1	0.533279895782
16	1	1.42611193657
15	1	0.533365011215
16	1	2.3190741539
16	1	1.09279608727
16	1	0.599563121796
16	1	0.799445152283
15	1	1.4128241539
16	1	1.4661090374
15	1	0.626463890076
15	0	4.97073197365
15	1	0.839496850967
16	1	0.639659881592
16	0	0.599968910217
15	1	1.06608510017
15	1	0.652817964554
16	1	0.532866001129
16	1	0.519757986069
15	1	0.946352005005
15	1	0.75957608223
15	1	0.492820978165
15	1	0.54612994194
16	0	0.599523067474
16	0	1.1456849575
15	1	0.866235017776
16	1	1.50567889214
16	1	0.612844944
15	1	1.70575594902
16	1	0.95957493782
15	1	0.573351860046
16	1	0.50674200058
15	1	0.506663799286
16	1	0.493405103683
16	1	0.879544019699
16	1	0.4796230793
16	1	0.626212120056
15	1	1.97227692604
16	1	0.546690940857
15	1	0.506780862808
16	1	0.466717004776
15	1	1.59941697121
16	1	0.600075960159
16	1	0.493354082108
15	1	2.02566099167
15	1	0.492841959
16	1	0.452823877335
16	0	0.959513187408
16	1	0.586560964584
16	0	0.559636831284
16	1	1.05276703835
16	1	0.639990091324
16	1	0.559986114502
16	0	0.493376970291
16	1	1.02608394623
16	1	0.692763090134
15	1	1.59942507744
15	1	0.666656017303
16	1	4.81083679199
16	1	1.58559298515
16	1	2.63851094246
16	1	0.919523954391
15	1	1.1860640049
15	0	0.799723863602
15	0	2.5057079792
15	1	2.73181796074
16	0	6.5298140049
15	0	1.71902012825
15	0	1.81236290932
16	1	0.97287607193
16	1	1.41241693497
15	0	3.18524289131
16	1	0.679988861084
16	0	1.74565219879
16	1	0.652709960938
16	1	1.55903315544
16	0	7.06303405762
15	1	1.34610700607
15	1	2.09227514267
15	1	0.746188163757
15	1	2.18567705154
15	1	0.679478883743
16	1	1.34617900848
15	1	2.5717959404
16	1	0.6930809021
15	0	1.50613594055
15	0	2.78554606438
16	1	0.666151046753
15	0	1.13281607628
15	1	1.47948479652
16	1	2.17242193222
15	1	0.61314201355
16	1	0.800045013428
16	1	1.55935788155
15	1	0.826123952866
15	1	0.559563875198
16	1	0.559545040131
15	1	0.54616189003
16	1	0.626415014267
16	1	0.653341054916
16	1	1.86583590508
15	1	0.83949804306
16	1	0.519752025604
16	1	0.559863805771
16	1	0.493359804153
16	1	0.439979076385
15	1	0.559902906418
16	1	0.773390054703
15	1	0.599766969681
15	0	0.612875938416
16	1	0.546234130859
16	1	0.43943810463
15	1	1.53238606453
16	1	0.866164922714
15	1	0.639825105667
15	1	0.733355045319
15	1	0.626200914383
15	1	0.679467916489
15	1	0.826204061508
15	1	0.533374786377
16	1	0.746627092361
15	1	1.1861770153
16	1	0.55999994278
15	1	0.546741962433
16	0	2.81218600273
16	1	0.572884082794
15	1	0.652776956558
15	1	1.18618607521
15	0	0.546455144882
16	1	1.75905013084
15	1	0.559567928314
15	1	1.62559199333
16	1	0.972860813141
15	1	0.559715986252
16	1	0.612955093384
16	1	0.946130037308
15	0	0.586684942245
16	1	0.586759090424
15	1	0.626706123352
16	1	0.613025903702
13	1	1.4922721386
13	1	0.479532003403
14	1	1.54562401772
13	1	0.799430847168
13	1	0.919826984406
13	1	1.39954805374
13	1	0.946187973022
13	1	0.959496021271
13	1	0.719640016556
14	1	0.999417066574
14	1	0.533152103424
14	1	0.999464988708
14	1	0.719573020935
14	1	0.612884044647
14	1	0.692864894867
13	1	0.480051040649
14	1	0.586662054062
14	1	0.640074968338
13	1	0.533398866653
13	1	0.520029067993
13	1	0.866252183914
14	1	0.706149816513
13	1	0.546354055405
14	1	0.986299991608
14	1	0.719457149506
13	1	1.61233496666
14	1	0.626163005829
13	1	0.546557188034
14	1	0.479968070984
13	1	0.506760120392
14	1	0.439963102341
13	1	0.559901952744
13	1	0.506706953049
14	1	0.573311805725
14	1	0.546697854996
13	1	1.69284796715
13	1	1.83898210526
13	1	1.41236686707
13	1	2.61194205284
13	1	1.1061809063
13	1	0.866153001785
14	0	3.03849101067
13	1	1.13280892372
13	1	2.15872001648
14	1	1.34591197968
13	1	0.612792015076
13	0	1.21279096603
13	1	0.732825994492
14	1	0.519496917725
13	1	0.812883138657
14	1	0.826205968857
14	1	0.519973993301
14	1	3.34515404701
14	1	0.626662015915
14	1	0.506700992584
13	1	0.479933977127
13	1	1.95902705193
13	0	1.91895604134
13	1	3.7718091011
14	1	0.559577941895
14	1	2.30576205254
13	1	0.653203010559
13	0	1.87904787064
13	1	0.706192970276
14	1	1.69288110733
14	1	0.746217012405
13	1	0.532698869705
13	0	0.826060056686
13	1	0.652843952179
14	1	1.67946696281
13	1	0.653291940689
13	1	1.42610621452
14	1	0.706263065338
14	1	0.519567966461
14	1	1.74574398994
13	0	1.22576403618
13	1	0.559467077255
14	1	0.546128988266
13	0	1.652312994
13	1	0.519464969635
13	1	3.0915749073
13	0	2.99852800369
13	1	0.559848070145
13	1	1.94579696655
14	1	0.786153078079
13	1	0.986176013947
14	1	0.506699085236
13	0	0.506713867188
13	1	0.639844894409
13	1	0.612877130508
14	1	0.546254873276
14	1	0.906187057495
14	1	0.706615924835
13	1	0.719754934311
14	1	0.759518861771
13	1	0.919559955597
14	1	0.653377056122
14	1	0.626456975937
13	1	0.506309986115
13	1	0.679535150528
14	1	0.826190948486
14	1	0.573121070862
13	1	2.35897016525
13	1	0.613079071045
13	1	0.932923078537
13	1	0.852922916412
14	1	1.10583996773
14	0	3.1985669136
14	1	0.533365011215
14	1	0.493443012238
14	1	0.706450939178
13	1	0.919419050217
13	1	1.01292705536
14	0	1.66571593285
13	1	0.892743110657
13	1	0.986238002777
14	1	0.839560031891
9	1	1.01274585724
9	1	0.506143093109
9	1	0.679550886154
9	1	0.506598949432
9	1	0.493299007416
9	1	0.560060024261
9	1	0.573309898376
9	1	0.54661488533
9	1	0.533339977264
9	1	0.480020999908
9	1	2.85177493095
9	1	0.746071100235
9	1	0.892957210541
9	1	0.480000972748
9	1	0.43999505043
9	1	0.480012893677
9	1	0.440021038055
9	1	0.573266983032
9	1	0.573240041733
9	0	0.906064987183
9	1	3.23812890053
9	1	0.652868032455
9	1	0.546149015427
9	1	0.532801866531
9	1	3.49134397507
9	1	0.546180963516
9	0	0.559501886368
9	1	0.879562139511
9	1	0.932757139206
9	1	0.719508886337
9	1	0.732964038849
9	1	1.1995370388
9	1	2.70518302917
9	1	1.02608513832
9	1	0.586198091507
9	1	0.506209850311
9	1	0.78617310524
9	1	0.53329706192
9	1	0.48001909256
9	1	1.18627214432
9	1	1.03952002525
9	1	0.56002497673
9	1	0.533411979675
9	1	0.732918024063
9	1	0.919418096542
9	1	1.38620686531
9	1	2.35873484612
9	1	0.586151838303
9	1	0.586364030838
9	1	0.719925880432
9	1	0.852843999863
9	1	0.732779979706
9	1	0.479575872421
9	1	0.652742147446
9	1	1.14588999748
9	1	0.492786884308
9	1	0.559505939484
9	1	0.586126089096
9	1	0.599490880966
9	1	3.90464305878
9	1	0.786226034164
9	1	0.959461927414
9	1	0.653304815292
9	0	2.21225500107
9	1	0.719767093658
9	1	1.97236204147
9	1	0.946136951447
9	1	0.773313999176
9	1	1.49282288551
9	1	0.612890958786
9	1	0.599536895752
9	1	1.02607297897
9	1	0.613340139389
9	1	0.812831878662
9	1	0.639495849609
9	1	0.746133089066
9	1	0.946469068527
9	1	0.532970905304
9	1	0.706177949905
9	1	1.54557514191
9	1	1.14619898796
9	1	3.62475609779
9	1	0.786128044128
9	1	0.652832984924
9	1	0.613213062286
9	1	0.573302030563
9	1	1.73259615898
9	1	2.94529294968
9	1	0.999506950378
9	1	1.1995139122
9	0	1.14611506462
9	1	0.692794084549
9	1	0.74645113945
9	1	0.546701908112
9	1	0.573369026184
9	1	4.47807502747
9	1	0.759469032288
9	0	1.07952404022
9	1	0.506622076035
9	1	0.746501207352
9	1	0.59943985939
9	1	0.639453887939
9	0	0.906196117401
9	1	0.53327703476
9	1	0.693312883377
9	1	1.5327539444
9	0	0.706272125244
9	0	0.59944319725
9	1	0.572811126709
9	1	1.37231898308
9	1	0.692776918411
9	1	0.679598093033
9	1	0.506600141525
9	1	0.480103969574
9	1	0.506608963013
9	1	0.533396959305
9	1	2.11903119087
9	1	1.67909884453
9	1	0.532988071442
9	1	0.546464920044
9	1	0.413286924362
12	1	0.586576938629
12	1	0.506577014923
12	1	1.62624907494
12	1	0.533271074295
12	1	1.19951510429
12	1	1.31948590279
12	1	1.15909600258
12	1	1.45240306854
12	1	2.23901796341
12	1	0.639862060547
12	1	0.586108922958
12	0	1.7989218235
12	1	3.05185699463
12	1	0.759496927261
12	1	0.786130905151
12	1	0.733023881912
12	0	3.83794021606
12	1	1.22617793083
12	1	3.87800598145
12	1	3.29167294502
12	1	1.21282100677
12	1	1.19948410988
12	1	0.986127138138
12	1	0.652963876724
12	1	3.09195113182
12	1	0.799875974655
12	0	1.67893195152
12	1	2.31874918938
12	1	0.852831125259
12	1	0.772852182388
12	1	0.800047874451
12	1	0.546465158463
12	1	0.892885923386
12	1	0.50620007515
12	1	1.55901098251
12	0	2.31864690781
12	1	2.39851999283
12	1	0.719532966614
12	1	0.959561109543
12	1	0.666224956512
12	1	0.82616186142
12	1	0.506167888641
12	1	1.34579110146
12	1	0.546179056168
12	1	0.519498825073
12	1	0.452893018723
12	1	0.479567050934
12	1	1.07948708534
12	1	0.679484128952
12	1	0.426307916641
12	1	0.492882013321
12	1	0.57288312912
12	1	1.07960486412
12	1	0.5067050457
12	1	0.639997005463
12	1	0.466646909714
12	1	0.519994974136
12	1	1.38620901108
12	1	1.57278084755
12	1	0.932815074921
12	1	0.639445066452
12	1	0.506184101105
12	1	0.532747983932
12	1	3.27815914154
12	1	0.43949007988
12	1	0.546274185181
12	1	0.652909040451
12	1	0.932863950729
12	1	0.533376932144
12	1	0.786230802536
12	1	0.799512863159
12	1	1.3859539032
12	1	1.47899603844
12	1	0.61291718483
12	1	0.733057975769
12	1	0.786283016205
12	1	0.49308013916
12	1	0.91951084137
12	1	0.69300198555
12	1	0.640016078949
12	0	1.54624509811
12	1	1.21275615692
12	1	0.773344039917
12	1	1.21277999878
12	1	0.559988021851
12	1	1.87918591499
12	1	0.559490919113
12	1	0.519548177719
12	1	0.506240129471
12	1	0.49289894104
12	0	0.62614107132
12	1	1.6923429966
12	1	0.559615135193
12	1	3.61168694496
12	1	0.693452119827
12	1	0.74609208107
12	1	0.639564037323
12	0	1.73239278793
12	1	0.959614038467
12	1	0.519840955734
12	1	0.972783088684
12	1	1.77238082886
12	1	1.10609388351
12	1	1.55899882317
12	1	0.972723007202
12	1	1.19947910309
12	1	2.69238901138
12	1	0.786186933517
12	1	3.71797084808
12	1	0.706139087677
12	1	1.05267810822
12	1	0.866214036942
12	1	0.986298084259
14	1	0.626113891602
13	1	0.586194038391
14	1	0.479698181152
14	1	0.626337051392
14	1	0.493340969086
13	1	0.493241071701
14	1	0.479980945587
14	1	0.520020961761
13	1	0.81337594986
13	1	0.586347103119
13	1	0.479588985443
14	1	0.466504096985
14	0	0.506398916245
13	1	0.479871988297
14	1	1.63900184631
13	1	1.05282521248
14	1	0.480082988739
13	1	0.653286933899
14	1	0.440127849579
13	1	1.97240304947
14	1	0.559582948685
14	1	0.466243982315
14	1	0.546255111694
13	1	0.42613196373
14	1	2.29186582565
13	1	0.772867918015
14	1	0.47954416275
14	0	1.31907176971
13	1	0.519481182098
14	1	1.33234882355
14	1	0.492876052856
13	1	0.466368913651
14	1	0.546079874039
14	1	0.45300412178
14	1	0.453022956848
13	1	0.466464996338
14	0	1.83892703056
14	1	0.426063776016
13	1	0.492882013321
14	1	0.39945101738
13	1	0.532784938812
13	1	0.559447050095
14	1	0.786157131195
14	1	0.426686048508
13	1	0.479778051376
14	1	0.599672079086
13	1	0.999475002289
14	1	0.626194953918
14	1	0.492810964584
13	1	0.492870092392
13	1	0.559501886368
14	1	0.532798051834
14	1	0.532811880112
14	1	0.506224155426
13	1	0.572842121124
14	1	0.506376981735
14	1	0.813004016876
13	1	0.440100908279
14	1	0.493386030197
14	1	0.493320941925
13	1	0.399927139282
14	1	0.426666975021
14	1	0.453378915787
14	1	0.466681003571
13	1	0.479931116104
14	1	0.773210048676
14	1	0.666577100754
14	1	0.440011978149
13	1	0.506603002548
13	1	0.480026006699
13	1	0.440049171448
14	1	1.15949702263
13	1	0.46648812294
13	1	0.919798135757
13	1	0.493262052536
13	1	0.426582813263
14	1	0.613257884979
13	0	0.812769174576
13	1	0.532840967178
13	0	1.06628513336
14	1	0.573173999786
13	1	0.586209058762
14	1	0.413122177124
13	1	0.453202962875
14	0	0.572952032089
13	1	0.492910146713
13	1	0.572702169418
14	1	1.10615801811
14	1	0.453425884247
13	1	0.759920120239
13	1	1.31937122345
14	1	0.546701908112
13	1	0.466666936874
14	1	1.3594930172
13	1	0.493265151978
14	1	0.493389129639
13	1	2.17231798172
13	1	0.519479990005
14	0	0.746146917343
14	1	0.866296052933
14	1	0.532863140106
14	1	0.532830953598
14	1	0.586215019226
13	1	0.61289191246
13	1	0.719417095184
14	1	0.493314981461
14	1	0.493217945099
14	1	1.47939801216
13	1	0.946376085281
14	1	0.493174791336
14	1	0.493181943893
13	1	0.959536075592
13	1	0.506094932556
14	1	0.532848834991
14	1	0.493076086044
14	1	1.17262101173
14	1	0.786222219467
14	1	0.759669065475
13	1	0.440018892288
13	1	0.546635150909
13	1	0.493362903595
13	1	0.773005008698
13	1	0.519577026367
13	1	0.626078128815
14	1	0.759479045868
14	1	0.546235084534
14	1	0.519749879837
14	1	0.493160963058
14	1	0.466453790665
13	0	0.466475009918
13	1	0.50636100769
13	1	0.706310987473
14	1	1.23942494392
14	1	0.412802934647
13	1	0.852782964706
13	1	1.61284995079
10	1	0.732779979706
10	1	1.05275988579
10	1	0.852838039398
10	1	0.546406984329
10	1	0.919806957245
10	1	0.666162014008
10	1	0.46612405777
10	1	0.506062984467
10	1	0.492869138718
10	1	0.412877082825
10	0	0.812843084335
10	1	0.746208906174
10	1	0.46661901474
10	1	0.479991197586
10	1	0.439954996109
10	1	0.506597995758
10	1	0.439924001694
10	1	1.18589496613
10	1	0.49290394783
10	1	0.839567899704
10	1	0.466591119766
10	1	1.47930979729
10	1	1.90589499474
10	1	1.02626204491
10	1	0.639447927475
10	1	0.506669998169
10	1	0.546588897705
10	1	0.600053071976
10	1	0.453320980072
10	1	0.67998290062
10	1	0.453432798386
10	1	0.666305065155
10	1	0.466396093369
10	1	0.506329059601
10	1	0.612905025482
10	1	0.532816886902
10	1	0.479511976242
10	1	0.586197853088
10	1	0.452843904495
10	1	0.452879190445
10	1	0.452865123749
10	1	0.452948093414
10	1	0.49285697937
10	1	0.519446849823
10	1	2.06562995911
10	1	1.23940300941
10	1	0.559559106827
10	1	0.466511964798
10	1	0.399724006653
10	0	0.946099042892
10	1	0.786134958267
10	1	1.57239699364
10	1	0.839521884918
10	1	0.533355951309
10	1	0.653339862823
10	1	0.706526994705
10	0	0.533022880554
10	1	0.652814865112
10	1	0.732914924622
10	1	0.492880105972
10	1	0.679533004761
10	1	0.573329925537
10	1	0.546717882156
10	1	1.02609395981
10	1	0.439522027969
10	1	0.879423141479
10	1	1.3462228775
10	1	0.546142101288
10	1	0.759806156158
10	1	0.479932069778
10	1	0.53338599205
10	1	0.706305027008
10	1	0.519566059113
10	1	0.466406106949
10	1	0.479769945145
10	1	0.466516971588
10	1	0.572860956192
10	1	0.586239099503
10	1	1.71891903877
10	1	0.692842960358
10	1	0.560010194778
10	1	0.506714820862
10	1	0.479988098145
10	1	0.426745891571
10	1	0.840028047562
10	1	0.759537935257
10	1	0.599534988403
10	1	1.22579693794
10	0	0.492969989777
10	1	0.639502048492
10	1	0.519412994385
10	1	0.439551115036
10	1	0.466172933578
10	1	0.759511947632
10	1	0.426064014435
10	1	0.53283405304
10	1	0.506249189377
10	1	1.33243608475
10	0	0.652808904648
10	1	0.546179056168
10	1	0.492865085602
10	1	0.519461154938
10	1	1.23911905289
10	1	0.506162881851
10	1	0.466150999069
10	1	0.519520998001
10	1	1.67905497551
10	0	2.61190295219
10	1	0.546543121338
10	1	0.59991812706
10	0	1.95899009705
10	1	0.586179018021
10	1	0.546184062958
10	1	0.506211996078
10	1	0.759583950043
10	1	1.55946397781
10	1	0.506705999374
10	1	0.826474905014
10	0	2.61178612709
10	1	0.439452171326
10	0	0.679573059082
10	1	0.559443950653
10	1	0.506110191345
10	1	0.492847919464
10	0	0.506194829941
10	1	1.37233996391
10	1	0.772900819778
10	1	0.493156909943
10	1	0.533077955246
10	1	0.799927949905
10	1	0.55992603302
10	1	0.519951820374
10	1	0.533153057098
11	1	0.706264019012
11	1	0.453017950058
11	1	0.479536056519
11	1	0.492870092392
11	1	0.532838106155
11	1	0.386401891708
11	1	0.452810049057
11	1	0.506078958511
11	1	0.519558191299
11	1	0.639607906342
11	1	0.533242940903
11	1	0.33335185051
11	1	0.42614197731
11	1	0.652770996094
11	1	0.519706010818
11	1	0.426527023315
11	1	0.506232976913
11	1	0.426347970963
11	1	0.49285697937
11	1	0.506161928177
11	1	0.506155967712
11	1	0.479564905167
11	1	0.479533910751
11	1	0.546149969101
11	1	0.45289516449
11	1	0.61279797554
11	1	0.439927816391
11	1	0.893091917038
11	1	1.65251994133
11	1	0.466346025467
11	1	0.519560813904
11	1	0.466354131699
11	1	0.439902067184
11	1	0.533123970032
11	1	0.466476917267
11	1	0.413329124451
11	1	0.519999027252
11	1	0.506719827652
11	1	0.612879037857
11	1	0.479583024979
11	1	0.506255149841
11	1	0.772809028625
11	1	0.506067037582
11	1	0.519506931305
11	1	0.532799005508
11	1	0.53276515007
11	0	0.559564113617
11	1	0.626578807831
11	1	0.520031929016
11	1	0.520040988922
11	1	0.506748914719
11	1	0.453334093094
11	1	0.413345098495
11	1	0.600036144257
11	1	0.573303937912
11	1	0.520003795624
11	1	0.479954957962
11	1	0.826141119003
11	1	1.55898809433
11	1	0.65292096138
11	1	0.666166067123
11	1	0.453125
11	1	1.38580513
11	1	0.492851018906
11	1	0.519469022751
11	1	0.412822961807
11	1	0.492771148682
11	1	0.479568958282
11	1	0.452896118164
11	1	0.452881097794
11	1	0.506085157394
11	1	0.466159105301
11	1	0.439518928528
11	1	0.612859010696
11	1	0.47959113121
11	1	0.426187038422
11	1	0.572783946991
11	1	0.532845973969
11	1	0.452831029892
11	1	0.399509906769
11	1	0.506281137466
11	1	0.54612493515
11	1	0.559482097626
11	1	0.826163053513
11	1	0.426666975021
11	1	1.14624285698
11	1	0.506108999252
11	1	0.532880067825
11	1	0.919528961182
11	0	1.49286198616
11	1	1.42619800568
11	1	0.493386983871
11	1	0.866280078888
11	1	0.466371059418
11	1	0.439934968948
11	1	0.54634809494
11	1	0.4532289505
11	1	0.559614896774
11	1	0.46629691124
11	0	2.93187499046
11	1	2.02546095848
11	1	0.799561023712
11	1	0.546121835709
11	1	0.532912015915
11	1	0.466170072556
11	1	0.479526042938
11	1	0.466172933578
11	0	0.306152105331
11	1	0.412750005722
11	1	0.586111068726
11	1	0.506218910217
11	1	0.466172933578
11	0	0.399681806564
11	1	1.01289606094
11	1	0.47996711731
11	1	1.09278893471
11	1	0.466250896454
11	1	0.559546947479
11	1	0.506260156631
11	1	0.559545993805
11	1	0.399518013
11	1	0.466181993484
11	1	0.466263055801
11	1	0.426177024841
11	1	0.492774009705
11	1	0.453014135361
11	1	0.559499979019
11	1	0.892968893051
11	1	0.573027849197
11	1	1.15948605537
11	1	0.452889204025
11	1	0.692860841751
11	1	1.33233308792
11	1	0.51948094368
11	1	0.479471921921
11	0	0.49289393425
11	1	0.4662129879
11	1	0.586155176163
11	1	0.506263017654
11	1	0.492905855179
11	1	0.426162004471
11	1	0.452862024307
24	1	0.799561977386
24	1	0.65337395668
23	1	2.27900695801
24	0	0.493343830109
23	1	1.21287202835
24	1	0.532968044281
23	1	0.546140909195
23	1	0.666470050812
23	1	0.546601057053
23	1	0.520018100739
23	1	1.30621004105
24	1	0.506659030914
23	1	0.519958019257
23	1	1.01290392876
24	0	0.626173019409
24	1	0.466135978699
24	1	0.466298818588
24	1	0.559480190277
24	1	0.559494018555
24	1	0.546190023422
23	1	0.532920122147
23	1	0.439528942108
23	1	0.49277305603
23	1	0.586149930954
23	1	0.479657888412
24	1	0.532947063446
24	1	0.639753103256
24	1	0.533421993256
24	1	0.533304929733
23	1	0.413411855698
23	1	0.440021038055
23	1	0.439934968948
23	1	0.506597995758
23	1	0.506711006165
23	1	0.493345022202
23	1	0.440011978149
23	1	0.426548957825
23	0	0.359574079514
23	1	1.35907006264
23	1	0.666217088699
24	0	0.50634098053
24	1	0.572894096375
23	1	0.479528188705
24	1	0.452839136124
23	1	0.532782077789
24	1	0.479476928711
23	1	0.519525051117
23	1	0.532967090607
24	1	0.49315905571
24	1	0.599695205688
23	1	0.453330039978
24	1	0.853297948837
23	1	1.38618612289
24	1	0.533418178558
23	1	0.586684942245
23	1	0.599509954453
23	1	0.586198091507
23	1	0.586092948914
24	1	0.546189069748
24	1	1.13287615776
23	1	0.453402042389
24	1	0.519987106323
23	1	1.29293179512
24	1	0.986127138138
23	1	0.51953792572
23	0	0.519513845444
24	1	0.399476051331
24	1	0.559530973434
23	1	0.599524021149
23	1	0.546169996262
24	1	0.452838897705
24	1	0.50615811348
23	1	0.479485988617
23	1	0.492882966995
23	1	0.452824115753
23	1	0.492906093597
23	1	0.506166934967
24	1	1.78564500809
23	1	0.519994974136
24	1	0.413282155991
24	1	0.493433952332
23	1	0.73335313797
23	1	1.05283093452
23	1	0.479567050934
23	1	1.62573504448
23	1	3.1848950386
24	1	1.42565488815
24	1	0.492820978165
24	1	2.58515000343
24	1	1.39897084236
23	1	2.1458029747
24	1	1.03947091103
24	1	0.972911834717
24	0	4.01131796837
23	1	0.999470949173
23	0	2.03902101517
23	1	1.6124150753
24	0	4.61113500595
24	1	0.613415956497
24	1	0.586584091187
24	1	0.493338108063
23	1	4.66445612907
24	1	1.10623002052
24	1	1.07949304581
24	0	0.546245098114
23	1	2.47842788696
24	1	0.746167182922
24	1	0.453137159348
23	0	0.559565067291
23	1	0.613087892532
23	1	0.932846069336
24	1	0.546148061752
23	1	0.626247882843
23	1	0.466084003448
23	0	0.452808141708
24	1	0.546121835709
23	1	0.53290605545
24	1	0.426120996475
23	1	0.466094017029
24	1	0.426213026047
24	0	0.479423999786
23	1	0.506232023239
23	1	0.466189146042
23	0	2.74512505531
24	1	0.586199045181
24	1	1.09249377251
23	1	1.3328909874
21	1	1.07948207855
21	1	0.493291139603
21	1	1.71905493736
21	0	0.959542989731
21	1	0.61337685585
22	1	0.599982976913
22	1	1.35946393013
21	1	0.746688842773
21	1	0.559895992279
22	1	0.572921037674
22	1	0.519550085068
22	1	0.626240968704
22	1	0.452788829803
22	1	1.05285406113
21	1	0.47998213768
22	1	0.520061016083
21	1	0.613289117813
21	1	0.453290939331
22	1	0.45328783989
22	1	0.506567001343
21	1	0.466674089432
22	1	0.426683187485
21	1	0.413300991058
22	1	0.613296985626
22	0	0.479986190796
21	1	0.533364057541
22	1	0.533312797546
21	1	0.480072975159
22	1	0.480073928833
21	1	0.453353881836
21	1	0.42666220665
22	1	0.439907073975
21	1	0.546633958817
21	1	0.493419885635
21	1	0.94616818428
21	1	0.426240921021
21	1	0.492772102356
21	1	0.439746856689
22	1	1.0260951519
22	1	0.453190803528
22	1	1.11925315857
21	1	0.466158151627
21	1	1.09274601936
22	1	1.43950390816
21	1	0.480065107346
21	1	0.706697940826
22	1	0.506724119186
21	1	1.01280498505
22	1	0.546035051346
21	1	0.47953081131
22	1	0.466086149216
22	1	0.466187000275
22	1	0.426200866699
22	1	0.452805995941
22	0	0.519577026367
21	1	1.09286999702
21	1	0.493396997452
21	1	2.22564506531
21	1	0.759999990463
22	1	0.586572170258
22	1	0.440025091171
22	1	0.65290594101
21	1	0.546212911606
21	0	0.586030960083
22	0	0.69286608696
21	1	1.10585403442
22	1	0.453113794327
22	1	0.599489927292
21	1	1.50572299957
21	1	0.612787008286
22	1	0.586116075516
21	1	1.55908703804
21	1	0.759519100189
22	0	2.29241609573
21	1	1.41247200966
22	1	3.2379360199
22	1	0.599447965622
21	1	3.85142993927
22	1	2.41234612465
21	1	1.17265987396
21	0	0.559494018555
21	1	3.03859400749
22	0	1.05274891853
22	1	1.53232121468
21	1	0.79946398735
21	1	6.18362498283
21	1	0.919548034668
22	1	1.73237705231
21	1	1.54571199417
22	1	0.612828016281
22	0	1.45223903656
21	1	0.519488096237
22	0	1.19947600365
21	1	1.07956194878
22	1	0.613147974014
21	0	1.26615786552
21	1	0.626191854477
21	0	2.1990249157
21	0	2.98516106606
21	0	1.63946294785
21	0	1.14619708061
21	1	2.22566008568
21	1	0.679574012756
21	1	1.78580403328
21	1	2.05235600471
22	1	0.65279006958
22	1	0.519745111465
22	1	0.933176040649
22	1	0.599573850632
21	1	0.679548978806
22	1	0.492810964584
21	1	0.626173973083
22	0	0.626253128052
21	1	0.626538991928
22	1	0.760011196136
22	1	0.639600992203
22	1	0.55955696106
21	1	0.546145915985
21	1	0.519476175308
22	1	1.46563410759
22	1	1.17279696465
22	1	3.85179400444
22	1	0.759524106979
22	1	0.492805957794
22	1	0.466179132462
22	1	0.492745161057
21	1	0.399563789368
21	1	0.599518060684
22	1	0.386188983917
22	1	0.706248044968
22	1	0.58614897728
22	1	0.47948217392
21	1	0.599583148956
22	1	2.01227092743
22	1	0.5328810215
22	1	0.453007936478
21	1	0.426563978195
21	1	1.18619012833
21	1	0.46669793129
22	1	0.479974031448
22	1	0.506647825241
22	1	0.480093955994
21	1	1.57289600372
21	1	0.506636142731
21	1	0.466648101807
21	1	0.45331287384
21	1	0.453266143799
21	1	0.613366127014
22	1	0.439976930618
22	1	0.560058116913
21	1	0.599996089935
21	0	1.71906614304
21	0	0.559464931488
22	1	1.41246080399
22	1	1.02614307404
22	1	1.99904108047
22	1	0.519528865814
21	1	0.426157951355
21	1	0.532830953598
22	0	0.786234855652
21	0	0.532937049866
21	1	0.852948904037
22	1	0.639953136444
22	1	0.586356163025
22	1	0.559509038925
22	1	0.532773017883
21	1	1.75893807411
21	1	0.506049156189
22	0	0.719544887543
21	1	1.59951496124
21	1	4.57133197784
21	1	0.639966964722
22	1	0.466636896133
22	1	0.453381061554
22	1	0.493316888809
21	1	0.812919139862
21	1	0.4528632164
21	1	0.532953023911
21	1	2.77187895775
22	1	2.81215500832
22	1	3.13184404373
22	1	0.626266002655
21	1	0.706642866135
22	1	0.560083866119
21	1	1.10619306564
22	1	0.533082008362
22	1	0.466562986374
22	1	0.493062973022
21	1	0.799806833267
22	1	0.466722011566
21	1	0.440026044846
21	1	0.773190975189
21	1	0.466508150101
22	1	0.493226051331
21	1	0.453352928162
21	1	0.400005102158
21	1	0.559998035431
21	1	0.453277111053
21	1	0.506613969803
21	1	0.426682949066
21	1	0.373297929764
22	0	0.520040035248
21	1	0.466720104218
22	1	1.27951693535
21	1	0.439720869064
22	1	0.586144924164
21	1	0.666611194611
22	1	0.533361196518
22	1	1.42609500885
21	1	1.65291190147
22	1	1.22615385056
21	1	1.35945296288
21	1	3.18473815918
21	1	1.85239386559
22	1	1.13253998756
22	1	0.759528160095
22	1	0.866211175919
21	1	0.53338098526
22	1	0.479994058609
21	1	0.546746015549
21	1	0.426728963852
21	0	0.679910898209
22	1	0.626109838486
22	1	1.31947398186
22	0	0.519975185394
21	1	0.812922954559
21	1	0.61288189888
21	1	1.21235895157
21	1	0.599529981613
21	1	1.17279601097
22	1	0.826092004776
22	1	0.572940826416
21	1	0.506198883057
21	1	0.559448003769
21	1	0.479554176331
22	1	0.45282292366
22	1	0.559545040131
21	0	0.506238937378
22	1	2.11859893799
22	1	0.532815933228
21	1	0.479465007782
22	1	0.706221818924
22	1	0.546183109283
22	1	0.439460992813
22	1	0.466240167618
21	1	0.492817163467
21	1	1.06617999077
21	1	1.71907305717
18	1	0.759521961212
18	1	0.440036058426
18	1	0.640006065369
18	1	0.453298091888
18	1	0.599993944168
18	0	0.466581106186
18	1	1.78561496735
18	1	0.479485034943
18	1	0.746154069901
18	1	0.679495096207
18	1	0.546629190445
18	1	0.506675004959
18	1	0.653385877609
18	1	0.546648025513
18	1	0.493278980255
18	1	1.62598085403
18	1	0.546326875687
18	1	1.02619290352
18	1	0.933148145676
18	1	0.799514055252
18	1	0.506181001663
18	1	0.492791175842
18	1	0.586109876633
18	1	1.43900203705
18	1	0.639559030533
18	1	2.13213896751
18	1	0.986153841019
18	1	0.666695833206
18	1	0.799465179443
18	1	0.652759075165
18	1	0.652708053589
18	1	0.466169118881
18	1	0.53284907341
18	1	1.45246195793
18	1	0.986295938492
18	1	0.493391990662
18	1	0.493365049362
18	1	0.440082073212
18	0	0.440005064011
18	1	0.52002286911
18	1	1.89238405228
18	1	0.719481945038
18	0	0.572970867157
18	1	2.33225107193
18	1	0.906229972839
18	1	0.653343915939
18	1	0.719541072845
18	1	0.7994120121
18	1	0.572942018509
18	1	0.813235998154
18	1	4.07798099518
18	1	0.519653081894
18	1	0.466353178024
18	0	0.506250858307
18	1	3.10472893715
18	1	0.692747116089
18	1	0.519580125809
18	0	0.746223926544
18	1	0.599997997284
18	1	1.89232301712
18	0	0.639523983002
18	1	0.546252012253
18	1	0.492791175842
18	1	0.706157922745
18	1	0.47967004776
18	1	0.892988920212
18	1	0.440023183823
18	0	0.506660938263
18	0	0.746155023575
18	1	0.572814941406
18	1	0.759569883347
18	1	2.26504015923
18	1	1.0795340538
18	1	1.29283690453
18	1	0.560025930405
18	1	0.493340969086
18	0	0.640032052994
18	1	0.613337039948
18	1	0.639569044113
18	1	0.812707185745
18	0	2.49183416367
18	1	0.506129026413
18	1	2.07879185677
18	0	3.43852496147
18	0	0.759449005127
18	0	1.25276207924
18	1	1.51931595802
18	1	1.81228494644
18	1	1.46563506126
18	1	0.946161985397
18	1	1.95902895927
18	1	0.452847003937
18	1	0.479489803314
18	1	0.706095933914
18	1	0.466267108917
18	1	0.479476928711
18	1	0.452871084213
18	0	0.399564981461
18	1	1.3589861393
18	1	1.13287091255
18	1	0.613408088684
18	1	1.65266799927
18	1	0.546295881271
18	1	0.946155786514
18	1	0.719773054123
18	0	1.01281118393
18	1	1.18619298935
18	0	0.533102989197
18	1	0.559569835663
18	0	0.812803983688
18	1	0.479556083679
18	1	0.772879838943
18	1	0.519975185394
18	0	1.15957212448
18	1	1.53231501579
18	1	1.87902092934
18	1	1.82568717003
18	1	0.546160936356
18	1	0.612803936005
18	1	0.932855844498
18	1	0.812982082367
18	1	0.652839899063
18	1	1.45229792595
17	1	0.732752084732
17	1	0.492823123932
17	1	0.519481182098
17	1	0.532830953598
17	1	0.492874860764
17	1	0.412972211838
17	1	0.466207027435
17	1	0.359869003296
17	1	0.453424930573
17	1	0.493401050568
17	1	0.466658830643
17	1	0.61300611496
17	1	0.519583940506
17	1	0.43980383873
17	1	0.519687891006
17	1	1.71898984909
17	1	0.572911977768
17	0	0.399547815323
17	1	0.559477090836
17	1	0.572808027267
17	1	0.426163911819
17	1	0.559453010559
17	1	0.599586963654
17	1	0.626411914825
17	1	0.533335924149
17	1	0.493350982666
17	1	0.520015001297
17	1	0.506652116776
17	1	1.23951601982
17	0	0.559435129166
17	1	4.70457005501
17	0	2.22569394112
17	1	0.999543190002
17	1	0.586285829544
17	1	0.532778978348
17	1	0.59946513176
17	1	0.586170911789
17	1	0.506188154221
17	0	0.719424962997
17	1	0.573141813278
17	1	0.533196926117
17	1	0.693284034729
17	0	0.519973993301
17	0	0.560011863708
17	1	1.67907190323
17	1	0.772754907608
17	1	1.11908817291
17	1	1.73240995407
17	1	0.532875061035
17	1	0.546176195145
17	1	0.89280796051
17	1	1.1595788002
17	1	0.639601945877
17	1	0.706762075424
17	1	0.506607055664
17	0	0.959525823593
17	1	0.492941141129
17	1	2.22530794144
17	1	0.67948102951
17	0	1.69240498543
17	1	0.492812871933
17	1	0.49288892746
17	1	0.506199836731
17	1	2.91850805283
17	1	3.0252161026
17	1	0.972801923752
17	1	0.506633043289
17	1	1.5595998764
17	1	1.29279398918
17	1	1.71936893463
17	1	1.15943598747
17	1	1.81273698807
17	1	0.626221895218
17	1	1.41255903244
17	1	1.14620399475
17	1	1.03944301605
17	1	0.786156892776
17	1	0.493031024933
17	1	0.666376829147
17	1	1.05284285545
17	1	0.626223087311
17	1	0.479494094849
17	0	0.559514045715
17	1	0.559480905533
17	1	0.533138036728
17	1	0.546576976776
17	1	0.64001584053
17	1	0.493264913559
17	1	0.573354959488
17	1	0.613338947296
17	1	0.706215858459
17	1	2.01226902008
17	1	0.573345899582
17	1	0.519932985306
17	1	0.506716966629
17	1	0.626658916473
17	1	0.74622797966
17	1	0.879558086395
17	1	0.546747922897
17	1	0.506671190262
17	0	1.19944787025
17	1	0.466238021851
17	1	0.532727956772
17	1	0.759474992752
17	1	0.653409957886
17	1	1.69283103943
17	1	0.946092844009
17	1	0.51948595047
17	1	0.626167058945
17	1	0.599966049194
17	1	0.533361911774
17	1	0.50669503212
17	1	0.919476032257
17	1	0.74606013298
17	1	0.559535980225
17	1	0.466395139694
17	1	0.599615097046
17	1	1.37288498878
17	1	0.546257019043
17	1	0.479785919189
17	0	0.466349840164
17	1	1.15905499458
17	1	0.479412078857
17	1	1.2395670414
17	1	0.533304929733
17	1	0.90612912178
17	1	0.586196899414
17	1	0.719507217407
20	1	1.8525428772
20	1	0.972773075104
20	0	2.3051738739
20	1	0.839457035065
20	0	5.05061483383
20	1	1.14627194405
20	1	1.26622700691
20	1	0.559657096863
20	1	0.559991121292
20	1	0.533373117447
20	1	0.626660108566
20	1	1.78560400009
20	1	0.519523143768
20	0	0.999566078186
20	1	0.493315219879
20	1	0.653278827667
20	1	0.57333278656
20	1	0.826240062714
20	0	0.466179847717
20	0	0.586124897003
20	1	0.492874860764
20	1	2.0923140049
20	1	0.426719903946
20	1	1.13284301758
20	1	0.546241998672
20	1	0.706273078918
20	1	1.22617101669
20	1	1.95901107788
20	1	0.746118068695
20	1	0.519535064697
20	1	2.06576919556
20	1	0.600023984909
20	1	0.82613992691
20	1	1.85236787796
20	1	0.573261976242
20	1	0.733325958252
20	0	1.03950095177
20	1	0.492905139923
20	1	0.639583826065
20	1	1.71947908401
20	1	0.480001926422
20	1	0.426736831665
20	0	0.45339012146
20	1	0.533323049545
20	1	0.533319950104
20	1	2.95854091644
20	1	1.0128929615
20	1	0.493376970291
20	1	0.573311805725
20	1	0.493318080902
20	0	1.62620520592
20	1	4.33142185211
20	0	0.640021085739
20	1	1.66561412811
20	1	0.586212873459
20	1	1.62556886673
20	1	2.33186006546
20	0	3.30496191978
20	1	0.546319007874
20	1	0.852862119675
20	0	3.19793200493
20	0	0.599511146545
20	1	1.5856719017
20	1	0.852858066559
20	1	0.533359050751
20	0	0.480013132095
20	0	1.07958388329
20	1	0.666169881821
20	1	0.732855081558
20	0	0.706675052643
20	0	0.759514093399
20	1	0.599474906921
20	1	0.679565906525
20	1	0.599600076675
20	1	1.97240710258
20	1	0.532818078995
20	1	3.21186804771
20	0	2.33234000206
20	1	1.25282597542
20	1	0.599426984787
20	1	0.506445884705
20	1	1.03949904442
20	1	0.559494972229
20	1	2.10568499565
20	1	0.679966926575
20	1	0.533231019974
20	1	0.453365087509
20	1	0.480054140091
20	1	0.5465528965
20	1	0.772834062576
20	1	0.452816009521
20	1	1.01284909248
20	1	1.25287890434
20	1	0.853078126907
20	1	1.19947814941
20	1	0.666700124741
20	1	0.53332901001
20	0	1.57286190987
20	1	0.479999065399
20	1	4.42465996742
20	1	0.812824964523
20	1	1.09289503098
20	1	0.453361988068
20	1	0.519990921021
20	1	0.426668167114
20	1	0.453313112259
20	1	0.453396081924
20	1	0.479948043823
20	1	0.613152980804
20	1	0.373363018036
20	1	0.506603002548
20	1	0.533248901367
20	1	0.440040826797
20	1	0.506603002548
20	0	0.413320064545
20	1	0.559584140778
20	1	0.413244009018
20	1	0.49295592308
19	0	1.59897899628
19	1	0.559571027756
19	1	0.466121912003
19	1	0.399454832077
19	1	0.399613142014
19	1	0.386705875397
19	1	0.453332185745
19	1	0.399986028671
19	1	0.453381061554
19	0	0.506618022919
19	1	0.653266906738
19	1	1.49277305603
19	1	0.546398162842
19	1	0.692867994308
19	1	0.919509887695
19	1	0.826585054398
19	1	0.480012893677
19	1	1.18614006042
19	1	0.76009106636
19	1	0.826165914536
19	1	0.946256160736
19	1	1.23956108093
19	1	0.506224870682
19	1	1.27899003029
19	1	0.692813158035
19	1	0.492900848389
19	1	0.612834215164
19	1	0.999524831772
19	1	0.732788085938
19	1	0.732802152634
19	1	0.493103981018
19	1	0.853157043457
19	1	0.506573915482
19	1	0.732880115509
19	1	0.879547119141
19	1	0.493227005005
19	1	0.45314002037
19	1	0.50633597374
19	1	0.493124961853
19	1	0.813183069229
19	1	1.15949296951
19	1	0.586271047592
19	1	0.573252916336
19	1	0.453338861465
19	1	0.693284034729
19	1	0.693022966385
19	1	0.599452018738
19	1	0.599436044693
19	0	0.412850141525
19	1	0.479449033737
19	1	0.452866077423
19	1	0.466236829758
19	1	0.492930173874
19	1	0.532804012299
19	1	0.559443950653
19	1	0.519521951675
19	1	0.639501810074
19	1	0.99955701828
19	1	0.426646947861
19	1	0.759515047073
19	1	0.999494075775
19	0	0.493260145187
19	1	0.453328847885
19	1	0.786467075348
19	1	0.440077066422
19	1	0.453222990036
19	1	0.453280925751
19	1	0.62664604187
19	1	0.47999382019
19	1	0.506659984589
19	1	0.400073051453
19	1	0.586580991745
19	0	0.599914073944
19	1	0.573091030121
19	1	0.506318092346
19	1	1.87907791138
19	1	0.919440984726
19	1	0.480057001114
19	1	0.879504919052
19	1	0.426196098328
19	1	0.426237106323
19	0	0.506206989288
19	1	0.452903985977
19	0	0.479568958282
19	1	1.21281504631
19	1	0.466624975204
19	1	1.38604998589
19	1	0.560000181198
19	1	0.533289909363
19	1	1.30618000031
19	1	0.493262052536
19	1	0.893306016922
19	0	1.73244810104
19	1	0.612796068192
19	1	0.492850065231
19	1	0.439536094666
19	1	0.426152944565
19	1	0.586296081543
19	1	0.506169080734
19	1	0.479433059692
19	0	0.386117935181
19	1	0.426074981689
19	1	0.506263017654
19	1	0.426167964935
19	1	0.506229877472
19	1	0.479562997818
19	1	0.546141147614
19	1	0.599423885345
19	1	0.50608587265
19	1	4.02473092079
19	1	1.14621210098
19	1	0.492764949799
19	1	0.412847042084
19	1	1.06619000435
19	1	0.5333340168
19	1	0.479965925217
19	1	0.426614046097
19	1	0.506687164307
19	1	0.439961910248
19	1	0.43999004364
19	1	0.42657494545
19	1	0.373290061951
19	1	0.439970016479
19	1	0.613166093826
19	1	0.466686010361
19	1	0.493417978287
19	1	0.493337869644
19	1	0.453340053558
19	1	0.440012931824
19	1	0.439841985703
19	1	0.439715147018
19	1	0.506201028824
19	0	0.386109113693
19	1	0.426065206528
19	1	0.492823839188
19	1	0.426240921021
19	1	0.492769002914
19	1	1.90559411049
24	1	0.77294921875
23	1	0.50635099411
23	1	0.493058919907
24	1	0.479666948318
23	1	2.23892307281
23	0	0.959435939789
23	1	1.39908409119
24	1	1.83900594711
24	1	1.05261683464
23	1	0.759526014328
24	1	0.799540042877
24	1	0.613210916519
24	1	0.986166954041
23	1	0.559511899948
23	1	1.34557294846
23	1	0.519423961639
23	1	0.959506034851
24	1	0.506675958633
24	0	0.946131944656
24	1	0.439546108246
23	1	0.506051063538
24	1	0.519501924515
24	1	4.27800798416
24	1	0.426654100418
23	1	0.46660399437
23	1	0.50676202774
24	1	0.426610946655
24	1	0.852812051773
23	1	0.972823143005
24	1	0.61336183548
24	1	0.546574831009
24	1	0.479952096939
24	0	0.573287010193
23	1	0.533221006393
24	1	0.38671708107
23	1	0.399949073792
24	1	1.22612214088
24	1	0.879486083984
23	0	2.1190071106
23	1	0.599514961243
23	1	0.466541051865
24	1	0.733013153076
24	1	0.519949913025
24	1	3.0918879509
23	1	0.532867908478
24	1	0.679503917694
24	1	0.453279972076
23	1	2.6255030632
23	1	0.932875871658
24	1	0.786170959473
23	0	2.03899502754
24	1	1.10622882843
24	1	0.653335094452
24	0	3.31849002838
24	1	0.560001134872
24	1	0.893052816391
24	0	1.85224914551
23	1	3.53129887581
24	1	0.572819948196
23	0	1.39919996262
24	1	0.546162843704
24	1	0.572790145874
24	1	2.26546502113
24	1	1.69235801697
23	1	0.493140935898
24	1	0.453110933304
23	1	0.972958803177
23	1	0.679524898529
23	1	0.492831945419
23	1	0.492793083191
23	1	0.47947883606
23	0	0.692874908447
23	1	0.49288392067
23	1	0.412931919098
24	1	0.466175794601
23	1	0.479520082474
23	1	0.906185150146
24	1	0.466633081436
24	1	0.493305921555
23	1	0.760022878647
24	1	0.493347167969
24	0	1.06611299515
23	0	0.519460916519
24	1	0.492875099182
23	1	0.43958902359
24	1	0.452854156494
23	1	2.45183801651
23	1	1.25236201286
23	1	0.546199798584
23	1	0.532871007919
24	1	0.599501848221
23	1	0.546122074127
24	1	0.519521951675
23	1	0.47948718071
24	1	0.439427852631
23	1	0.412807941437
23	1	0.386065006256
23	1	1.13287901878
24	1	0.453352212906
24	1	0.48003578186
24	1	0.373273134232
24	1	0.426656007767
24	1	0.47974395752
24	1	0.532948970795
23	1	0.759855031967
24	0	2.33236694336
24	1	0.46662902832
23	1	0.426670074463
24	1	0.533200979233
24	1	0.453397035599
24	1	0.453284978867
24	1	0.493014097214
23	1	0.453115940094
24	1	0.439491033554
24	1	0.452786922455
24	1	0.452762842178
24	1	0.399481058121
24	1	0.546189069748
23	1	0.452836990356
23	1	0.546103954315
24	1	0.532870054245
23	1	1.23909592628
23	1	0.586161136627
23	1	0.506258010864
24	1	0.786150932312
24	1	0.493045091629
23	0	0.70635008812
