3	0	1.13273215294
3	1	0.772865056992
3	1	0.532947063446
3	1	0.533065080643
3	1	0.533224821091
3	1	0.62669801712
3	1	0.640022993088
3	1	0.506732940674
3	1	0.53329205513
3	1	0.466645956039
3	1	0.466720819473
3	1	0.466620922089
3	1	0.519992113113
3	0	0.373392105103
3	1	0.600060939789
3	1	0.613337039948
3	1	0.7862200737
3	1	0.799574136734
3	1	0.746653079987
3	1	0.679733037949
3	1	0.62611413002
3	1	0.652889966965
3	1	0.626115083694
3	0	0.67945098877
3	1	3.06515002251
3	1	0.839452028275
3	1	0.786520004272
3	0	0.493360042572
3	1	0.786147117615
3	1	0.626199960709
3	1	0.62609910965
3	1	0.519464969635
3	1	0.532958030701
3	1	0.492970943451
3	1	0.466217041016
3	0	0.359524011612
3	0	1.69235610962
3	0	0.95967912674
3	1	0.986221075058
3	1	0.586133003235
3	0	0.679939031601
3	1	1.82570004463
3	0	1.13271188736
3	1	0.852734088898
3	0	0.972742795944
3	1	1.33264398575
3	1	1.38571810722
3	1	0.959448099136
3	1	1.10615110397
3	1	0.652827978134
3	1	0.839907884598
3	1	0.639718055725
3	1	0.639476060867
3	0	0.532832145691
3	1	1.13278388977
3	0	1.07944488525
3	0	0.946081161499
3	1	0.50671005249
3	0	0.559929847717
3	1	0.786279916763
3	1	0.466156959534
3	0	0.719504117966
3	0	1.2124080658
3	1	0.932856798172
3	1	0.653346061707
3	1	1.07955503464
3	1	0.839520931244
3	1	0.54656791687
3	1	0.94614982605
3	1	0.666216135025
3	1	0.519509077072
3	1	0.839508056641
3	1	0.74646282196
3	1	1.22611308098
3	1	0.640017032623
3	1	0.919516086578
3	1	0.639433145523
3	1	0.719702005386
3	1	0.600034952164
3	1	0.533349990845
3	1	0.61331987381
3	0	0.519844055176
3	1	0.746146917343
3	1	0.652805089951
3	1	2.13203716278
3	1	0.679477214813
3	1	0.65279507637
3	1	0.692878961563
3	1	0.879930019379
3	1	0.46661901474
3	0	0.786187171936
3	1	0.959498882294
3	1	0.786372900009
3	1	0.759531021118
3	1	0.772829055786
3	0	0.826575994492
3	1	0.573346853256
3	1	1.94573092461
3	1	0.639503955841
3	1	0.426694869995
3	1	0.399774074554
3	1	0.532924890518
3	1	0.626204013824
3	0	0.426594018936
3	1	0.653090953827
3	1	0.533387899399
3	1	0.453212022781
3	1	0.480013132095
3	1	0.493350982666
3	1	0.346673965454
3	1	0.666421890259
3	1	0.480078935623
3	1	0.626635074615
3	1	1.06619691849
3	1	0.612871170044
3	1	0.51969909668
3	1	0.599899053574
3	1	0.693254947662
3	1	0.573316812515
3	1	0.63948392868
3	1	0.546150922775
3	1	0.679487943649
3	1	0.466241121292
3	1	0.412872076035
3	1	0.519608974457
3	1	1.10622000694
3	1	0.63987493515
3	1	0.533041000366
3	1	0.532959938049
3	1	0.599571943283
3	1	0.679510116577
3	1	0.599547147751
3	0	0.372883081436
8	1	0.812928915024
8	1	0.466633081436
8	0	0.399941921234
8	0	1.34573292732
7	1	1.25226211548
7	1	0.639420986176
7	1	0.492892980576
8	1	0.586205005646
8	1	0.612841129303
8	1	0.612758874893
8	1	0.560022115707
7	1	0.653338193893
8	0	0.600081920624
7	1	0.746154069901
8	1	0.626173019409
8	1	0.532819032669
7	1	0.546130895615
7	1	0.599448919296
8	1	0.586201906204
8	1	0.519948959351
7	1	0.719996213913
8	1	0.786231994629
8	1	0.572881221771
8	1	0.572793960571
8	1	0.772845029831
7	1	0.533239841461
8	1	0.653322935104
7	1	0.519974946976
7	1	0.506660938263
7	1	0.533268928528
7	1	0.519983053207
8	1	0.6264731884
8	1	0.599499940872
8	1	0.639573097229
8	1	0.439450025558
7	0	0.466137886047
8	1	0.719472885132
8	1	1.45238494873
7	0	1.19904589653
8	0	2.3723051548
7	1	0.852891921997
7	1	0.986063957214
7	1	0.839555978775
7	0	1.53230690956
7	1	3.38471698761
7	0	0.732839822769
8	0	0.652860164642
7	0	0.799726963043
8	1	0.746308803558
8	1	1.18615818024
7	1	0.99942612648
8	1	0.612787008286
7	1	0.89279794693
8	1	0.693372964859
7	1	0.639574050903
8	1	0.759577989578
7	1	0.479555845261
8	1	0.679517030716
7	0	0.466500043869
7	1	0.493161916733
7	1	0.639741897583
7	1	0.413360118866
8	0	0.386663913727
8	1	0.49284696579
8	1	0.492923021317
7	0	0.466341972351
7	0	0.506232976913
8	1	1.22572016716
7	1	0.799497127533
7	0	0.37307882309
8	0	0.692878007889
7	0	1.02620697021
8	1	0.759507894516
8	1	0.78625702858
8	0	0.919502019882
7	1	0.612854957581
8	1	0.58620095253
8	1	0.399612188339
7	1	0.666111946106
7	1	2.29181599617
8	1	0.679491996765
8	1	0.946166038513
7	1	0.533310890198
8	1	0.533288002014
8	1	1.2794919014
8	1	0.573304891586
7	1	0.653421878815
7	1	0.466625928879
7	1	0.59965801239
8	1	0.69291305542
7	1	0.492806911469
7	1	0.479551076889
7	1	0.87952709198
8	1	0.893114805222
8	1	1.11943602562
8	1	0.559970140457
7	1	0.946199893951
8	1	0.932872056961
7	1	0.653435945511
7	1	0.826256990433
8	1	0.719480991364
8	1	0.70624089241
7	1	0.53312587738
8	1	0.519838809967
7	1	0.479991197586
7	1	0.826677083969
7	1	0.599761962891
7	1	0.559529781342
7	1	0.43977189064
7	1	0.519623994827
7	1	0.599515914917
8	1	0.519459009171
7	0	0.706202983856
8	1	0.732759952545
7	1	1.59949493408
8	1	0.613373994827
7	1	0.613253116608
7	1	0.692888021469
8	1	0.612906932831
8	1	0.666157007217
7	0	0.799593925476
8	0	0.653433799744
7	0	0.826086044312
7	0	0.692870140076
8	1	0.679536819458
8	1	0.573389053345
7	1	1.02621388435
8	1	0.679498910904
7	1	0.813014030457
7	1	0.626615047455
8	1	0.932747125626
8	1	0.67948102951
8	1	0.693235874176
5	1	0.693295001984
6	1	0.559952974319
6	1	0.466703176498
6	1	0.493303775787
6	1	0.479969024658
5	1	0.413373947144
6	0	0.386677026749
6	1	0.613394975662
5	1	0.906111955643
5	0	0.759500026703
5	1	0.613090991974
6	1	0.533367872238
6	1	0.479927062988
5	1	0.506665945053
5	1	0.346660852432
6	1	0.4664478302
5	0	0.573131084442
6	1	0.599987030029
6	1	0.599914073944
5	1	0.599972963333
6	0	0.506662130356
6	1	0.559880018234
5	1	0.546345949173
6	1	0.746053934097
5	1	0.572872877121
6	1	0.506165027618
5	1	0.586088180542
5	1	0.559699058533
6	1	0.546587944031
5	0	0.746620893478
5	1	0.852880954742
6	1	0.679497003555
5	1	0.546200990677
6	1	0.586187124252
5	1	0.533261060715
6	1	0.493371009827
5	1	0.613420009613
6	1	0.613332986832
6	0	0.892827987671
5	1	0.65281701088
6	1	0.706257820129
5	1	0.706696987152
6	1	0.719715118408
6	1	0.692857027054
5	1	0.946156978607
5	1	1.10621094704
5	1	0.852785110474
6	1	0.440036058426
5	0	0.360002994537
5	1	0.959650039673
5	1	0.78618812561
5	0	0.532845973969
6	1	0.706140041351
5	1	0.959729909897
6	1	0.706125974655
6	1	0.666243076324
6	1	0.706192016602
5	0	0.786512136459
5	1	0.679593086243
5	1	2.11894106865
6	1	1.02622294426
5	1	0.826193094254
6	1	0.866597890854
5	1	0.852781057358
6	1	0.852755069733
6	1	0.813431978226
6	1	0.772866010666
6	1	2.9319190979
5	1	0.706716060638
6	1	0.706161022186
5	1	0.706223011017
5	1	0.986134052277
5	1	0.560013055801
5	1	0.520055055618
6	1	0.626448154449
5	1	0.626266002655
6	1	0.559610128403
5	1	1.3723590374
5	0	0.546169042587
6	1	0.746114015579
6	1	0.612859964371
6	1	0.62651014328
5	1	0.533367872238
6	1	0.746690034866
5	1	0.839551210403
5	1	0.772956132889
6	1	0.773321866989
6	1	0.653033971786
6	1	0.652828931808
5	1	0.652848005295
6	1	0.532886981964
5	1	0.546119213104
6	0	0.386163949966
5	1	0.559427976608
6	1	0.532783031464
5	1	0.612837076187
5	1	0.533164978027
5	1	0.999448776245
6	1	0.786249876022
6	1	0.639530181885
6	1	0.533332824707
6	1	0.466716051102
5	1	1.19946408272
5	1	0.706168889999
6	1	0.652925014496
6	1	0.733290910721
5	1	0.852801084518
5	1	0.666108131409
6	1	0.626255989075
6	1	0.693208217621
6	1	0.653397083282
6	1	0.599784851074
5	1	0.706267118454
5	1	0.612838029861
5	1	0.546174049377
6	1	0.479549884796
6	1	0.559511899948
5	1	0.426128149033
6	1	0.626249790192
5	0	0.453114032745
6	1	0.65290594101
6	1	0.546672105789
6	1	0.573370933533
6	1	0.559902906418
6	1	0.546669006348
5	1	0.559986829758
6	1	0.493306159973
6	1	0.479932069778
6	0	0.826230049133
5	1	0.55957698822
6	1	0.546144008636
5	1	0.452708959579
5	1	0.452806949615
6	0	0.639484167099
6	1	0.759519815445
6	1	0.586694002151
6	1	1.5192990303
5	1	0.732800960541
6	1	0.586161136627
6	1	0.559422016144
6	1	0.666188001633
6	1	0.533225059509
6	1	0.573327064514
6	1	0.599925994873
5	1	0.653285980225
5	1	0.866233110428
6	1	0.679433107376
5	1	0.506572008133
5	1	0.479961156845
5	1	0.613205194473
6	1	0.653325080872
6	1	0.573328971863
5	1	0.866189956665
5	1	0.559452772141
6	1	0.532860040665
5	1	0.532805919647
6	1	0.972904920578
5	1	0.826161146164
5	1	0.666127920151
6	1	0.719492912292
5	1	0.613240003586
5	1	0.6001060009
6	1	0.666393041611
5	0	0.839500904083
6	1	0.706261873245
6	1	0.693253040314
6	1	0.586683988571
5	1	0.560013055801
5	1	0.559684038162
6	0	0.772902965546
5	1	0.546089887619
5	1	0.586164951324
6	1	0.652832984924
6	1	0.653366088867
5	1	0.666672945023
6	1	0.692807912827
5	1	1.65235280991
6	1	0.639490127563
6	1	0.479507923126
6	1	0.586249828339
6	1	0.67987704277
6	1	0.599990129471
5	0	0.786132097244
6	1	0.706166028976
5	1	0.519479990005
6	1	0.58614897728
5	1	0.479454040527
5	1	0.652788877487
5	1	1.87929010391
6	1	0.626111030579
6	1	0.532784938812
6	1	0.692798137665
6	1	0.479527950287
5	1	0.492845058441
6	1	0.746165990829
6	0	1.03941488266
6	1	0.612874031067
5	1	0.706168889999
6	1	0.559632062912
5	1	0.786565065384
5	1	0.546768903732
6	1	0.519932031631
6	0	0.652835130692
5	0	0.879474163055
6	1	0.653002023697
6	0	0.733396053314
5	1	0.586652994156
5	1	0.546351909637
5	1	0.440005064011
6	1	0.466656923294
6	1	0.479921102524
5	1	0.533275127411
5	1	0.46662902832
5	1	0.42670083046
5	1	1.18624782562
6	1	0.653263092041
6	1	0.520000934601
5	1	2.22566318512
6	1	0.599640846252
6	1	0.586670875549
6	1	0.600049972534
5	1	0.506664991379
6	1	0.640038013458
6	1	0.533209085464
6	1	0.466647148132
6	1	0.599511861801
5	1	0.559541940689
5	1	0.559506177902
5	1	0.586216926575
6	1	0.559491872787
5	0	0.479552984238
5	1	1.09284305573
6	1	0.612898111343
6	1	0.652971982956
5	0	1.6790599823
5	1	0.599519014359
6	1	0.666451931
5	1	0.666723966599
5	1	0.786128044128
5	0	1.58561992645
5	1	0.786206007004
6	1	0.706572055817
5	1	3.27850198746
5	1	0.653205871582
5	1	0.466698169708
6	1	0.760019779205
5	1	0.639446020126
5	1	0.439604997635
5	1	0.759530067444
5	1	0.57288813591
6	1	0.479512214661
6	1	0.679519176483
5	1	0.559933900833
5	1	0.826709032059
6	1	0.453325033188
6	1	0.89279794693
6	1	0.479522943497
5	1	0.572885990143
5	1	0.5061378479
5	1	0.506170988083
5	1	0.479563951492
6	1	0.532732963562
6	0	0.652806997299
6	1	0.733332157135
5	1	0.586647033691
6	1	0.666190862656
6	0	0.572807073593
5	1	0.546190977097
6	1	0.559494018555
6	1	0.519494056702
6	1	0.479483127594
6	1	1.01285910606
1	1	0.839485168457
1	1	0.546725034714
1	1	0.5999751091
1	1	0.972774028778
1	1	0.586319923401
1	1	0.59983420372
1	1	0.720004081726
1	1	0.746175050735
1	1	0.812769889832
1	1	0.506170988083
1	1	0.546149969101
1	1	0.586326122284
1	1	0.653384923935
1	1	0.706743001938
1	1	0.706177949905
1	1	0.626101970673
1	1	0.492846012115
1	1	0.919454813004
1	1	0.613212108612
1	1	0.666306018829
1	1	0.639493942261
1	1	0.719461917877
1	1	0.706199169159
1	1	0.626675128937
1	1	0.706642866135
1	1	0.626157045364
1	1	0.586100101471
1	1	0.812798976898
1	1	0.773091077805
1	1	0.75954079628
1	1	0.706133127213
1	1	0.626178026199
1	0	1.35906600952
1	1	0.626175880432
1	1	0.559449911118
1	1	0.586245059967
1	1	0.573345899582
1	1	0.680041074753
1	1	0.706396102905
1	0	1.45278310776
1	1	1.73230600357
1	1	0.679584026337
1	1	0.719485998154
1	1	0.786640882492
1	1	0.599641084671
1	1	0.599470853806
1	0	0.532808065414
1	1	0.826228141785
1	1	0.626490831375
1	1	0.653306007385
1	1	0.613344907761
1	1	0.812872171402
1	0	0.532968997955
1	1	1.51890802383
1	1	0.692883014679
1	1	0.573081970215
1	0	3.15850806236
1	1	0.692912101746
1	0	1.03939795494
1	1	0.666133880615
1	1	0.586246967316
1	1	0.506154060364
1	0	0.492851018906
1	1	1.86564517021
1	1	0.706707954407
1	1	0.520029067993
1	1	0.53333902359
1	1	0.466621875763
1	1	0.466696977615
1	1	0.42670083046
1	0	0.479935884476
1	1	0.86615896225
1	1	0.732869148254
1	1	1.61240911484
1	1	0.613271951675
1	1	0.60000705719
1	1	0.546701908112
1	1	0.653218984604
1	1	0.599552869797
1	1	0.679465055466
1	1	0.546091079712
1	1	0.559556007385
1	1	0.786143064499
1	0	0.666704893112
1	1	0.986199140549
1	1	0.586124897003
1	1	0.546226978302
1	1	0.639770030975
1	1	0.653351068497
1	1	0.666567087173
1	0	0.746129989624
1	1	2.46512103081
1	1	0.71958398819
1	1	0.599561214447
1	1	0.613375902176
1	1	0.599983930588
1	1	1.59950208664
1	1	0.666260957718
1	1	0.786185979843
1	1	0.572870016098
1	1	0.772879123688
1	1	0.879482030869
1	1	0.559500932693
1	1	0.852867841721
1	1	0.519807100296
1	1	0.653315782547
1	1	0.653464078903
1	1	0.679630041122
1	0	0.759536027908
1	1	0.692764997482
1	1	0.786423921585
1	1	1.27949500084
1	1	1.11952400208
1	1	0.652801036835
1	1	1.75908398628
1	1	0.7066822052
1	1	0.493380069733
1	1	0.852832078934
1	1	0.519538879395
1	1	0.546243906021
1	1	0.47947883606
1	1	0.652876138687
1	1	0.6129591465
1	1	0.613249063492
1	1	0.839592933655
1	1	0.586121082306
1	1	0.65290594101
1	1	0.746239900589
1	1	0.5599360466
1	1	0.653296947479
1	1	0.493224859238
1	1	0.733000993729
4	1	0.826344013214
4	1	0.546703100204
4	1	0.586402893066
4	1	0.612843990326
4	1	0.546149969101
4	1	0.719593048096
4	1	0.479542016983
4	1	0.639590978622
4	1	0.906576871872
4	1	0.559727907181
4	0	0.519556045532
4	1	0.519521951675
4	1	0.732971906662
4	1	0.652897119522
4	1	0.639459848404
4	1	2.19904112816
4	1	0.559849023819
4	1	0.426724910736
4	0	0.75944519043
4	1	0.666170120239
4	1	0.772861003876
4	1	0.50671505928
4	1	0.399995803833
4	1	1.11942100525
4	1	1.30595612526
4	1	0.493180036545
4	1	0.879540920258
4	1	0.852872133255
4	1	0.573318958282
4	1	0.533337116241
4	1	0.453275918961
4	1	1.78563714027
4	1	0.492887020111
4	1	0.532876968384
4	1	0.732899904251
4	1	0.586254835129
4	1	0.679759025574
4	1	0.373420953751
4	1	0.520015001297
4	0	0.466703891754
4	1	2.27887392044
4	1	0.732820034027
4	1	1.06617498398
4	1	0.852828025818
4	1	0.773076057434
4	1	0.573417901993
4	1	0.493397951126
4	1	0.679558992386
4	0	0.612804889679
4	0	0.612828969955
4	1	0.652743816376
4	1	0.626253128052
4	1	0.599945783615
4	1	0.533378124237
4	1	0.480032920837
4	1	0.453281164169
4	1	0.573291063309
4	1	0.680011987686
4	1	0.559731006622
4	1	0.772890806198
4	1	0.532837867737
4	1	0.706244945526
4	1	0.653272867203
4	1	0.520016908646
4	1	0.906165838242
4	0	0.559596061707
4	1	0.666155815125
4	1	0.666163921356
4	1	0.559977054596
4	1	0.653425931931
4	1	0.533337831497
4	1	0.546657800674
4	1	0.573291063309
4	1	0.612828016281
4	1	0.519482851028
4	1	0.399709939957
4	1	0.732820987701
4	1	0.706143856049
4	1	0.599635839462
4	1	0.546680927277
4	1	0.559995889664
4	1	0.546628952026
4	1	0.626672029495
4	1	0.679494142532
4	1	0.506088972092
4	1	0.572760820389
4	0	0.479418992996
4	1	0.866269111633
4	1	0.519798994064
4	1	2.19894981384
4	1	0.586204051971
4	1	0.559553146362
4	1	0.599476099014
4	1	0.493070840836
4	1	0.426449775696
4	1	0.466288089752
4	1	0.492913961411
4	0	0.519540071487
4	1	0.746261119843
4	1	2.10566306114
4	1	1.13271403313
4	1	0.706038951874
4	0	0.786149024963
4	1	0.892982006073
4	0	1.65247607231
4	1	0.639518022537
4	0	0.586205005646
4	1	1.05285406113
4	1	0.693055868149
4	0	1.98566007614
4	1	0.692765951157
4	1	0.56004691124
4	1	0.626637935638
4	1	0.480054140091
4	1	0.413310050964
4	1	0.573314905167
4	1	0.519946098328
4	1	1.25289201736
4	1	0.653325080872
4	1	0.546664953232
4	1	0.480015993118
4	1	0.79954791069
4	1	0.946175813675
4	1	0.53334903717
4	1	0.546714067459
4	0	0.400048017502
4	1	0.946155071259
4	1	0.652840852737
4	1	0.679562091827
4	1	0.799600124359
4	1	0.680052042007
4	1	0.572978019714
4	1	0.572778940201
4	1	0.53281378746
2	0	0.87953209877
2	1	0.719486951828
2	1	0.693341970444
2	0	1.21286892891
2	1	0.559777021408
2	1	0.972762107849
2	1	1.07950377464
2	1	0.546687841415
2	1	0.906160116196
2	1	0.826231956482
2	1	0.546220779419
2	1	0.692992925644
2	1	0.666547060013
2	1	0.5467710495
2	0	0.519908905029
2	1	1.29284596443
2	1	0.599930047989
2	1	0.533313989639
2	1	0.839447021484
2	1	0.506186008453
2	1	0.866143941879
2	1	0.533398866653
2	1	0.519917964935
2	1	0.520009040833
2	1	0.400018215179
2	1	0.493321895599
2	1	0.426743984222
2	1	0.786644935608
2	1	0.706186056137
2	1	0.492823123932
2	0	0.559490919113
2	1	0.706082820892
2	1	0.719569921494
2	1	0.626633882523
2	1	0.613404035568
2	1	0.520076036453
2	1	0.826094150543
2	1	0.559455871582
2	1	0.692785024643
2	1	0.586230039597
2	1	0.679871082306
2	1	0.57331609726
2	1	0.746094942093
2	1	0.519458055496
2	1	0.492750883102
2	1	0.519417047501
2	1	0.706165075302
2	1	0.586184978485
2	1	0.439514875412
2	1	0.572757005692
2	1	0.572880029678
2	1	0.586535930634
2	1	1.39942097664
2	1	0.613237142563
2	1	0.786673069
2	1	0.54648900032
2	1	0.62619304657
2	1	0.546153068542
2	1	0.572805166245
2	1	0.719485044479
2	1	0.693086862564
2	1	0.506611824036
2	0	0.626765012741
2	1	0.666352987289
2	1	0.47974395752
2	1	0.546183109283
2	1	0.879592895508
2	1	0.479447841644
2	1	0.59951376915
2	1	0.493246078491
2	1	0.586491107941
2	1	0.639910936356
2	1	0.466652870178
2	1	0.440011978149
2	1	0.440027952194
2	1	0.560008049011
2	1	0.799682855606
2	1	0.532841920853
2	1	0.426427125931
2	1	0.426659822464
2	1	0.400001049042
2	1	1.41284513474
2	1	0.613347053528
2	1	0.599857091904
2	1	0.506443023682
2	1	0.612879991531
2	1	0.852779865265
2	0	0.692959785461
2	1	0.640096187592
2	1	0.812767982483
2	1	0.532747983932
2	1	0.506051063538
2	1	0.452748060226
2	1	1.33269500732
2	1	0.5594830513
2	1	0.466378927231
2	1	0.546273946762
2	1	0.946166038513
2	0	0.533225774765
2	1	0.49328494072
2	1	0.440004110336
2	1	0.639760971069
2	1	0.519961118698
2	1	0.466636896133
2	1	0.493377923965
2	1	0.533380031586
2	1	0.520107984543
2	0	0.493316888809
2	1	0.5999751091
2	1	0.546700954437
2	1	0.612951993942
2	1	0.546040058136
2	1	0.719525098801
2	1	0.519514083862
2	1	0.466125965118
2	1	0.452810049057
2	1	0.466150999069
2	0	0.466167211533
2	1	0.799448013306
2	1	0.586534023285
2	1	0.733319997787
2	1	0.546716213226
2	1	0.732847213745
2	1	0.572728157043
2	1	0.532870054245
2	1	0.546190977097
2	1	0.532842874527
2	1	1.0795481205
2	1	1.83896613121
2	1	0.506238937378
2	0	0.812860012054
2	1	0.586652040482
2	1	0.972765922546
2	1	0.519585847855
2	1	0.626152992249
2	1	0.519565105438
2	1	0.732801198959
2	1	0.693269968033
2	1	0.746185064316
7	1	0.732887029648
7	1	0.613288164139
8	1	0.613219976425
7	1	0.732769012451
8	1	0.692810058594
7	1	0.67945098877
8	1	0.519845962524
8	1	0.479948043823
7	1	0.413120985031
7	1	1.06591892242
7	0	0.599498033524
7	1	0.746155023575
8	1	0.506228923798
7	1	0.586191892624
7	1	0.533034086227
7	0	0.626607179642
7	1	0.61333990097
7	1	1.1994600296
7	1	0.65306186676
8	1	0.946217060089
8	1	0.572800159454
8	1	0.479467153549
8	1	0.599478960037
7	0	0.479490041733
7	1	0.572793006897
7	1	0.532845973969
7	1	0.532858848572
8	1	0.652818918228
8	1	0.493392944336
7	1	0.466768980026
8	1	0.946339845657
7	1	0.666158914566
7	1	0.572926998138
8	1	0.479472875595
8	1	0.666095972061
8	1	0.532907962799
7	1	0.493027210236
8	1	0.879669189453
8	1	0.559980154037
7	1	0.63956284523
7	1	0.812883138657
8	1	0.572781085968
7	0	0.63958978653
7	1	1.15950107574
7	1	0.559494972229
8	1	0.652876138687
8	1	0.599767923355
7	1	0.653259038925
7	1	0.426662921906
8	1	0.573318004608
8	1	0.599952936172
7	1	0.639577150345
7	1	0.559494972229
7	1	0.626232862473
8	1	0.799533843994
7	1	1.0127389431
7	1	0.452996015549
8	1	0.55951499939
7	1	0.426361083984
7	1	0.772796869278
7	1	0.572835922241
7	1	0.652845144272
8	0	1.58617711067
7	1	0.679991006851
8	1	1.01282906532
7	1	0.932853937149
7	1	0.74632692337
7	1	0.599514961243
7	1	0.559553146362
8	1	0.599481105804
8	1	0.452908039093
8	0	0.559559106827
8	1	0.572800159454
8	1	1.10577893257
8	1	1.03951907158
7	1	0.600033998489
7	1	0.546638011932
7	1	0.639981985092
7	1	0.546561002731
7	1	0.732862949371
8	1	0.599494218826
7	1	0.892745018005
7	1	0.586655139923
7	1	0.586731910706
7	0	0.719479084015
7	1	0.692800045013
8	1	0.652840137482
8	1	0.519610881805
8	1	0.466284990311
7	1	0.546302080154
8	1	0.573130846024
7	1	0.480026006699
7	1	0.866625070572
7	1	0.679502010345
8	1	0.439454078674
7	1	0.466093063354
7	1	0.426412820816
8	1	0.506424188614
7	1	0.466369867325
8	1	0.373328924179
8	1	0.652965068817
8	1	0.679507017136
8	1	0.492843866348
8	1	0.46617603302
8	1	0.612864017487
7	1	0.639460086823
7	1	0.532953023911
8	1	0.572973012924
7	1	0.506681919098
7	1	0.559984922409
7	1	0.493350028992
7	1	0.666691064835
7	1	0.453272819519
8	1	0.519944906235
7	1	0.600029945374
7	1	0.466619968414
8	1	0.559961080551
8	1	0.626199960709
7	1	0.479609966278
8	1	0.759449958801
8	1	0.572906970978
8	1	0.612720012665
7	0	1.81285309792
8	1	0.479962110519
8	1	0.506661176682
7	1	0.652982950211
7	1	0.919528961182
8	1	0.906263828278
8	1	0.560101032257
8	0	1.45285582542
8	1	0.506659030914
7	1	0.612997055054
8	1	0.532911062241
7	1	0.772837162018
7	1	0.639449119568
8	1	0.666392087936
7	1	0.506703138351
8	1	0.759927988052
7	1	0.573029994965
10	1	0.675033092499
10	1	0.522941827774
10	1	0.603358983994
10	1	0.404099941254
10	1	0.38708615303
10	1	0.578505992889
10	1	0.427873134613
10	1	0.484439134598
10	1	0.434695959091
10	1	0.321889162064
10	0	0.341676950455
10	1	0.479299068451
10	1	0.442879199982
10	1	0.676269054413
10	0	0.571520090103
10	0	0.594410181046
10	1	0.715667963028
10	1	0.451374053955
10	1	0.45229101181
10	1	0.466676950455
10	0	0.402632951736
10	1	0.641159057617
10	1	0.5726749897
10	1	0.474747180939
10	1	0.587459087372
10	1	0.515097856522
10	1	0.531987190247
10	1	0.411342859268
10	1	0.458031177521
10	1	3.19634413719
10	1	0.521278142929
10	1	0.673290967941
10	1	0.468999147415
10	1	0.573101997375
10	1	0.779594898224
10	1	0.849544048309
10	1	0.586206912994
10	1	0.402340888977
10	1	0.924134016037
10	1	0.89714384079
10	1	0.652646064758
10	1	0.460344076157
10	1	0.699949026108
10	1	0.490207195282
10	1	0.298048973083
10	1	0.332497835159
10	1	0.353962898254
10	0	0.322665929794
10	0	0.45320391655
10	1	0.504427194595
10	1	0.580085039139
10	1	0.417769908905
10	1	0.755087852478
10	1	0.57896900177
10	1	0.740277051926
10	1	0.512870073318
10	1	0.516361951828
10	1	0.418555021286
10	1	0.626058101654
10	1	0.809688091278
10	1	0.411318063736
10	1	0.507894992828
10	0	1.01284909248
10	0	0.568493127823
10	1	1.20241689682
10	1	0.507462024689
10	1	0.434062004089
10	0	0.754364967346
10	1	0.652242183685
10	1	0.538949966431
10	1	1.06055498123
10	1	1.15584111214
10	1	0.721424102783
10	1	0.498395204544
10	1	0.597033023834
10	1	0.539927959442
10	0	0.795022010803
10	1	0.537049055099
10	1	0.507066965103
10	1	0.453219890594
10	1	0.579077959061
10	1	0.482517004013
10	1	0.468548059464
10	1	0.672408819199
10	1	0.906394004822
10	1	0.731461048126
10	1	0.508564949036
10	1	0.467385053635
10	0	1.04297614098
10	0	2.61917090416
10	1	0.609976768494
10	1	0.637362003326
10	0	0.394914150238
10	1	1.65803194046
10	1	0.994149923325
10	1	0.642452001572
10	0	0.77120423317
10	1	0.844983100891
10	1	0.53264093399
10	0	0.379791975021
10	1	0.834363937378
10	0	0.411296129227
10	0	0.819494009018
10	1	0.651277780533
10	1	0.637176036835
10	1	0.563098907471
10	1	0.562749862671
10	1	0.667717933655
10	1	0.452163934708
10	1	0.435951948166
10	1	0.427139997482
10	1	0.433307886124
10	0	0.380159854889
10	1	0.555375099182
10	1	0.65984916687
10	0	0.459807872772
10	1	0.53723192215
10	1	0.469648838043
10	1	0.433001041412
10	1	0.709638118744
10	1	0.657955169678
10	1	0.779778003693
10	1	0.586248874664
10	1	0.554543018341
10	1	0.4923620224
10	1	0.490926980972
10	1	0.553328990936
10	1	0.436570882797
10	1	0.721462011337
10	1	0.530302047729
10	0	0.988754034042
10	1	0.900426149368
10	1	0.458243131638
10	1	0.572818994522
10	0	0.898984909058
10	1	0.754760980606
10	1	0.482570171356
10	1	0.524245023727
10	1	0.409358024597
10	0	0.531232118607
10	1	0.454009056091
11	1	0.868129014969
11	1	0.467576980591
11	0	0.396405935287
11	1	0.49067902565
11	1	0.402463912964
11	1	0.371061086655
11	1	0.435072898865
11	1	0.485126972198
11	1	0.57772397995
11	1	0.465413093567
11	1	0.565997838974
11	1	0.433997869492
11	1	0.388185024261
11	1	0.426182985306
11	1	0.467394828796
11	1	0.434789180756
11	1	0.580142021179
11	1	0.427942991257
11	1	0.513424873352
11	1	0.429803848267
11	1	0.538189172745
11	1	0.499160051346
11	1	0.642076015472
11	1	0.477080106735
11	1	0.506738185883
11	1	0.530746221542
11	1	0.482716083527
11	1	0.508073806763
11	1	0.490051984787
11	1	0.684757947922
11	1	0.578081130981
11	1	0.476375818253
11	1	0.523530006409
11	1	0.506008863449
11	1	0.538745880127
11	1	0.500208854675
11	1	0.37904715538
11	1	0.427665948868
11	1	0.51765704155
11	1	0.387461900711
11	1	0.393546104431
11	1	1.19022703171
11	1	0.473937034607
11	1	0.39658498764
11	1	0.330815076828
11	1	0.563369035721
11	0	0.392852783203
11	1	0.516240119934
11	1	0.492031097412
11	1	0.450836896896
11	1	0.461510181427
11	1	0.395609855652
11	1	0.523348093033
11	1	0.507134199142
11	1	0.443119049072
11	1	0.473505973816
11	1	0.529991865158
11	1	0.467870950699
11	0	0.402602910995
11	1	0.548170089722
11	1	0.517259120941
11	1	0.435219049454
11	1	0.384953975677
11	1	0.347105979919
11	1	0.524235010147
11	1	0.594188928604
11	1	0.499989032745
11	1	0.592846870422
11	1	0.365263938904
11	1	0.687886953354
11	1	0.427616119385
11	1	0.333494901657
11	1	0.466247081757
11	1	0.379306077957
11	1	0.380862951279
11	0	0.459937810898
11	1	0.867041110992
11	1	0.490006923676
11	0	0.50697183609
11	1	0.580533027649
11	0	0.656996965408
11	1	1.29107117653
11	1	0.435815095901
11	0	0.498156070709
11	1	0.635987043381
11	1	0.676859855652
11	1	0.611809015274
11	1	0.800673961639
11	1	0.458868026733
11	1	0.819200992584
11	0	0.466747045517
11	1	0.579783916473
11	1	0.532297849655
11	1	0.547688007355
11	1	0.528527975082
11	1	0.604756116867
11	1	0.683990955353
11	1	0.485002994537
11	1	0.529902935028
11	1	0.498474836349
11	1	0.683030843735
11	1	0.553899049759
11	1	0.387661218643
11	1	0.522737026215
11	1	0.571681976318
11	0	0.506330966949
11	1	0.572225809097
11	1	0.442586898804
11	1	0.562852144241
11	1	0.524607181549
11	1	0.64274096489
11	1	0.491034984589
11	1	0.500730037689
11	1	0.539630889893
11	1	0.658519983292
11	0	0.524623155594
11	1	0.443475008011
11	1	0.45844578743
11	1	0.459040880203
11	1	0.726095914841
11	1	0.441627979279
11	0	0.915957927704
11	0	0.587587118149
11	1	0.521332025528
11	1	0.371937990189
11	1	0.538882017136
11	1	0.627655982971
11	1	0.53208899498
11	1	0.434823989868
11	1	0.409940004349
11	1	0.394955158234
11	1	0.436006069183
11	1	0.442767858505
11	0	0.333606004715
11	0	0.547100067139
11	1	0.364484071732
11	1	0.473916053772
11	1	0.356487989426
11	1	0.731374025345
11	1	0.641360998154
11	1	0.515273094177
11	1	0.386620044708
11	1	0.45976805687
11	1	0.60237121582
11	0	0.780201911926
11	1	0.61670589447
11	1	0.403058052063
11	0	1.05879807472
15	1	0.707020998001
16	1	0.355396032333
15	1	0.420613050461
15	1	0.442198991776
15	1	0.489347934723
16	1	0.348995923996
15	1	0.433453083038
15	1	0.389125108719
16	1	0.321362018585
16	1	0.612272977829
16	1	0.412576913834
15	1	0.482051134109
15	1	0.459849119186
15	1	0.346777915955
16	1	0.353574037552
16	1	0.363396883011
16	1	0.379875898361
16	1	0.523828983307
15	0	0.520805835724
15	1	0.506667137146
15	1	0.419829845428
16	1	0.379287958145
16	1	0.323271989822
15	1	0.545632839203
16	1	0.482607126236
16	1	0.485757112503
15	1	0.361854076385
16	1	0.35559296608
16	1	0.345137834549
16	1	0.289614915848
15	1	0.525027036667
16	1	0.328423023224
16	1	0.307631015778
15	0	0.410510063171
15	1	0.379304885864
16	1	0.395383834839
16	0	0.584743976593
16	1	0.461091995239
15	1	0.491647005081
16	1	1.40313792229
16	1	0.546118974686
16	1	0.555288076401
16	0	1.48452401161
16	1	0.482965946198
16	1	0.552971124649
15	1	0.468688011169
15	1	1.25606107712
16	1	0.493006944656
16	1	0.49235200882
15	1	0.976742982864
16	1	0.699162960052
16	1	0.492873907089
16	1	0.379647016525
16	0	0.763386964798
15	0	0.95587182045
16	0	0.864223003387
16	1	0.726488828659
16	1	0.522964000702
16	1	0.497658014297
15	1	0.579092025757
15	1	0.460802793503
16	0	0.74565410614
15	1	0.595894098282
16	1	0.532482147217
15	0	0.577788114548
15	1	0.548115968704
15	1	0.497565984726
16	1	0.435821056366
16	1	0.394592046738
15	1	0.427984952927
16	1	2.0742020607
16	1	0.571938037872
15	0	0.459895133972
16	1	0.449703931808
16	1	0.381793022156
16	1	0.505136966705
16	1	0.546418905258
15	1	0.747647047043
15	1	0.572130918503
16	0	0.395047903061
15	1	0.490660905838
15	1	0.453475952148
16	0	0.459430932999
16	1	0.418899059296
16	1	0.395248889923
16	1	0.561033010483
16	0	0.429912805557
15	1	0.579915046692
15	1	0.43997502327
15	0	0.426311016083
15	1	0.50807595253
15	1	0.483251094818
16	1	0.460379123688
16	1	0.553571939468
16	1	0.493793010712
16	0	0.409657001495
16	1	0.521610975266
15	1	0.508734941483
16	1	0.433235883713
15	1	0.524197101593
15	1	0.512750864029
15	1	0.515154838562
15	1	0.474619150162
15	1	0.493256092072
16	1	0.432557106018
15	0	1.67531299591
16	1	0.58890581131
15	1	0.545640945435
15	1	0.570343017578
16	1	0.396893978119
15	1	0.403204917908
15	0	0.52162694931
16	1	0.476181030273
15	0	0.491804122925
15	1	0.466310977936
16	1	0.522217035294
16	1	0.48321390152
16	1	0.6119389534
15	1	0.570453166962
15	0	0.492206096649
15	1	0.724458932877
16	1	0.449725151062
15	0	0.748956203461
15	1	0.595672130585
16	1	0.585636138916
16	1	0.755270004272
15	1	0.523569822311
16	1	0.411746025085
16	1	0.449929952621
15	0	0.603339910507
16	1	0.482590913773
16	0	0.962943077087
15	1	0.54114985466
16	1	0.530113935471
15	0	0.708039045334
15	1	0.546236991882
15	1	0.568618059158
15	0	0.550160169601
16	1	0.465463876724
15	0	0.56446480751
16	0	0.713850975037
16	1	0.54141497612
16	1	0.609156131744
15	1	0.906507968903
15	0	0.395296096802
16	1	0.554088115692
9	1	0.715852022171
9	1	0.354032039642
9	1	0.337847232819
9	1	0.531701087952
9	1	0.636056900024
9	0	0.61056804657
9	1	0.404181957245
9	1	0.413134813309
9	1	0.545475959778
9	1	0.491787910461
9	0	0.482850074768
9	1	0.825157880783
9	1	0.438019037247
9	1	0.401952028275
9	1	0.386991024017
9	0	0.371846914291
9	1	0.548616886139
9	1	0.547102928162
9	1	0.43261384964
9	1	0.460186958313
9	1	0.437757015228
9	1	0.378712892532
9	1	0.482604980469
9	1	0.497025966644
9	1	0.618744134903
9	1	0.468914031982
9	1	0.386497974396
9	0	0.595308065414
9	1	0.426743030548
9	1	0.444833040237
9	1	0.354908943176
9	1	0.385650873184
9	1	0.459555149078
9	1	0.397023916245
9	1	0.571702957153
9	1	0.376924037933
9	1	0.598109006882
9	1	0.755591869354
9	1	0.5122859478
9	1	0.412084102631
9	1	0.554023981094
9	1	0.541324138641
9	1	0.592856168747
9	1	0.421920061111
9	1	0.473810195923
9	1	0.337722063065
9	1	0.492491960526
9	1	0.538067817688
9	1	0.412029027939
9	1	0.498528003693
9	1	0.434385061264
9	0	0.484945058823
9	1	1.04756307602
9	1	0.454125165939
9	1	0.400381088257
9	1	0.354966878891
9	1	1.0203371048
9	1	0.973136901855
9	1	0.514104127884
9	1	0.491511106491
9	1	0.610841035843
9	1	0.516075134277
9	1	0.491564035416
9	1	0.553055047989
9	0	0.444283008575
9	1	0.404040813446
9	1	0.490704059601
9	1	0.3871281147
9	1	0.523373842239
9	1	0.332154989243
9	1	0.456331014633
9	0	0.409092903137
9	1	0.604866027832
9	1	0.604689836502
9	1	0.668179035187
9	0	0.403137207031
9	1	0.564789056778
9	0	0.393156051636
9	1	0.476589918137
9	1	0.378263950348
9	1	0.474790096283
9	1	0.364848852158
9	1	0.370595932007
9	0	0.371534109116
9	1	0.605572938919
9	1	0.616160869598
9	1	0.734494924545
9	1	0.779097080231
9	1	0.752027988434
9	1	0.875783205032
9	1	0.914978981018
9	0	0.461181163788
9	0	1.13050699234
9	1	0.604249000549
9	1	0.569740056992
9	0	0.349066019058
9	1	0.499224901199
9	0	0.649795055389
9	1	0.68953704834
9	1	1.11682295799
9	1	0.49214720726
9	1	0.585541963577
9	1	0.564113140106
9	1	0.410978078842
9	1	0.428280830383
9	1	0.385272026062
9	1	0.387794017792
9	1	0.388605117798
9	1	0.385030984879
9	1	0.580336809158
9	1	0.477823972702
9	1	0.386613130569
9	1	0.346413135529
9	1	0.611140966415
9	1	0.889314889908
9	1	0.531313180923
9	1	0.558078050613
9	1	0.538555145264
9	1	0.540593862534
9	1	0.402656078339
9	1	0.467387914658
9	1	0.409041881561
9	1	0.412576913834
9	1	0.40460896492
9	1	0.490492105484
9	1	0.498049974442
9	1	0.388895988464
9	0	0.488399028778
9	1	0.477240085602
9	1	0.389102935791
9	1	0.417693138123
9	1	0.38792514801
9	0	0.386964797974
9	1	0.402383089066
9	0	0.484997034073
9	1	0.595669984818
9	1	0.488971948624
9	1	0.531584024429
9	1	0.570028066635
9	1	0.548188924789
9	1	0.385807991028
9	0	0.620398044586
9	0	0.666620016098
9	1	0.531414031982
9	1	0.491765975952
9	1	0.499754905701
9	1	0.433304071426
9	1	0.645678043365
16	1	0.940368890762
16	1	0.473779916763
16	1	0.601311206818
16	1	0.483711004257
15	1	0.587182998657
16	1	0.48326086998
16	0	0.444159030914
16	1	0.588005065918
16	1	0.531716108322
15	1	0.473620891571
15	1	0.483162879944
16	1	0.571248054504
15	1	0.443405866623
16	0	0.442291975021
15	1	0.725789070129
15	1	0.753153085709
15	1	0.469588041306
16	1	0.409716844559
16	1	0.42887711525
15	1	0.411090135574
15	1	0.593861103058
15	1	0.556302070618
16	1	0.802453994751
16	1	0.693499088287
15	1	0.472675085068
16	0	0.60431599617
15	1	0.528206110001
15	1	0.580956935883
15	1	0.539184093475
15	1	0.468363046646
16	1	0.536478996277
16	1	0.41086602211
16	1	0.572233915329
15	0	0.356084108353
16	1	0.442466020584
16	1	0.500148057938
15	1	0.418152093887
15	1	0.411619901657
15	1	0.339664936066
15	1	0.369838953018
16	1	0.652169942856
15	0	0.465281963348
15	1	0.370718002319
15	1	0.435193061829
16	1	0.603374004364
16	1	0.475983142853
16	1	0.371466159821
16	1	0.585926055908
16	0	0.627810001373
15	0	0.435318946838
16	1	0.432644128799
16	1	0.500034093857
15	1	0.475342988968
16	1	0.426971912384
15	1	0.563010931015
16	1	0.476393938065
16	1	0.385820150375
16	1	0.396680116653
15	0	0.402529001236
16	1	0.538973093033
16	1	0.803618907928
16	0	0.817033052444
16	1	0.492280006409
16	1	0.448170185089
16	0	0.757827997208
15	1	0.668252944946
15	0	0.416027069092
16	1	0.619880199432
15	1	0.553925991058
15	1	0.411145925522
15	1	0.56470990181
16	1	0.459590911865
16	0	0.762241125107
15	0	0.605193853378
15	1	0.521286010742
16	0	0.483897924423
16	1	0.473333120346
16	1	0.60445690155
15	1	0.900969028473
15	1	0.563983917236
15	0	0.760673999786
16	1	0.676362991333
15	0	0.819070100784
16	0	0.642906188965
16	1	0.626353025436
16	0	0.523167133331
15	1	0.628994941711
16	1	0.514098882675
16	1	0.460711956024
15	1	0.560913085938
15	1	0.539668798447
16	1	0.675316095352
15	0	0.459521055222
16	1	2.08640313148
15	1	0.985156059265
16	0	0.901571035385
15	1	0.489969015121
15	1	0.468554973602
15	0	0.476253032684
16	0	0.914223909378
16	1	0.516522884369
16	0	0.667145013809
16	1	0.473313808441
16	0	0.811242103577
16	0	1.09997677803
16	1	0.660474061966
15	1	0.474892854691
15	0	0.498293876648
15	0	0.41165804863
16	1	0.467490911484
15	1	0.579356908798
15	1	0.38467001915
16	1	0.486049175262
15	1	0.387624025345
16	1	0.434471845627
16	0	0.410354852676
15	0	0.510262012482
15	1	0.607131004333
15	0	0.533979177475
15	1	0.490284919739
16	1	0.643140077591
15	0	0.401769161224
15	1	0.476032018661
16	1	0.810283899307
15	0	0.547667980194
16	1	0.63436293602
15	1	0.851541996002
16	1	0.613760948181
16	0	3.51231694221
15	1	0.428743839264
16	1	0.386404037476
15	0	0.89004611969
16	1	0.515444040298
15	1	0.570916891098
16	1	0.452125072479
16	1	0.453436851501
16	1	0.546210050583
15	1	0.434640884399
16	1	0.499626874924
16	0	0.458911180496
15	1	0.380469083786
16	0	0.564181089401
16	0	0.657595157623
14	1	0.617978096008
13	0	0.419167995453
14	1	0.556171894073
14	1	0.581471920013
14	1	0.400193929672
13	1	0.348446846008
13	1	0.48984503746
13	1	0.45151591301
14	1	0.411228179932
13	1	0.377816915512
14	1	0.390129804611
14	1	0.313543081284
13	1	0.650407075882
13	1	0.477154970169
14	1	0.441333055496
13	1	0.485195875168
14	1	0.41755604744
13	1	0.418039083481
14	0	0.330998897552
14	1	0.523504018784
13	1	0.512837171555
14	1	0.628072023392
13	1	0.506035089493
14	1	0.459656000137
13	1	0.813452005386
14	1	0.434592008591
14	1	0.476488828659
14	0	0.480721950531
13	1	0.571084022522
13	1	0.395412921906
14	1	0.442625999451
14	1	0.370697021484
13	0	0.635301113129
14	1	0.397169113159
14	1	0.394193172455
14	1	0.533666849136
13	0	0.472405910492
14	1	0.587640047073
14	0	0.6577501297
13	1	0.742279052734
14	1	0.579566001892
13	1	0.515159845352
14	1	0.492343187332
14	0	0.393666982651
13	1	0.524742126465
13	1	0.546037197113
13	1	0.634654045105
13	1	0.418750047684
13	0	0.386432886124
13	0	0.918292045593
13	0	0.65771985054
14	1	0.55609703064
14	1	0.633328914642
14	0	0.332112073898
13	1	0.741685152054
14	1	0.521555185318
13	0	0.348042964935
14	1	0.362468004227
14	1	0.428688049316
14	0	0.36289191246
13	0	0.387320041656
14	0	0.452814102173
14	1	0.363185882568
14	1	0.298588991165
14	0	0.331948041916
14	0	0.496454954147
13	0	0.372893095016
14	1	0.435537815094
13	0	0.467099189758
14	1	0.592178106308
14	1	0.509507894516
13	1	0.697407007217
14	1	0.490082979202
13	0	0.548779964447
14	0	1.16981482506
14	0	0.388778924942
14	1	0.499786138535
13	1	0.489737987518
14	1	0.364134788513
13	1	0.408380031586
14	0	0.451369047165
13	1	0.627333879471
14	0	0.55655503273
13	0	2.76353788376
14	1	0.745347976685
14	1	0.587490081787
14	1	0.516371011734
14	1	0.701521158218
14	0	1.92874288559
14	1	0.69113612175
14	1	0.526546001434
13	0	0.489073038101
13	1	0.48468708992
13	0	0.653269052505
14	1	0.554095029831
13	1	0.6671230793
13	1	0.885267972946
13	0	0.45685005188
13	1	0.564918994904
13	1	0.962704896927
13	1	0.460473060608
14	1	0.425995826721
14	0	0.426347017288
14	1	0.530418157578
14	0	0.53148317337
14	1	1.08361697197
13	0	2.7802541256
14	0	0.584802150726
13	0	0.714993953705
13	1	0.627796888351
14	1	0.90120100975
14	1	0.402065038681
13	1	0.620672941208
13	1	0.514009952545
14	1	0.39652299881
13	0	0.385469913483
13	1	5.03389310837
14	1	0.381322860718
13	1	0.354317903519
14	1	0.306649923325
13	1	1.76920294762
14	0	0.421339035034
13	0	0.417518138885
13	1	0.506510972977
13	1	0.426913022995
14	1	3.09731316566
13	0	0.354988098145
13	0	0.516107082367
13	1	0.859755992889
13	1	0.41973900795
14	0	0.427680969238
14	1	0.602536916733
13	0	0.387734889984
13	1	0.410190105438
13	0	0.529195070267
14	1	0.883851051331
13	1	3.30015611649
13	0	0.441307067871
13	0	0.507725954056
12	1	0.619376182556
12	1	0.572017908096
12	1	0.403861045837
12	1	0.427129983902
12	1	0.411707878113
12	0	0.41698384285
12	1	0.492470026016
12	0	0.426936149597
12	1	0.377789974213
12	1	0.378604888916
12	1	0.363938093185
12	1	0.347304821014
12	1	0.348958969116
12	0	0.42586517334
12	0	0.40359711647
12	1	0.701694011688
12	1	0.54537987709
12	1	0.563235044479
12	1	0.635357141495
12	1	0.456763029099
12	1	0.372617959976
12	1	0.468882083893
12	1	0.578910827637
12	1	0.371232032776
12	0	0.620018005371
12	1	0.403213024139
12	1	0.474380016327
12	0	1.09750413895
12	1	0.589563131332
12	1	0.578113079071
12	1	0.394788980484
12	1	0.358668804169
12	1	0.370489835739
12	0	0.303954124451
12	1	0.524149894714
12	1	0.361861944199
12	0	0.362462043762
12	1	0.459500789642
12	1	0.341964960098
12	0	0.539184808731
12	0	0.457955121994
12	1	0.403446912766
12	1	0.468214035034
12	1	0.458363056183
12	1	0.402651071548
12	0	0.468016862869
12	0	0.514554977417
12	1	0.48489689827
12	1	0.412137031555
12	0	0.395463943481
12	1	0.393754959106
12	1	0.379410028458
12	0	0.309571027756
12	1	0.451501846313
12	1	0.393973827362
12	1	0.496720075607
12	0	0.494000911713
12	1	0.657393217087
12	1	0.595699071884
12	1	0.645250082016
12	0	0.563452005386
12	1	0.545727014542
12	1	0.392297029495
12	0	0.356229066849
12	1	0.396956920624
12	0	0.651145935059
12	0	0.506737947464
12	1	0.907275915146
12	1	0.444220066071
12	1	0.443209886551
12	0	0.418314933777
12	1	0.506109952927
12	1	0.554469108582
12	1	0.380319833755
12	1	0.505883932114
12	1	0.561895847321
12	1	0.386942863464
12	1	0.853600025177
12	0	0.410804986954
12	1	0.529911994934
12	1	0.482116937637
12	1	0.43514418602
12	1	0.403105974197
12	1	0.371046066284
12	1	0.50066614151
12	1	0.395238161087
12	1	0.449440002441
12	1	0.435824871063
12	1	0.459858894348
12	1	0.490433931351
12	1	0.524998903275
12	1	0.532115936279
12	0	0.474674940109
12	0	0.649258136749
12	1	0.589993000031
12	1	0.676555871964
12	1	0.360306978226
12	1	0.322994947433
12	0	0.300827026367
12	1	0.514050006866
12	0	0.33911895752
12	1	0.477443933487
12	1	0.424006938934
12	0	0.446049928665
12	1	0.44896697998
12	1	0.555324077606
12	1	0.634547948837
12	0	0.370580911636
12	1	0.812952041626
12	1	0.491497039795
12	1	0.514796972275
12	1	0.713567972183
12	0	0.562373161316
12	1	0.419404983521
12	1	0.509708166122
12	1	0.571079969406
12	1	0.572177886963
12	0	0.568694114685
12	0	0.412901878357
12	1	0.629614830017
12	1	0.818106174469
12	1	0.451898097992
12	1	0.450705051422
12	0	0.643876075745
12	1	0.843420028687
12	0	0.864000082016
12	1	0.484357118607
12	1	0.609656095505
12	1	0.635215044022
12	1	0.418188095093
12	1	0.380146980286
12	1	0.397228956223
12	1	0.410363912582
12	1	0.467446088791
12	0	0.380082845688
12	1	0.561985015869
12	1	0.39466714859
12	1	0.355085849762
12	1	0.348979949951
12	1	0.409790992737
12	1	0.610409021378
12	0	0.339699983597
12	1	0.475681781769
12	1	0.476340055466
12	0	0.436322927475
12	1	0.490767002106
12	1	0.394093036652
12	1	0.438169956207
12	1	0.426764011383
12	0	0.346204996109
14	1	0.61354804039
14	1	0.528578996658
13	1	0.442115068436
13	0	0.379138946533
14	1	0.444733142853
14	1	0.593511104584
14	1	0.611109972
14	1	0.515730857849
14	1	0.424031019211
13	1	0.372983932495
13	0	0.410749912262
13	1	0.698657989502
14	1	0.465537071228
14	1	0.49390912056
13	1	0.419216871262
14	1	0.361901044846
14	1	0.44450211525
14	1	0.449156999588
13	1	0.363729953766
13	1	0.604495048523
14	1	0.554154872894
13	1	0.691413879395
14	1	0.602584838867
14	1	0.483291864395
13	1	0.620558023453
14	1	0.440837860107
13	0	0.436074972153
14	1	0.547472000122
13	1	0.618937969208
13	1	0.458931922913
13	1	0.458302021027
14	1	0.490146160126
14	1	0.467943906784
13	1	0.523056983948
13	1	0.941014051437
13	1	0.521991968155
13	1	0.56373500824
14	1	0.451826095581
13	1	0.458009004593
13	1	0.499545097351
13	1	0.38560795784
14	1	0.451778888702
13	1	0.595741033554
13	1	0.5398209095
13	1	0.578541040421
14	1	0.363733053207
14	1	0.538130998611
14	1	0.516283035278
14	1	0.426609992981
13	1	0.532250881195
14	1	0.579502820969
13	0	0.762206077576
14	1	0.468453884125
13	1	0.39396905899
14	1	0.668141841888
14	1	0.536790847778
13	1	0.403264045715
14	1	0.620301961899
13	0	0.417644023895
13	1	0.468577861786
14	1	0.552868127823
13	1	0.668186903
13	1	0.505591869354
14	0	0.410837888718
14	1	0.509126901627
13	1	0.43482208252
13	1	0.360316038132
13	0	0.340280056
14	1	0.386454105377
14	0	0.475399971008
14	1	0.475785017014
13	1	0.481182098389
14	1	0.628431081772
13	1	0.556447029114
13	1	0.426022052765
14	1	0.387510061264
13	1	0.595379114151
13	1	0.385934829712
13	1	0.370533943176
13	1	0.372173786163
14	1	0.925748109818
13	1	0.393038034439
14	1	0.435875177383
14	0	0.507386922836
13	1	0.492842912674
13	1	0.641286849976
13	1	0.435453176498
14	1	0.700539827347
13	0	1.00466895103
14	1	0.570050954819
13	0	0.756032943726
14	1	0.731145143509
14	1	0.434944152832
13	1	0.721667051315
14	1	0.538733959198
14	1	0.413813829422
14	1	0.513957977295
13	1	0.41880607605
14	1	0.466101884842
14	1	0.418655872345
14	1	0.398725986481
13	1	0.587000131607
14	1	0.394169092178
13	1	0.514868974686
14	0	0.386255025864
13	1	0.467061042786
14	1	0.418645143509
14	1	0.404512882233
14	1	0.497949123383
13	1	0.651506900787
13	1	0.692934036255
13	1	0.466972112656
14	1	0.429804086685
14	1	0.489226102829
14	1	0.465758085251
14	1	0.348323106766
13	1	0.461182832718
14	1	0.435358047485
13	1	0.435623168945
13	1	0.448240995407
13	1	0.469024896622
13	1	0.516301870346
14	0	0.577665090561
13	0	0.539782047272
14	1	0.484941005707
14	1	0.496262073517
13	1	0.780982017517
13	1	0.442589044571
14	1	0.387407064438
14	1	0.499042034149
13	0	0.869517087936
14	0	0.415486097336
14	1	0.574721097946
14	1	0.427611112595
14	1	0.408632993698
13	1	0.411683082581
14	1	0.346705913544
13	1	0.468261003494
13	1	0.852658033371
13	1	0.427523851395
13	1	0.592643022537
14	1	0.458945035934
13	1	0.516638994217
14	0	0.810799121857
13	1	0.449268817902
14	1	0.52246594429
13	1	0.47639298439
13	1	0.658749818802
13	1	0.409065008163
21	1	0.483160972595
21	1	0.411715984344
21	0	0.658411026001
22	1	0.531797170639
21	1	0.675874948502
21	1	0.588923931122
22	0	0.451391935349
21	1	0.299543142319
22	1	0.384478092194
21	1	0.389121055603
22	0	0.377144098282
22	1	0.538703203201
22	1	0.557193040848
22	1	0.714426994324
22	1	0.517030000687
21	1	0.427172899246
22	0	0.435986042023
21	1	0.385823965073
21	1	0.555097103119
21	1	0.706498146057
22	1	0.363509178162
21	1	0.442625999451
21	1	0.419845819473
21	1	0.579195022583
21	1	0.346920967102
21	1	0.540084123611
22	1	0.498140096664
22	1	0.691013097763
22	1	0.428883075714
22	1	0.553572893143
21	1	0.627802848816
21	1	0.402777910233
22	1	0.528653860092
21	1	0.507081031799
22	1	0.507282018661
21	1	0.314299106598
21	0	0.394338130951
21	1	0.524729967117
22	1	0.611163854599
22	1	0.387292861938
21	1	0.515158176422
22	0	0.460860013962
22	1	0.53959608078
21	1	0.987450122833
22	0	0.609987974167
21	1	0.651374101639
21	1	0.602613925934
21	1	0.363214969635
21	1	0.380509853363
22	1	0.634454011917
22	1	0.307548046112
22	1	0.339471101761
21	1	0.29897403717
21	1	0.548305988312
21	1	0.44294500351
22	0	0.330701112747
21	1	0.907924890518
21	1	0.313715934753
21	1	0.322824001312
22	1	0.34819483757
22	1	0.316529989243
22	1	0.464866876602
21	0	0.570819139481
21	0	0.594101905823
22	1	0.484344005585
22	1	0.476207017899
21	0	0.386042833328
21	1	0.626574039459
21	1	0.538415908813
21	1	0.330926895142
21	0	0.427757978439
21	0	0.340644836426
22	0	0.264496088028
22	0	0.270190000534
21	1	0.554479122162
21	0	0.434641122818
22	1	1.69162607193
22	1	0.611063957214
22	1	0.48370885849
22	1	0.490213155746
22	1	0.587561845779
21	1	0.860378980637
21	1	0.530335903168
21	1	0.594790935516
22	0	0.612340927124
22	1	0.539123058319
22	1	0.490299940109
21	1	0.516038894653
21	0	0.71461892128
21	1	0.537574052811
22	0	0.779004096985
21	1	0.708874940872
21	0	0.993886947632
22	1	0.371784925461
21	1	0.459724903107
21	1	0.80991601944
21	1	0.451698064804
21	0	0.763300180435
21	1	0.683880090714
22	0	0.457437038422
21	0	0.443536996841
21	0	0.363036870956
21	0	0.755390882492
22	1	0.755254030228
21	1	0.722285032272
22	1	0.450934886932
22	0	0.499040126801
21	1	0.505827903748
21	1	0.45329785347
22	0	0.425998926163
21	1	0.770432949066
21	1	0.628644943237
22	1	0.691915035248
21	1	0.571019887924
22	1	0.46785402298
22	1	0.392577171326
21	1	0.733737945557
22	1	0.53188586235
21	1	0.426698923111
22	1	0.394177913666
21	1	0.716209173203
22	1	0.604065179825
21	1	0.561560869217
22	1	0.452857971191
21	1	0.584836959839
22	1	0.452392101288
21	1	0.587054014206
21	0	1.00340795517
22	1	0.579944133759
21	1	0.570795059204
21	1	0.522158145905
22	1	0.467247962952
22	1	0.394597053528
21	1	0.851502895355
22	1	0.501018047333
21	1	0.594799041748
22	1	0.402618169785
22	1	0.708312034607
21	1	0.556124925613
22	1	0.569555997849
21	1	0.523907184601
21	1	0.507114171982
22	1	0.507308006287
22	1	0.410700082779
21	1	0.467683076859
21	1	0.49103808403
22	1	0.474493026733
20	1	0.554386138916
20	1	0.403236150742
20	0	0.523412942886
20	1	0.516269922256
20	1	0.467684984207
20	1	0.418249845505
20	1	0.404605150223
20	1	0.434542894363
20	1	0.396052837372
20	1	0.361794948578
20	1	0.339966058731
20	1	0.563632965088
20	1	0.323360919952
20	1	0.427683830261
20	1	0.458770990372
20	1	0.458437919617
20	0	0.612197875977
20	1	0.555111885071
20	1	0.531492948532
20	1	0.52124786377
20	1	0.653702020645
20	1	0.466585874557
20	1	0.498273849487
20	1	0.611119031906
20	1	0.37097120285
20	1	0.450647830963
20	0	0.501664161682
20	1	0.545453071594
20	1	0.404042959213
20	1	0.554284095764
20	0	0.459442138672
20	1	0.394127130508
20	1	0.570870161057
20	1	0.386703014374
20	0	0.387674093246
20	1	0.482902050018
20	1	0.524129867554
20	1	0.481263875961
20	1	0.530859231949
20	1	0.419877052307
20	1	0.42816400528
20	1	0.642703771591
20	0	0.500007152557
20	1	0.548202991486
20	1	0.578501224518
20	1	0.504526138306
20	1	0.396309137344
20	1	0.532706022263
20	1	0.403626203537
20	1	0.394013881683
20	1	0.834547996521
20	1	0.419656038284
20	1	0.665733098984
20	1	0.490961790085
20	1	0.555732011795
20	0	0.435955047607
20	1	0.499133825302
20	1	0.481477022171
20	1	0.466689109802
20	1	0.811177015305
20	0	0.420203924179
20	1	0.410903930664
20	1	0.466470003128
20	1	0.387785196304
20	1	0.635161876678
20	1	0.762809991837
20	1	0.595791101456
20	1	0.488963127136
20	1	0.596999883652
20	1	0.745329141617
20	1	0.441824913025
20	1	0.483515977859
20	1	0.370287895203
20	1	0.459876060486
20	0	0.338064908981
20	1	0.429044961929
20	1	0.418805122375
20	1	0.434269189835
20	1	0.379785060883
20	1	0.355445861816
20	0	0.578133106232
20	0	0.420253038406
20	1	0.370527982712
20	1	0.578672885895
20	1	0.386620998383
20	1	0.5076649189
20	1	0.378283023834
20	0	0.786772012711
20	1	0.602767944336
20	1	0.707440137863
20	0	0.603271007538
20	1	0.562705039978
20	1	0.532649993896
20	1	0.65966296196
20	1	0.498733997345
20	1	0.523121118546
20	1	0.451644897461
20	0	0.642865180969
20	1	0.578342914581
20	0	0.594334125519
20	1	0.556150197983
20	1	0.731429100037
20	0	0.899600028992
20	0	0.498517036438
20	0	0.506308794022
20	1	0.548024892807
20	1	0.634575843811
20	1	1.29089403152
20	1	1.02872514725
20	1	0.48214507103
20	1	0.66740489006
20	1	0.931027173996
20	1	0.554954051971
20	1	0.512756109238
20	1	0.508945941925
20	1	0.514396905899
20	1	0.572223901749
20	1	0.577702045441
20	1	0.562297105789
20	1	0.811989068985
20	1	0.939522027969
20	1	0.665088176727
20	1	0.636051893234
20	1	0.419341087341
20	1	0.533150911331
20	1	0.602137804031
20	1	0.708955049515
20	0	1.09019899368
20	1	0.611106157303
20	1	0.468678951263
20	1	0.505170106888
20	0	0.722844839096
20	1	0.499566078186
20	1	0.538857936859
20	1	0.573472976685
20	1	0.482643842697
20	1	0.643301963806
20	0	0.673632860184
20	1	1.3177189827
20	1	0.553447008133
20	1	0.62656211853
20	1	0.779936075211
20	1	0.876791954041
20	1	0.386600971222
20	1	0.468689918518
20	1	0.795345067978
17	1	0.516446113586
17	1	0.449800014496
17	1	0.364520072937
17	1	0.3627140522
17	1	0.411643028259
17	1	0.378874778748
17	1	0.482819080353
17	1	0.611654043198
17	1	0.594193935394
17	1	0.49249792099
17	1	0.394016981125
17	1	0.387498140335
17	1	0.51439499855
17	1	0.490813970566
17	1	0.434982061386
17	1	0.397021055222
17	1	0.522890806198
17	1	0.458168983459
17	1	0.363049030304
17	1	0.547580003738
17	1	0.467366933823
17	1	0.442899942398
17	1	0.458755970001
17	1	0.411756038666
17	1	0.396279096603
17	0	0.409789800644
17	1	0.507851839066
17	1	0.588278055191
17	1	0.772491931915
17	1	0.577481031418
17	1	0.371215820312
17	0	0.394726991653
17	1	0.458988904953
17	1	0.450906038284
17	1	0.386734008789
17	1	0.379801988602
17	1	0.458817958832
17	1	0.508055925369
17	1	0.563066005707
17	1	0.6200299263
17	1	0.465085029602
17	1	0.357894897461
17	1	0.442981004715
17	1	0.396218061447
17	1	0.419704914093
17	1	0.442362070084
17	1	0.476588010788
17	1	0.3777821064
17	1	0.348453998566
17	1	0.483597993851
17	1	0.53887796402
17	1	0.395643949509
17	1	0.594774007797
17	1	0.403079986572
17	1	0.466490983963
17	1	0.460412979126
17	1	0.45892906189
17	1	0.506781101227
17	0	0.524761915207
17	1	0.442815065384
17	1	0.44377207756
17	1	0.338293075562
17	1	0.419656038284
17	1	0.459327936172
17	1	0.41154718399
17	1	0.475965976715
17	1	0.532009840012
17	1	0.593839168549
17	1	0.625763177872
17	1	0.796412944794
17	1	0.532447099686
17	1	0.474930047989
17	1	0.531680107117
17	1	0.52308511734
17	1	0.475873947144
17	0	0.392705917358
17	1	0.500638008118
17	1	0.418747901917
17	1	0.748137950897
17	0	0.641098976135
17	1	0.458710193634
17	0	0.508316040039
17	1	0.465818166733
17	1	0.66806101799
17	1	0.532526016235
17	1	0.435549974442
17	1	0.59391617775
17	1	0.650223016739
17	1	0.634368896484
17	1	0.805088996887
17	1	0.450904130936
17	1	0.779736042023
17	1	0.435417890549
17	1	0.499058008194
17	1	0.43358206749
17	1	0.499176979065
17	0	0.73002409935
17	1	0.72517490387
17	1	0.665201187134
17	1	0.883022069931
17	1	0.642554044724
17	1	0.5004529953
17	1	0.402657032013
17	1	0.340215921402
17	0	0.714597940445
17	1	0.50850892067
17	1	0.483236074448
17	1	0.458914995193
17	1	0.554082155228
17	1	0.314785003662
17	1	0.387463092804
17	1	0.653090953827
17	1	0.425348997116
17	1	0.410109043121
17	1	0.63769197464
17	0	0.683179855347
17	1	0.792684078217
17	1	1.21488809586
17	1	0.812853097916
17	0	0.659434080124
17	1	0.578253984451
17	1	0.539369106293
17	1	0.508628129959
17	1	0.561910152435
17	1	0.633903980255
17	1	0.69202208519
17	0	0.443321943283
17	1	1.32415795326
17	1	0.435215950012
17	1	2.02616691589
17	1	0.442254066467
17	1	0.988240003586
17	0	0.459969997406
17	1	0.552850961685
17	1	0.445544958115
17	1	0.424563884735
17	0	0.387815952301
17	1	0.506500959396
17	1	0.562689781189
17	1	0.538473129272
17	0	0.602736949921
17	1	0.539227962494
17	0	0.75550198555
17	1	0.458904981613
17	1	0.468732118607
17	1	0.563575983047
17	1	0.563583135605
18	0	0.747311115265
18	1	0.499543190002
18	1	0.497334957123
18	1	0.651173830032
18	1	0.388170003891
18	0	0.530179977417
18	1	0.772717952728
18	1	0.403045892715
18	1	0.403614997864
18	1	0.39444899559
18	1	0.611754894257
18	1	0.457702875137
18	1	0.451909065247
18	1	0.411932945251
18	1	0.40919303894
18	0	0.484671115875
18	1	0.52995800972
18	1	0.459843158722
18	1	0.395000934601
18	0	0.355829000473
18	1	0.4346139431
18	1	0.571007013321
18	1	0.452418088913
18	1	0.77019405365
18	1	0.556784152985
18	1	0.715887069702
18	1	0.70693898201
18	1	0.61180305481
18	1	0.60283613205
18	1	0.515085935593
18	1	0.586475849152
18	1	0.481897115707
18	1	0.459408998489
18	1	0.613326072693
18	1	0.610798120499
18	1	0.426713943481
18	1	0.595418930054
18	1	0.586930036545
18	1	0.458921909332
18	0	1.23662686348
18	1	0.474025964737
18	1	0.8188829422
18	1	0.810670137405
18	1	0.635384082794
18	1	0.627851963043
18	1	0.485049962997
18	1	0.474133968353
18	1	0.401592969894
18	1	0.435750961304
18	0	0.442420959473
18	1	1.15563297272
18	0	0.690109014511
18	1	0.611941099167
18	1	0.89994597435
18	1	0.394656896591
18	1	0.411214828491
18	1	0.444423913956
18	1	0.378234148026
18	1	0.490768909454
18	1	0.426527023315
18	1	0.33958697319
18	1	0.572583198547
18	1	0.361565828323
18	1	0.628551006317
18	1	0.795865058899
18	1	0.451767206192
18	1	0.60361790657
18	1	0.403300046921
18	1	0.388869047165
18	1	0.403913974762
18	0	0.39450097084
18	0	0.401178121567
18	1	0.515555858612
18	1	0.611118078232
18	1	0.602907896042
18	1	0.529964208603
18	1	0.507860898972
18	1	0.4525141716
18	1	0.393750905991
18	1	0.43617105484
18	1	0.584999084473
18	1	0.468028068542
18	1	1.31559896469
18	1	0.563609838486
18	1	0.747642040253
18	1	0.361595869064
18	1	0.394049882889
18	1	0.459314107895
18	1	0.9001288414
18	1	0.651309013367
18	1	0.770135879517
18	1	0.412151098251
18	1	0.651885032654
18	1	0.442297935486
18	1	0.569535017014
18	1	0.555515050888
18	1	0.643695116043
18	1	0.547743082047
18	1	0.482434988022
18	1	0.412531852722
18	1	0.376687049866
18	0	0.30938410759
18	1	0.851588010788
18	1	0.499872922897
18	1	0.466172933578
18	0	0.524322032928
18	1	0.506051063538
18	1	0.419404029846
18	1	0.44424200058
18	1	0.458786964417
18	1	0.865885972977
18	1	0.460335016251
18	1	0.385916948318
18	1	0.499611854553
18	1	0.393341779709
18	1	0.477094173431
18	1	0.355843067169
18	0	0.409878969193
18	1	0.652899980545
18	0	0.538773059845
18	0	0.419976949692
18	1	0.465123176575
18	1	0.513398170471
18	1	0.492232084274
18	1	0.451462984085
18	1	0.404084920883
18	1	0.362298965454
18	1	0.644693851471
18	0	0.32216501236
18	1	0.435765981674
18	0	0.906393051147
18	1	0.547121047974
18	1	0.625529050827
18	1	0.467628955841
18	0	0.579272985458
18	1	0.451742887497
18	1	0.5304210186
18	1	0.481314182281
18	1	0.410822153091
18	1	0.532754182816
18	1	0.55411195755
18	0	0.593930959702
18	1	0.53177189827
18	1	0.468311071396
18	1	0.435042142868
18	1	0.394892930984
18	0	0.473495960236
22	0	0.651046991348
21	1	0.45929479599
21	1	0.419183015823
22	1	0.434552907944
22	1	0.50174498558
21	1	0.593670845032
22	1	0.626342773438
21	1	0.411883115768
22	1	0.369730949402
21	0	0.333374977112
22	1	0.387495994568
22	0	0.546261072159
21	1	0.46003985405
22	1	0.610022068024
21	1	0.876097917557
21	1	0.419428825378
21	1	0.545977115631
22	1	0.530538082123
21	1	0.412148952484
22	0	0.443166971207
21	1	0.532358169556
21	1	0.435726881027
22	1	0.530001163483
22	1	0.626264095306
22	0	0.507515907288
21	1	0.56408405304
22	1	0.778359174728
21	1	0.65098118782
21	1	0.484452962875
21	1	0.379101991653
22	1	0.547390937805
21	1	0.417578935623
22	1	0.717140197754
22	1	0.426090955734
21	1	0.427042007446
21	1	0.540062189102
21	1	0.419713020325
21	1	0.394891023636
22	1	0.465436935425
21	1	0.39603304863
21	1	0.459151029587
21	1	0.521641016006
22	1	0.884027957916
21	0	0.548200845718
22	1	0.587097167969
21	1	0.500386953354
22	1	0.577933073044
22	0	0.586819887161
21	1	0.419960975647
21	1	0.403785943985
22	0	0.600724935532
22	1	0.676362991333
22	1	0.60170507431
21	1	0.580998897552
22	1	0.467125892639
21	0	0.64934015274
22	1	0.517024993896
22	1	0.63628411293
21	1	1.18707108498
21	1	0.466814041138
21	1	0.43409204483
22	1	0.398006916046
21	1	0.401469945908
22	1	0.594746828079
22	1	0.380425930023
22	1	0.506766080856
21	1	0.56214094162
22	1	0.585690021515
21	1	0.476253986359
22	1	0.467422962189
22	1	0.667489051819
22	0	0.524780035019
21	1	0.722397089005
21	0	0.385303974152
22	1	0.459160089493
22	1	0.491671085358
22	1	0.548142910004
22	1	0.492136001587
21	1	0.378392934799
22	0	0.357111930847
22	1	0.538375139236
21	1	0.634886980057
21	1	0.490978002548
21	0	0.452744007111
21	1	0.593472003937
22	0	0.523119926453
22	1	0.58685708046
21	1	0.69907784462
22	1	0.556684970856
21	0	0.41832113266
21	1	0.435532093048
22	0	0.458022117615
21	0	0.700562953949
21	1	0.794065952301
22	1	0.523772001266
22	1	0.418634176254
21	1	0.436609983444
21	1	0.547527074814
21	1	1.21968102455
22	1	0.451347827911
21	1	0.442004919052
21	1	0.47554898262
21	0	0.475892066956
21	0	0.538162946701
22	1	0.579888105392
21	1	0.433397054672
22	0	0.371630191803
22	1	0.779495954514
22	1	0.444533109665
22	1	0.402101993561
22	1	0.627013921738
22	1	0.467934846878
21	0	0.88195514679
22	1	0.508796930313
21	1	0.819035053253
22	1	0.529793024063
22	1	0.499793052673
21	0	0.708652019501
22	1	0.392949819565
22	0	0.651132822037
21	0	0.564644098282
21	1	0.91340303421
21	1	0.444422006607
21	0	0.427376031876
22	1	0.555874109268
22	1	0.4835460186
22	1	0.444478988647
21	1	2.7153840065
21	1	0.602015018463
21	1	0.402983903885
22	1	0.459029197693
21	1	0.730293989182
21	0	0.554848909378
22	1	0.819771051407
21	1	0.554662942886
22	1	0.478144884109
21	1	0.537879943848
21	1	0.466362953186
21	1	0.468058109283
21	1	0.475337028503
21	1	0.49911403656
21	1	0.427921056747
22	1	0.537178993225
21	1	0.685311079025
22	0	0.450418949127
23	0	1.29304504395
24	1	0.626451015472
24	1	0.460261106491
24	1	0.609913825989
23	1	0.48977804184
24	1	0.580745220184
23	0	0.467686891556
24	1	0.570643901825
23	1	0.443793058395
23	1	0.803873062134
24	1	0.579019784927
24	1	0.571552991867
24	1	0.451174020767
24	1	0.715294837952
23	1	0.673902988434
23	1	0.747434854507
24	1	0.388511896133
23	1	0.577492952347
23	1	0.554368019104
23	1	0.48326086998
23	1	0.436778068542
23	0	0.466775178909
23	1	0.539484977722
23	1	0.426959991455
23	1	0.52316403389
23	1	0.555391073227
24	1	0.40302491188
24	1	0.563505172729
23	1	0.539527893066
23	1	0.553112983704
24	1	0.63455915451
23	1	0.46034693718
23	1	0.453084945679
24	1	0.37792801857
24	0	0.563784122467
24	1	0.483809947968
24	1	0.377148151398
23	1	0.395161867142
24	1	0.5013859272
24	1	0.442955970764
24	1	0.53787112236
24	1	0.538793087006
23	1	0.421018838882
24	1	0.491397857666
23	1	0.930903911591
23	1	0.53221988678
23	1	0.417858839035
23	1	0.426706075668
24	1	0.514964103699
23	1	0.422514200211
23	1	0.47474694252
24	1	0.682597875595
24	1	0.450923204422
24	1	0.428989887238
23	1	0.385226964951
23	1	0.393981218338
23	1	0.404017925262
23	0	0.305899143219
23	1	0.587177991867
24	0	0.770243883133
23	1	0.851459026337
24	1	0.532164096832
23	0	0.892667770386
23	0	0.651020050049
23	1	0.665061950684
23	1	0.674584150314
23	0	0.797508001328
24	1	0.570371866226
23	1	0.515035152435
24	1	0.483069896698
24	1	0.379180908203
23	1	0.403895139694
24	1	0.532271146774
23	1	0.568807840347
23	1	0.450978040695
23	1	0.444621086121
23	1	0.355057954788
24	1	0.434679985046
23	1	0.410943984985
24	1	0.482977867126
24	1	0.611737966537
23	1	0.588990926743
24	1	0.57893204689
24	1	0.54061794281
23	1	0.49688911438
23	1	0.70551609993
23	1	0.532809019089
24	0	0.394423961639
24	1	0.522500991821
24	0	0.601940155029
23	1	0.66743183136
24	1	0.588025093079
23	1	0.434901952744
24	1	0.804900169373
24	1	0.434309005737
23	1	0.715199947357
24	1	0.661385059357
24	1	0.505567073822
24	1	0.451159954071
23	1	0.731029033661
23	1	1.19446492195
23	0	0.451313972473
23	1	0.709697008133
23	1	0.529922008514
24	1	0.651039838791
23	1	0.530635118484
24	0	0.818554878235
23	1	1.10045814514
23	0	0.793906927109
24	1	0.404071092606
24	1	0.451298952103
23	1	0.416113138199
23	1	0.413521051407
24	1	0.674278020859
24	1	0.546658992767
23	0	0.425081014633
24	1	0.628659009933
23	1	0.795126914978
23	1	0.469060182571
23	1	0.594197034836
23	1	0.522176027298
23	1	0.634740829468
23	0	0.436897993088
23	1	0.47406411171
23	1	0.538485050201
23	1	0.515647888184
24	1	0.4902780056
23	1	0.499612092972
24	1	0.745229959488
24	1	0.587456941605
24	1	0.500008106232
23	1	0.611405134201
24	0	0.507394075394
24	1	0.538148880005
24	1	0.443310022354
24	1	0.563510894775
23	1	0.618160963058
23	0	0.403846025467
24	1	0.555639028549
24	1	0.436339139938
24	1	0.553642034531
24	1	0.443806171417
24	1	0.571216106415
23	1	0.45036315918
23	0	0.474464893341
23	1	0.539938211441
23	1	0.403301954269
23	1	0.387423038483
24	1	0.443446874619
23	1	0.419733047485
24	1	0.449687004089
23	1	0.394647121429
23	1	0.444139003754
24	1	0.419219970703
24	1	0.379488945007
24	1	0.523886919022
24	1	0.52237200737
24	1	0.468245029449
24	1	0.481873989105
24	1	0.443928956985
23	1	0.626406908035
23	1	0.668207168579
24	1	0.449601888657
24	1	0.509667873383
23	1	0.4263920784
23	1	0.403390884399
24	1	0.514358043671
23	1	0.412031888962
23	1	0.787282943726
23	1	0.451677083969
23	1	0.643258810043
24	1	0.564367055893
23	1	0.664916038513
23	1	0.435115814209
23	0	0.445692062378
23	1	0.522713899612
23	1	0.428478956223
23	1	0.450904130936
23	1	0.634657144547
23	1	0.547420024872
24	1	0.555578947067
24	1	0.771961927414
23	1	0.618106126785
24	1	0.643890142441
23	1	0.523301124573
23	1	0.47752404213
24	1	0.402714014053
24	0	0.5769572258
24	1	0.699194908142
23	1	0.748259067535
23	1	0.498580932617
24	1	0.377685070038
24	1	0.628325939178
23	1	0.403720855713
24	1	0.489749908447
23	0	0.643861055374
24	1	0.483991146088
24	1	0.569102048874
23	1	0.484822034836
23	1	0.556084871292
23	1	0.479959964752
23	1	0.596823215485
23	1	0.595808029175
24	1	0.427510023117
24	1	0.697391986847
24	1	0.468189954758
23	1	0.420598983765
24	1	0.492136955261
23	1	0.537662029266
24	0	0.362677097321
24	1	0.442623138428
23	1	0.477272987366
24	1	0.418045043945
24	1	0.41135597229
23	1	0.83535194397
23	1	0.401195049286
24	1	0.58070898056
23	1	0.515371799469
24	1	0.970711946487
24	1	0.40475320816
24	1	0.402543067932
24	1	0.579696178436
23	1	0.460392951965
24	1	0.609164953232
23	0	0.485562086105
23	1	0.633444070816
23	1	0.531867027283
23	1	0.395911931992
24	1	0.611629962921
23	1	0.561033964157
24	1	0.444090127945
23	0	0.507620096207
23	1	0.45746588707
23	1	0.546399116516
23	1	1.27596402168
23	1	0.603924036026
24	1	0.634387969971
23	1	0.884533882141
23	1	1.95504283905
24	1	0.428097963333
24	1	0.602678060532
24	1	1.25231695175
24	1	0.459367036819
24	1	0.777895212173
24	1	0.579981088638
24	1	0.676285028458
24	1	0.563547849655
23	1	0.77899813652
24	1	0.37872505188
24	1	0.363231182098
23	1	0.420158863068
24	1	0.554717063904
23	1	0.466903924942
23	0	0.36468911171
23	1	0.545408964157
23	1	0.466500997543
24	1	0.3950278759
24	1	0.562919855118
24	1	0.410351037979
24	1	0.507647037506
23	1	0.307749986649
23	1	0.444356918335
24	1	0.499044179916
23	1	0.450960159302
24	0	0.395356893539
23	1	0.63731098175
23	1	0.651355028152
23	1	0.465690851212
23	1	0.411796808243
24	0	0.410974025726
23	1	0.491150856018
24	1	0.443470001221
23	0	0.762840986252
23	1	0.617403030396
24	0	0.492117881775
24	0	1.66943120956
24	1	0.514515161514
24	1	0.442988872528
23	0	0.459383010864
24	1	0.39613699913
23	0	0.63445520401
23	0	0.428328037262
23	1	0.483043909073
23	1	0.635502099991
24	1	0.394970178604
23	1	0.429075956345
24	0	0.64904499054
24	1	0.549665927887
23	0	0.947605848312
24	1	0.786642789841
24	1	0.578475952148
19	1	0.555362939835
19	1	0.427919864655
19	0	0.39422917366
19	1	0.426082134247
19	1	0.508785009384
19	1	0.426343917847
19	1	0.491178035736
19	1	0.403668880463
19	1	0.426311969757
19	1	0.387547016144
19	1	0.388859987259
19	0	0.843575000763
19	0	0.746147155762
19	1	0.789698123932
19	1	0.611480951309
19	1	0.425721168518
19	1	0.387448072433
19	1	0.467461109161
19	1	0.419445037842
19	1	0.435528993607
19	1	0.4026658535
19	1	0.4505879879
19	1	0.477233886719
19	1	0.416887044907
19	1	0.4358689785
19	1	0.540168046951
19	1	0.547219991684
19	1	0.34516787529
19	1	0.589301109314
19	1	0.331484079361
19	1	0.434130907059
19	0	0.363827943802
19	1	0.435655117035
19	1	0.554294109344
19	0	0.380907058716
19	1	0.562165975571
19	1	0.804836034775
19	0	0.491830825806
19	1	0.705283164978
19	0	0.589363098145
19	1	0.585644960403
19	1	0.748131990433
19	1	0.745323181152
19	0	0.613126039505
19	0	0.522314786911
19	1	0.65887594223
19	1	0.715870141983
19	1	0.636782884598
19	1	0.8353099823
19	1	0.506348133087
19	1	0.532221078873
19	1	0.593502998352
19	1	0.697962999344
19	1	0.378571033478
19	1	0.661674976349
19	1	0.587773084641
19	1	0.595220088959
19	1	0.564270019531
19	1	0.81906414032
19	0	0.522795200348
19	1	0.436792850494
19	0	0.809544086456
19	1	0.754034996033
19	0	0.596518039703
19	1	0.515985012054
19	1	0.498275995255
19	1	0.629703998566
19	1	0.578607082367
19	0	0.602411031723
19	1	0.810548067093
19	1	0.594534158707
19	1	0.805027961731
19	0	0.577194929123
19	1	0.676249027252
19	1	0.531183004379
19	0	0.627079963684
19	1	0.546945095062
19	1	0.516758918762
19	1	0.369792938232
19	0	0.829059839249
19	0	0.889957904816
19	1	0.507783174515
19	1	0.498378992081
19	1	0.689846992493
19	0	0.689786195755
19	0	0.459931135178
19	1	0.507388830185
19	1	0.42948102951
19	0	0.498956203461
19	1	0.491373062134
19	1	0.465287923813
19	0	0.531632900238
19	1	0.61205291748
19	1	0.594290971756
19	1	0.579292058945
19	1	0.499976873398
19	1	0.571136951447
19	1	0.473124027252
19	1	0.380967855453
19	1	0.506075143814
19	1	0.627803087234
19	1	0.489544153214
19	1	0.484753847122
19	1	0.578448057175
19	1	0.595189094543
19	1	0.474021196365
19	1	0.403010129929
19	1	0.466100931168
19	1	0.419875860214
19	1	0.401342153549
19	1	0.371222019196
19	1	0.266147136688
19	1	0.558876991272
19	1	0.583473920822
19	1	0.39568400383
19	1	0.604268789291
19	1	0.484461069107
19	1	0.506398200989
19	1	0.579710960388
19	1	0.434672117233
19	1	0.564059019089
19	1	0.380354881287
19	1	0.707353115082
19	1	0.385668992996
19	1	0.644890785217
19	1	0.554769039154
19	1	0.620233058929
19	1	0.804548025131
19	1	1.05759191513
19	1	0.50788807869
19	0	0.907673835754
19	1	0.737352132797
19	1	0.452796936035
19	1	0.561536073685
19	0	0.517009973526
19	1	0.618574857712
19	1	0.452397108078
19	1	0.681004047394
19	1	0.748136043549
19	1	0.529461145401
19	1	0.395382881165
19	1	0.494584083557
19	1	0.607702970505
19	1	0.442274093628
19	1	0.41277384758
19	1	0.258073091507
