6	1	1.63934588432
5	1	0.892996072769
5	1	1.55952501297
6	1	0.85310792923
6	1	4.37352395058
5	1	1.11966204643
5	1	3.51874709129
5	1	3.67865610123
6	1	4.25349521637
5	1	2.95903086662
5	1	4.29185199738
5	1	1.87936997414
6	1	1.70614695549
5	1	0.826339006424
5	1	2.3058681488
5	1	1.66608405113
6	1	3.73205399513
6	1	4.19862103462
6	0	3.95865297318
5	1	2.1858689785
5	1	3.71869206429
6	0	2.10592293739
5	0	2.1193189621
5	1	1.01295113564
6	1	0.759706020355
5	0	0.933098077774
6	1	0.879697084427
6	0	1.50790214539
6	1	1.87927913666
5	0	2.51907396317
6	1	1.74611997604
6	0	2.04094481468
6	1	3.25219607353
6	0	0.879668951035
6	0	1.98599505424
5	1	0.613185882568
5	1	1.43946504593
5	1	2.9456808567
5	1	0.852988958359
5	1	0.919703006744
5	0	0.706338882446
5	1	0.732990980148
5	1	1.41290307045
6	1	1.22792696953
5	1	1.49278306961
6	1	0.852942943573
6	1	0.841418027878
6	1	0.934700965881
6	0	0.90634894371
6	1	1.10639595985
5	1	1.11962795258
6	1	1.46621584892
5	1	0.719661951065
6	1	0.826428890228
5	1	0.666464090347
5	1	0.559867143631
5	0	0.45322394371
6	0	0.733089923859
5	1	0.8930580616
5	1	0.654866933823
6	1	1.22626900673
6	1	0.98627114296
6	1	1.45281386375
6	1	1.02629613876
6	1	0.799715995789
6	1	0.586469888687
5	1	0.639878034592
5	1	0.948045969009
5	0	0.959669113159
6	0	1.61450695992
6	1	1.15957212448
5	0	0.773077011108
6	1	1.87939405441
6	1	0.719825983047
6	1	0.826414108276
6	1	0.626394987106
5	1	0.853014945984
6	1	0.706485033035
5	1	1.89264297485
6	1	0.626459121704
5	1	1.05295085907
5	1	0.599785089493
6	1	0.973062038422
5	1	0.628216028214
6	1	1.2946138382
6	1	1.26624393463
6	1	0.706432104111
5	1	0.772972106934
5	1	3.06560707092
5	1	0.879652023315
5	1	0.666520118713
5	1	1.22625494003
6	1	0.841454029083
5	1	0.653069972992
6	0	0.946354150772
6	0	1.02798318863
5	1	1.3595468998
5	1	0.999672889709
6	1	1.18621301651
6	1	0.786401033401
6	1	1.33290314674
6	1	0.879742145538
5	1	0.641456842422
5	1	1.78601789474
6	1	0.706396102905
6	1	0.666465044022
5	1	1.29281401634
6	1	0.639818906784
6	1	0.521414041519
5	1	0.546480178833
6	1	0.573159217834
5	1	0.653110980988
6	1	0.559820175171
6	1	0.453248977661
5	1	0.519848108292
6	1	0.559808015823
5	1	0.999599933624
5	1	0.506486177444
6	1	0.693078994751
5	0	0.586494922638
6	1	0.479830026627
6	1	0.506551980972
6	1	0.519805908203
6	1	0.533097982407
6	1	0.613132953644
6	1	0.494981050491
6	1	0.654854059219
6	0	0.599770069122
5	1	0.559799909592
5	1	0.519768953323
6	1	0.599814891815
5	1	0.601493835449
6	1	0.679856061935
5	1	0.813108921051
6	1	0.959619998932
6	1	0.599792003632
5	1	0.706386089325
6	1	0.493108987808
5	1	0.759757041931
6	1	0.66818189621
5	1	0.719721078873
5	1	0.533196926117
5	1	0.706396818161
5	1	0.586492061615
5	1	0.586421012878
6	1	0.386453866959
5	1	0.43986082077
5	1	0.306510925293
6	1	0.45315694809
5	1	0.279941797256
6	1	0.533175945282
5	1	0.506471157074
5	1	0.599792003632
6	1	0.466434001923
5	1	0.54644203186
6	1	0.319923877716
6	1	0.508180141449
5	1	0.519818067551
5	1	0.719676017761
5	1	0.413097858429
6	1	0.426529884338
6	1	1.31953597069
5	1	0.426436901093
6	1	0.533147096634
6	1	0.573134183884
6	1	0.546452045441
5	1	0.534729957581
6	1	0.879679918289
5	1	0.519832849503
5	1	0.653188943863
6	1	0.479825973511
5	1	0.93302321434
6	1	0.533092975616
5	1	0.466480970383
5	1	0.493133068085
6	1	0.58641910553
6	1	0.588047981262
5	1	0.826334953308
6	1	0.773097991943
6	1	0.533087968826
6	1	0.546463012695
6	1	0.866488218307
5	1	0.573136091232
5	1	0.533197879791
5	1	0.586473226547
6	1	0.55980181694
5	1	0.613085985184
6	1	0.519901037216
6	1	0.494895935059
5	1	0.466623067856
5	1	0.479903936386
6	1	0.49320101738
6	1	0.653121948242
5	0	0.426536083221
6	1	0.599771976471
6	1	0.586488008499
5	1	0.653034925461
6	1	0.519811868668
5	1	0.786382913589
6	1	0.521476984024
5	1	0.654881000519
6	1	1.0528948307
5	1	0.586480855942
6	1	0.773058891296
5	1	0.773042917252
6	1	0.55975985527
6	1	0.468145132065
6	1	0.506506919861
6	1	1.13289380074
6	0	1.01304984093
6	1	0.839719057083
6	1	0.668160200119
5	1	1.86601185799
5	1	0.906365156174
5	1	0.814767122269
6	1	0.706382036209
6	1	1.3594520092
6	1	1.4395198822
5	1	0.879684925079
6	1	0.773123979568
5	1	0.679836034775
5	1	0.639732837677
5	1	0.666378974915
6	1	0.77477312088
5	1	0.639778852463
5	1	0.719671964645
5	1	0.879758119583
6	1	0.866358041763
6	1	0.786327123642
5	1	0.679800033569
5	1	0.654847145081
6	1	0.599883079529
6	1	0.506426095963
6	1	0.839702129364
5	1	0.746490001678
6	1	0.628279924393
5	1	0.559710025787
6	1	0.546425104141
6	1	0.599696874619
2	1	1.62610220909
2	1	0.773031949997
2	1	0.533120155334
2	1	0.561528921127
2	1	0.533205032349
2	1	0.786376953125
2	1	0.559895038605
2	1	0.639813899994
2	0	0.706419944763
2	0	1.01293683052
2	1	1.15960407257
2	1	1.30622291565
2	1	0.892997026443
2	0	1.45286202431
2	1	1.7993581295
2	1	2.17262411118
2	1	1.47950291634
2	0	2.07921385765
2	1	1.9459939003
2	1	0.76155591011
2	1	0.932960033417
2	1	0.906287908554
2	1	0.668177127838
2	1	0.626425981522
2	1	1.05300807953
2	1	0.613126039505
2	1	1.43944597244
2	1	0.588185787201
2	1	0.959624052048
2	1	0.826354980469
2	0	0.786360025406
2	1	1.14814305305
2	1	1.21297693253
2	0	1.06627511978
2	1	1.29292392731
2	1	1.07962703705
2	0	2.18587613106
2	1	0.852993965149
2	1	0.986334085464
2	1	2.65234613419
2	1	1.45471787453
2	1	1.30617904663
2	0	0.826429128647
2	1	0.919778823853
2	1	0.586446046829
2	0	0.626466989517
2	1	1.59937596321
2	1	0.921444892883
2	1	1.1329870224
2	1	0.666507005692
2	1	0.799678087234
2	1	1.38620710373
2	1	1.5595240593
2	1	0.613050937653
2	1	0.679832935333
2	1	0.639873981476
2	1	0.906290054321
2	1	0.57491517067
2	1	0.975294828415
2	1	0.626545906067
2	1	0.468182086945
2	1	0.559875011444
2	0	0.573163986206
2	1	0.51989197731
2	1	0.653105974197
2	1	0.679749011993
2	1	0.95960187912
2	1	0.613200902939
2	1	0.601539850235
2	1	0.546473026276
2	1	0.626545906067
2	1	0.573210000992
2	1	0.626345872879
2	1	0.506510019302
2	1	0.613101959229
2	1	0.573104143143
2	1	0.653051137924
2	1	0.573075056076
2	1	0.721524953842
2	1	0.57320189476
2	1	0.506557941437
2	1	0.986399888992
2	1	1.17298603058
2	1	0.761535167694
2	1	0.639838933945
2	1	0.946277856827
2	1	0.506410121918
2	1	0.613183021545
2	1	0.666427135468
2	1	1.06631803513
2	1	0.613067865372
2	1	0.599725961685
2	1	0.559810161591
2	1	0.453147888184
2	1	0.506447076797
2	1	0.559778928757
2	0	0.546522140503
2	0	4.75835299492
2	1	1.62623786926
2	1	0.733104228973
2	0	3.70715308189
2	0	2.46578907967
2	0	4.19853878021
2	0	1.29290699959
2	1	0.853004932404
2	1	1.67938303947
2	1	0.748126029968
2	0	1.11962199211
2	1	0.693073034286
2	1	0.61314201355
2	1	0.773063898087
2	1	1.14628410339
2	1	0.70650100708
2	1	0.679743051529
2	1	1.05299782753
2	1	0.959704875946
2	1	0.788138866425
2	1	1.06625795364
2	1	0.853012084961
7	1	0.639800071716
7	1	0.813009977341
8	1	1.1730029583
7	1	0.626445055008
8	1	0.599769830704
8	1	0.613076925278
7	1	0.706497907639
8	1	0.613118886948
7	1	0.59977889061
7	1	0.533185005188
7	1	0.53320813179
7	1	0.759692907333
8	1	0.573091983795
7	1	0.493151903152
7	1	0.493163824081
8	1	0.466560125351
8	1	0.493165016174
7	1	0.786442041397
8	1	0.533136129379
7	1	0.639824867249
7	1	0.533205986023
7	1	0.613064050674
8	1	0.546484947205
8	1	0.546472072601
8	1	0.51981306076
8	1	0.733122110367
7	1	0.666442155838
8	1	0.494867801666
8	1	0.759706020355
8	1	0.533164024353
7	1	0.639667034149
8	1	0.519814968109
8	1	0.773104190826
8	1	0.493130922318
8	1	0.559816837311
8	1	0.519951105118
8	1	0.493133068085
7	1	0.546573877335
8	1	1.37293696404
7	1	0.679687023163
8	1	0.773082971573
7	1	0.773085832596
7	1	1.27952098846
7	1	0.866378068924
7	1	0.639794111252
7	1	1.05294394493
8	1	0.999672889709
8	1	0.613124847412
7	0	1.26630115509
7	1	1.04143500328
8	0	1.11963319778
8	1	1.59943509102
7	1	0.839668989182
7	1	0.546492099762
8	1	0.959676980972
7	0	1.11968588829
8	1	0.746493816376
7	1	1.03964495659
8	1	0.639804840088
8	1	0.573144197464
7	1	0.548266887665
7	1	1.67944788933
8	1	1.21295404434
8	1	1.05473184586
7	1	1.4794678688
8	1	1.21291303635
7	1	0.839657068253
7	1	1.03965497017
8	1	1.01296615601
7	1	0.6930809021
7	1	0.813025951385
7	1	1.35953998566
7	1	0.799735069275
8	0	1.09297204018
7	0	1.14795613289
8	1	0.893124818802
8	1	0.586512088776
8	1	0.879745960236
8	1	0.613094091415
8	1	0.772974014282
8	0	1.26789903641
7	0	4.82498598099
7	1	2.9989938736
8	1	0.639813184738
8	1	0.893014907837
8	1	0.693148851395
8	1	0.668128013611
8	1	0.733026981354
8	1	0.666487932205
7	1	0.613111019135
8	1	0.533227920532
7	1	0.519776821136
8	1	0.546524047852
7	1	0.574820995331
7	1	0.506530046463
7	1	0.879669904709
8	1	0.906365871429
7	1	0.799734830856
8	1	0.693042993546
8	1	0.906251907349
7	1	0.839711904526
7	1	0.679775953293
7	1	0.853091001511
7	1	0.733092784882
8	1	0.519861221313
7	1	0.548255205154
7	1	0.574867010117
7	1	0.559775114059
7	1	1.17294216156
7	1	0.654873132706
8	1	0.479845046997
8	1	0.879670858383
8	0	2.11934900284
8	1	1.02637982368
7	1	0.719691038132
8	1	0.57318687439
8	1	0.786435127258
7	0	1.61279296875
7	1	1.49284696579
8	1	0.599749088287
7	1	0.586524963379
8	1	0.839641809464
8	1	2.79896306992
7	1	0.601582050323
8	1	0.826334953308
7	1	0.813009023666
4	1	1.82601499557
4	1	0.706432104111
4	0	0.773145198822
4	1	0.586492061615
4	1	0.653115034103
4	1	0.719740152359
4	1	0.986410140991
4	1	0.973059892654
4	1	0.57481098175
4	1	0.493200063705
4	1	0.54642701149
4	1	0.586446046829
4	1	0.57487988472
4	0	0.534946918488
4	0	1.34627008438
4	1	1.13296985626
4	1	0.893033027649
4	1	1.09304094315
4	1	0.906391143799
4	1	0.921449899673
4	1	1.0663189888
4	1	1.34791517258
4	0	2.30580711365
4	1	1.98598909378
4	1	1.39961504936
4	1	1.55948901176
4	0	2.9722661972
4	1	1.65271520615
4	1	1.03957009315
4	1	0.919578075409
4	1	0.813006162643
4	1	1.33287596703
4	1	0.893081903458
4	1	0.799834012985
4	1	0.959668159485
4	1	1.02625989914
4	1	1.57269501686
4	1	1.9327340126
4	0	1.52120089531
4	1	2.60088992119
4	1	1.13461017609
4	0	2.82570505142
4	0	1.02630901337
4	0	1.23964500427
4	1	2.01263618469
4	1	0.892967224121
4	1	1.50614404678
4	1	0.653170108795
4	0	1.31950092316
4	1	0.73308300972
4	1	0.868063926697
4	0	0.879764795303
4	1	1.03965806961
4	1	0.732981920242
4	0	0.91970705986
4	1	0.706403970718
4	1	1.7744910717
4	1	0.986294984818
4	0	1.34788680077
4	1	0.786435842514
4	1	1.2528719902
4	1	0.733150005341
4	1	0.853007078171
4	1	0.893067121506
4	1	0.74637389183
4	1	0.799726009369
4	1	0.639806985855
4	1	1.5327398777
4	1	1.55948996544
4	1	0.639712810516
4	1	0.73304104805
4	1	0.706413984299
4	1	0.626472949982
4	1	0.639842987061
4	1	0.599815130234
4	1	0.613155841827
4	1	0.681519985199
4	1	0.519908189774
4	1	0.69309091568
4	1	1.35950803757
4	1	1.15961909294
4	0	0.933032989502
4	1	1.26791095734
4	1	0.679756164551
4	1	0.719733953476
4	1	1.07960295677
4	1	0.666450977325
4	1	0.574826002121
4	1	1.15965509415
4	1	0.693026065826
4	1	0.946350097656
4	1	0.786375999451
4	1	0.746353149414
4	1	0.666377067566
4	0	0.932918071747
4	1	1.33294606209
4	1	2.19925904274
4	1	0.733060836792
4	1	0.89301609993
4	1	2.19927597046
4	1	0.653084039688
4	1	1.06637692451
4	1	0.799747943878
4	1	1.18624687195
4	1	0.69310092926
4	1	1.45280098915
4	1	1.31953001022
4	1	1.83939409256
4	1	0.826379060745
4	1	1.33461093903
4	1	1.83936905861
4	1	0.639698028564
4	1	0.759726047516
4	1	0.719767093658
4	1	0.759799957275
4	1	1.81258201599
1	1	0.853018045425
1	1	0.5864341259
1	1	0.932965040207
1	1	0.599757909775
1	1	0.506457090378
1	1	0.533201932907
1	1	0.839730978012
1	1	0.519843101501
1	1	0.866283893585
1	1	0.626502037048
1	1	0.559747934341
1	1	0.58645606041
1	1	0.573181867599
1	1	0.973044157028
1	1	0.693112134933
1	1	0.773173809052
1	1	0.933042049408
1	1	0.6531021595
1	1	0.586504936218
1	1	1.0680770874
1	1	1.02633500099
1	1	1.79935908318
1	1	1.23962593079
1	1	0.919634103775
1	1	1.02630186081
1	1	1.27950000763
1	1	1.13298606873
1	1	1.74612689018
1	1	0.653175115585
1	1	0.679774999619
1	1	0.693051815033
1	1	0.893117904663
1	1	1.1329908371
1	1	0.933101892471
1	1	1.39940786362
1	1	0.866378068924
1	1	0.573104858398
1	1	0.533108949661
1	1	0.708071947098
1	1	0.506476163864
1	1	0.906419038773
1	1	1.81442809105
1	1	1.51950907707
1	1	0.733125925064
1	1	0.879668951035
1	1	0.839683055878
1	1	0.706490039825
1	1	1.63943386078
1	1	0.999646902084
1	0	1.07964801788
1	1	0.921403884888
1	1	0.826344013214
1	1	0.54829287529
1	1	0.466489076614
1	1	0.53316617012
1	1	0.428280830383
1	1	0.559866905212
1	1	0.87967300415
1	1	0.613106012344
1	1	0.853020906448
1	1	0.748119115829
1	1	0.799726963043
1	1	0.73476600647
1	1	1.38615703583
1	1	1.29281497002
1	1	0.613116979599
1	1	0.653105020523
1	1	0.799814939499
1	1	1.33287000656
1	1	0.599879026413
1	1	0.773120164871
1	1	0.653182983398
1	1	1.23957896233
1	1	2.25259900093
1	1	1.51949286461
1	1	6.41103696823
1	1	0.973006010056
1	1	1.57448291779
1	1	4.22517609596
1	1	3.79872012138
1	1	0.706380844116
1	1	0.959732055664
1	1	0.613195896149
1	0	0.893088102341
1	1	2.25260710716
1	1	1.02641391754
1	1	0.853050947189
1	0	1.0262670517
1	1	0.561543941498
1	1	0.626425981522
1	1	0.50644993782
1	1	0.666448116302
1	1	0.52148604393
1	1	0.546481847763
1	1	0.626478910446
1	1	0.55969285965
1	1	0.613121986389
1	1	0.479815006256
1	1	0.706456184387
1	1	0.639863967896
1	1	0.719847917557
1	1	0.733069896698
1	1	1.22791814804
1	1	1.48120594025
1	1	0.586467027664
1	1	1.14629101753
1	1	0.654788017273
1	1	0.799802064896
1	1	0.599761009216
1	1	0.893030881882
1	1	0.708158969879
1	1	0.735018968582
1	1	0.679812908173
1	1	1.03960895538
1	1	0.986316919327
1	1	0.63977599144
1	1	0.74644112587
1	1	0.519777059555
1	1	1.35958695412
1	1	0.893121004105
1	1	1.01298904419
3	1	1.23954582214
3	1	0.49312710762
3	1	0.519763946533
3	1	0.733053922653
3	0	0.626514911652
3	1	0.826328039169
3	1	0.746383905411
3	1	0.679714918137
3	1	0.653012990952
3	1	0.799681186676
3	1	0.693130970001
3	1	0.759684085846
3	1	0.773022890091
3	1	0.626447916031
3	1	0.759759187698
3	1	1.02632212639
3	1	0.599822044373
3	1	0.479927062988
3	1	0.959640979767
3	1	0.959604024887
3	1	0.773151874542
3	1	0.679754018784
3	1	0.94637799263
3	1	0.799730062485
3	1	1.09295606613
3	1	1.2529399395
3	1	2.57241606712
3	1	0.799741029739
3	1	0.852973937988
3	0	1.05466508865
3	1	0.466438055038
3	1	0.786391019821
3	1	0.614897966385
3	1	1.25461602211
3	1	0.879642963409
3	1	1.55954003334
3	1	2.01261591911
3	1	0.559742212296
3	1	0.548271894455
3	1	0.6130900383
3	1	1.46614909172
3	1	0.748214006424
3	1	0.706470966339
3	1	0.6798350811
3	1	0.66641497612
3	1	0.599738121033
3	1	0.628055095673
3	1	0.51981306076
3	1	0.573143959045
3	1	0.599812984467
3	1	0.559813022614
3	1	0.586467981339
3	1	1.10627889633
3	1	0.653073072433
3	1	0.839709043503
3	1	0.826408863068
3	1	1.10629487038
3	1	0.693098068237
3	1	0.65308713913
3	1	0.546574115753
3	1	0.62645983696
3	1	0.83971118927
3	1	0.694844961166
3	1	0.679763793945
3	1	0.69301700592
3	1	0.75977396965
3	1	0.826413154602
3	1	0.639825105667
3	1	0.719820976257
3	1	1.37287402153
3	1	0.733099937439
3	1	0.613066911697
3	1	0.574904918671
3	1	0.853037834167
3	1	1.82603192329
3	1	0.626490831375
3	1	1.26627802849
3	1	1.17295002937
3	1	1.30624103546
3	1	0.613102912903
3	1	1.066395998
3	1	0.628161907196
3	1	0.559805870056
3	1	0.733103990555
3	1	0.719702005386
3	1	0.573114871979
3	1	0.879690885544
3	1	1.73267817497
3	1	1.31951403618
3	1	0.653143167496
3	1	0.868037939072
3	0	1.71942901611
3	0	1.87939214706
3	0	0.959624052048
3	1	0.613134145737
3	1	0.453191041946
3	1	0.559787988663
3	1	0.546498060226
3	1	0.614919900894
3	1	0.599817037582
3	1	0.493241071701
3	1	0.85477399826
3	1	0.706455230713
3	1	0.626446008682
3	1	0.599817037582
3	1	0.588167905807
3	1	0.639700889587
3	1	1.55946493149
3	1	0.628118991852
3	1	0.666449069977
3	1	0.548084974289
3	1	0.759793043137
3	1	0.786410093307
3	1	0.813071966171
3	1	0.706379890442
3	1	0.626517057419
3	1	1.25293898582
3	1	0.74645614624
3	1	0.506440877914
3	1	0.519913911819
3	1	0.734758853912
3	1	1.26627707481
3	1	3.59876585007
3	1	0.586423873901
3	1	0.654851198196
3	1	0.546416044235
3	1	0.613065004349
8	1	0.559818029404
8	1	0.519819974899
8	0	0.773040056229
7	1	0.719785928726
8	1	0.972982883453
8	1	0.693057060242
8	1	0.839759111404
8	1	0.533132076263
7	1	0.479823112488
8	1	0.561398983002
7	1	0.494958162308
7	1	0.453206062317
7	1	0.786375045776
8	0	0.533215045929
8	0	1.03958177567
8	1	0.626431941986
8	1	0.519864082336
8	1	0.493147850037
7	1	0.613108158112
7	1	0.494840145111
7	1	0.679797172546
8	1	0.493186950684
8	1	0.986229896545
7	1	0.57312297821
7	1	0.853091001511
8	1	0.599776983261
8	1	0.573153972626
7	1	0.853044986725
7	1	0.719664812088
7	1	0.906350135803
7	1	1.09296584129
8	1	0.734745025635
8	1	1.01477313042
8	1	1.03963899612
8	1	0.66644692421
8	1	0.773026943207
7	1	1.29290103912
8	1	0.559787034988
8	1	0.466507911682
7	1	1.55952382088
8	1	0.853087902069
8	1	0.533139944077
8	1	0.879626989365
7	1	0.546508789062
8	1	0.494928121567
8	1	0.479824066162
7	1	0.786353111267
8	1	0.546499967575
8	0	0.853051185608
7	1	0.586416006088
8	1	2.67911601067
7	1	0.959728002548
8	1	1.02637410164
7	1	0.78631401062
8	0	1.03958916664
8	1	1.29293584824
7	1	1.19960594177
7	1	1.25290894508
8	1	1.23958301544
8	1	0.759809017181
7	1	1.89263701439
8	1	1.53277802467
7	1	1.4679338932
8	1	0.734808921814
8	1	0.786373853683
8	1	0.828163146973
7	1	1.10631513596
7	1	0.546517848969
8	1	0.839658975601
7	1	0.853061914444
8	1	0.639799833298
7	1	0.812981128693
8	1	0.946277141571
7	1	0.906321048737
8	1	0.719764947891
7	1	0.881458044052
8	1	0.559857130051
8	1	0.59981918335
8	1	0.626492023468
8	1	1.11968898773
8	1	0.666455984116
8	0	0.801414966583
8	1	0.573172092438
8	1	0.639854192734
7	1	0.973006010056
7	1	1.25289988518
7	1	1.02639293671
8	1	0.666445970535
8	1	0.63973903656
7	1	1.63942980766
8	1	1.13291096687
8	1	0.599792003632
8	1	0.493139982224
7	1	0.706434965134
8	1	0.773025989532
7	1	0.759748935699
7	1	0.613191127777
8	1	0.519935846329
7	1	0.853013038635
7	1	0.639742851257
8	1	0.573184967041
7	1	1.23956489563
7	1	0.628170013428
8	1	0.719700098038
7	1	0.51987195015
7	1	1.0929248333
8	1	0.748316049576
8	1	0.679790973663
7	1	0.839679956436
7	1	0.533221006393
8	1	0.932921171188
7	1	0.813047885895
7	1	0.67976808548
8	1	0.959703922272
8	1	0.62650680542
8	1	0.519833087921
7	1	1.15959382057
7	1	1.09300589561
8	1	0.653118133545
8	1	0.599807024002
7	1	0.493227005005
8	1	0.599843025208
7	1	0.706505060196
7	1	0.746495962143
8	1	0.639801979065
8	1	0.574805021286
8	1	0.439837932587
8	1	0.399948120117
8	1	0.759668111801
7	1	0.50647187233
13	1	0.866309165955
13	0	1.079611063
13	1	0.546497106552
14	1	0.773132801056
14	1	0.559839010239
14	1	1.13294005394
13	1	2.35920500755
13	1	0.788139104843
13	1	1.15964412689
13	1	0.599833011627
14	1	0.546442985535
14	1	0.479882955551
14	1	0.972972154617
13	1	0.853068828583
13	1	0.534913063049
14	1	0.493191957474
13	1	0.521575927734
14	1	0.533161878586
14	1	1.03968095779
14	1	0.8263630867
14	1	1.20128178596
14	1	0.733095169067
13	1	0.679782867432
14	1	0.734829902649
13	1	0.586479187012
14	1	1.2395939827
13	1	0.801375865936
14	1	0.546483039856
13	1	0.613095998764
14	0	0.813108921051
13	1	2.41246199608
13	1	0.919626951218
13	1	0.588160991669
14	1	0.586511850357
14	1	0.613051176071
13	1	0.508128881454
14	1	0.493224143982
13	1	0.413185119629
13	1	0.493137121201
14	1	0.466523170471
14	1	0.479826211929
13	1	0.893002033234
14	0	0.3865711689
14	1	0.759767055511
13	1	0.479871034622
14	1	0.428204059601
14	1	0.69483590126
13	1	0.479747056961
13	1	1.14616417885
13	1	0.773159980774
13	1	0.466454029083
14	1	0.506589889526
13	1	1.02624487877
14	1	0.666406154633
13	1	1.20123410225
13	1	1.05462193489
14	1	0.626429080963
14	1	0.519888877869
14	1	0.521531820297
13	1	0.866443872452
13	1	0.668111085892
13	1	0.826477050781
13	1	0.666393995285
13	1	0.974735975266
14	1	0.746440172195
13	1	0.733057022095
13	1	0.546561956406
13	1	0.773183107376
13	1	0.573157072067
13	1	0.919742107391
13	1	0.574833154678
14	1	0.786305904388
14	1	0.506445169449
14	1	0.534806013107
13	1	0.559786081314
13	1	0.626502037048
14	1	0.546360969543
13	1	0.54817199707
13	1	0.466539144516
14	1	0.586354970932
13	1	0.919733047485
13	1	0.573158979416
14	1	0.493247032166
13	1	0.534883975983
14	1	0.693096876144
13	1	0.78635597229
13	1	0.706423044205
14	1	1.15961003304
14	1	0.533216953278
13	1	0.586407899857
13	1	0.586457014084
14	1	0.693094015121
13	1	0.87968993187
13	0	1.14632892609
13	1	1.21295809746
13	1	0.546457052231
14	1	0.61319899559
13	1	0.519775152206
13	1	0.693059921265
14	1	0.453253030777
14	1	0.573125123978
14	1	0.599748134613
13	1	0.479871034622
14	1	0.626408815384
13	1	0.466418027878
14	1	0.533077955246
13	0	0.921411037445
14	1	0.866295814514
13	0	1.14633512497
14	1	0.559732913971
14	1	0.799653053284
14	1	1.10627985001
14	1	0.55973482132
14	1	1.23957490921
14	1	1.14622783661
14	1	2.11928606033
13	1	0.919636011124
13	1	0.63982796669
14	1	0.959671020508
13	1	0.946268796921
14	1	2.38753008842
13	1	0.546446084976
13	1	0.986318826675
14	1	1.71940612793
13	1	0.959718942642
13	1	1.94605708122
14	1	1.74604701996
14	1	4.37185287476
15	1	0.773086071014
15	1	0.506457090378
16	1	0.453207015991
15	1	0.386584043503
16	1	0.986294984818
16	1	0.546415090561
16	1	0.493221998215
15	0	0.746381998062
15	1	1.90593791008
16	1	0.573182106018
15	1	0.786339998245
15	1	0.559838056564
15	1	0.59977889061
15	1	0.573202848434
16	1	0.586506128311
15	0	0.74646115303
15	1	0.759742975235
16	1	0.533154010773
16	1	0.508267879486
16	1	0.695017814636
16	1	0.626430988312
16	1	1.89267706871
16	1	0.693121910095
15	1	5.5047750473
15	1	3.74530410767
16	1	0.919692993164
16	1	0.759723186493
16	1	2.21250700951
15	1	2.34584379196
15	1	0.786484003067
15	1	0.639784097672
15	1	0.63970708847
15	1	0.493097066879
16	1	0.586369037628
16	0	0.719746112823
15	1	0.54811000824
15	1	0.733086109161
16	0	0.586421966553
16	1	0.866364002228
16	0	0.679802894592
15	0	0.773018121719
15	1	0.839760065079
16	1	0.733034849167
16	1	1.07963204384
15	1	0.573126077652
16	0	3.41203713417
16	1	0.679754972458
15	1	1.70597910881
16	0	1.34627509117
16	1	0.77309513092
16	1	0.573168992996
15	1	0.559821844101
16	1	0.959642887115
16	1	0.521436929703
16	1	1.37282896042
16	1	1.44116592407
16	1	1.62600803375
15	1	1.34624910355
16	1	1.0396900177
15	1	1.21294879913
15	1	0.839720010757
16	1	0.573204040527
15	1	0.719782829285
16	1	1.34614706039
16	1	0.693166017532
15	1	0.679708003998
16	1	0.559781074524
15	1	0.626491069794
15	1	1.71939396858
16	1	0.559735059738
16	1	0.5064868927
16	1	0.466580152512
16	1	0.813060998917
15	1	0.53310084343
15	0	0.879688978195
15	1	0.533211946487
15	1	0.508196115494
16	1	0.599776983261
15	1	1.05300498009
15	1	1.39953303337
16	1	0.559768915176
15	1	0.893033027649
16	1	0.573204994202
15	1	0.813052892685
15	1	1.63942599297
15	1	0.85303902626
16	1	0.626441955566
16	1	0.573251962662
15	1	0.559824943542
16	1	0.559899091721
15	1	0.679761171341
16	1	0.546452999115
16	1	0.786341905594
16	1	0.506450891495
15	1	0.534810066223
15	1	0.786375999451
15	1	0.893028974533
16	0	0.97300696373
15	1	0.946310043335
16	1	0.746417999268
15	1	1.87939691544
15	1	1.12138080597
16	1	1.30622410774
15	1	2.05270004272
15	1	0.639720201492
16	1	0.639717817307
16	1	0.746352910995
16	1	0.573135137558
16	1	0.613162994385
15	1	1.37285804749
16	1	0.666358947754
15	1	0.693166971207
16	1	0.613168954849
15	1	0.546545028687
16	1	0.639808893204
16	1	0.494884967804
16	1	0.599750995636
16	1	0.493155956268
15	1	0.679758071899
16	1	0.468168973923
16	1	0.506497144699
15	1	0.548148155212
16	1	0.479854106903
16	1	0.868163108826
12	1	0.693109989166
12	1	0.453183889389
12	1	0.559802055359
12	1	0.426640033722
12	1	0.466536998749
12	1	0.453186988831
12	1	0.401650905609
12	0	0.386587142944
12	1	0.466468095779
12	1	0.415004968643
12	0	0.426499128342
12	1	0.826387882233
12	1	0.534918069839
12	1	0.74641084671
12	1	0.506428956985
12	1	0.759656906128
12	1	0.546482801437
12	0	0.746413946152
12	1	0.906322956085
12	1	0.559794902802
12	1	0.559771060944
12	1	0.57312297821
12	1	0.773091077805
12	1	0.508246183395
12	1	0.906337976456
12	1	0.519910097122
12	1	0.52148103714
12	1	0.559848070145
12	1	0.45314002037
12	1	0.919691801071
12	1	0.399811983109
12	1	0.493180036545
12	1	0.879786968231
12	1	0.706483125687
12	1	0.813018083572
12	1	0.439807891846
12	1	0.573189020157
12	1	0.679834127426
12	1	1.17292404175
12	1	0.853012800217
12	1	0.573219060898
12	1	0.9597260952
12	1	0.493102073669
12	1	0.559730052948
12	1	0.613028049469
12	1	0.71972489357
12	1	0.573103904724
12	1	0.773067951202
12	1	1.1197040081
12	1	0.521612882614
12	1	0.866410970688
12	1	0.559807062149
12	1	0.453279972076
12	1	1.22633719444
12	1	0.759731054306
12	1	0.46660399437
12	1	0.972968101501
12	1	0.506503105164
12	1	0.62846493721
12	1	0.546434879303
12	1	0.89298915863
12	1	0.46831202507
12	1	0.519804000854
12	1	0.493153095245
12	1	0.786408901215
12	0	1.02633786201
12	1	0.826461076736
12	1	0.466510057449
12	1	0.508229017258
12	1	0.999588012695
12	1	0.693109035492
12	1	0.493180990219
12	1	0.666444063187
12	1	0.493209123611
12	0	0.679689884186
12	1	0.773069858551
12	1	0.466531038284
12	1	0.666434049606
12	1	0.906365871429
12	1	1.6793680191
12	1	0.613159894943
12	1	0.533139944077
12	1	0.439835786819
12	1	0.453155994415
12	1	0.468200206757
12	1	0.799791097641
12	1	1.29471206665
12	1	0.519841909409
12	1	0.559776067734
12	1	0.559890031815
12	1	1.07969307899
12	1	0.7997610569
12	1	0.494838953018
12	1	1.29452896118
12	1	1.01308512688
12	1	0.786435127258
12	1	0.548048019409
12	1	0.493216991425
12	1	0.933015108109
12	1	0.65317606926
12	1	0.626492977142
12	1	0.719779014587
12	1	0.666475057602
12	1	0.81302189827
12	1	0.573184013367
12	1	0.533197879791
12	1	0.50647687912
12	1	0.852988004684
12	1	1.27954387665
12	1	0.546458959579
12	1	0.999675035477
12	1	0.946271896362
12	1	0.786476135254
12	1	0.519767045975
12	1	0.786280870438
12	1	0.854671001434
12	1	1.39951682091
12	1	0.534730195999
12	1	0.694699048996
12	1	0.839705944061
12	1	1.43949818611
12	1	0.813061952591
12	1	0.573199987411
12	1	0.546495914459
12	1	0.74640917778
12	1	0.493208885193
12	1	1.35948705673
12	1	1.41286087036
12	1	0.559796094894
12	1	0.639813899994
12	1	0.693101882935
12	1	0.493171930313
12	1	0.51978302002
12	1	1.20145201683
12	1	0.519912004471
9	1	0.519857883453
9	1	0.519883871078
9	1	0.494868993759
9	1	0.45320892334
9	1	0.453174114227
9	1	0.58647108078
9	1	0.453165054321
9	1	0.453188896179
9	1	0.49489402771
9	1	0.774732112885
9	1	0.519814014435
9	1	0.746435880661
9	1	0.466464042664
9	1	0.519752979279
9	1	0.439834833145
9	1	0.481511116028
9	1	0.479899168015
9	1	0.86641907692
9	1	0.613096952438
9	1	0.601544141769
9	1	0.559823036194
9	1	0.679697990417
9	1	0.50813794136
9	1	0.573210000992
9	1	0.533190011978
9	1	0.466574907303
9	1	0.506556987762
9	1	0.41326713562
9	1	0.813075065613
9	1	0.479887008667
9	1	0.479815006256
9	1	0.439805984497
9	1	0.53321313858
9	1	0.413182973862
9	1	0.719771146774
9	1	0.453215122223
9	1	0.58641409874
9	1	0.599841117859
9	1	0.506402015686
9	1	0.799667835236
9	1	0.893017053604
9	1	0.479835987091
9	1	0.479922056198
9	1	0.57307600975
9	1	0.613099813461
9	1	0.493052959442
9	1	0.479890108109
9	1	0.533132076263
9	1	0.466440916061
9	1	0.546432971954
9	1	0.708127975464
9	1	0.479829072952
9	1	0.694859027863
9	1	0.559828042984
9	1	0.546558141708
9	1	0.719818115234
9	1	1.41287112236
9	1	0.599849939346
9	1	0.639698028564
9	1	0.866343975067
9	1	0.546432971954
9	1	0.628166913986
9	1	0.759731054306
9	1	0.519737958908
9	1	0.706457853317
9	1	0.559710979462
9	1	0.599861860275
9	1	0.586399078369
9	1	0.493198156357
9	1	0.533161878586
9	1	0.453191995621
9	1	0.813037157059
9	1	0.693114995956
9	1	0.693131923676
9	1	0.693079948425
9	1	0.827999830246
9	1	0.839704990387
9	1	0.493153095245
9	1	1.10626292229
9	1	0.481451034546
9	1	0.546475887299
9	1	0.613151073456
9	1	0.693119049072
9	1	0.692998170853
9	1	0.49475312233
9	1	0.493081092834
9	1	0.546474218369
9	1	0.533135890961
9	1	0.573118925095
9	1	0.493273019791
9	1	0.479876995087
9	1	0.533077001572
9	1	0.586542129517
9	1	0.533115148544
9	1	0.466510057449
9	1	0.479834079742
9	1	1.22614789009
9	1	0.479804992676
9	1	0.453095197678
9	1	0.586399078369
9	1	0.479839086533
9	1	0.5348508358
9	1	0.575176000595
9	1	0.479870080948
9	1	0.772995948792
9	1	0.494824171066
9	1	0.546454906464
9	1	0.586522102356
9	1	0.613148927689
9	1	0.493115901947
9	1	0.466434001923
9	1	0.493105888367
9	1	0.788115978241
9	1	0.506490945816
9	1	0.799815893173
9	1	1.15967702866
9	1	0.479851007462
9	1	0.573133945465
9	1	0.79975605011
9	1	1.03963899612
9	1	0.599732875824
9	1	0.466482877731
9	1	0.868145942688
9	1	0.506464004517
9	1	0.533158063889
9	1	1.06625699997
9	1	0.933090925217
9	1	0.879707098007
9	1	0.613119125366
9	1	1.91926693916
9	1	0.573146820068
9	1	0.533168077469
9	1	0.533131122589
9	1	0.506556034088
9	1	0.453161001205
9	1	1.31960606575
9	1	1.35957598686
9	1	0.479806900024
9	1	0.586457014084
9	1	0.933034896851
11	1	0.519809007645
11	1	0.573163986206
11	1	0.479798078537
11	1	1.05296492577
11	1	0.519865036011
11	1	0.548228979111
11	1	0.599753141403
11	1	0.706385850906
11	1	0.50653886795
11	1	0.559754133224
11	1	0.506482124329
11	1	0.58642411232
11	1	0.586565971375
11	0	0.706431150436
11	1	0.479785919189
11	1	0.479912042618
11	1	0.508324861526
11	1	0.546508073807
11	1	0.493121862411
11	1	0.506500005722
11	1	0.719794988632
11	1	0.453150033951
11	1	0.694674015045
11	1	0.414854049683
11	1	0.533091068268
11	1	0.559736013412
11	1	0.479840040207
11	1	0.479846954346
11	1	0.426541090012
11	1	0.534805059433
11	1	0.573096990585
11	1	0.506445884705
11	1	0.546512842178
11	1	0.533131837845
11	1	0.573163986206
11	1	0.533192873001
11	1	0.573091983795
11	1	0.601619005203
11	1	0.559823989868
11	0	0.799716949463
11	1	2.11924695969
11	1	0.879665136337
11	1	0.706416130066
11	1	0.666412830353
11	1	1.10629606247
11	1	0.533174037933
11	1	0.493139028549
11	1	0.573134899139
11	1	0.533093929291
11	1	0.866320133209
11	1	0.759708166122
11	1	0.479937076569
11	1	0.519865036011
11	1	0.493161916733
11	1	0.586442947388
11	1	0.706483125687
11	1	0.852939128876
11	1	0.533143997192
11	1	0.613076925278
11	1	1.23953604698
11	1	1.2662858963
11	1	0.521620035172
11	1	1.239579916
11	1	0.853070020676
11	1	0.65474486351
11	1	0.719720125198
11	1	0.479919910431
11	1	0.573152065277
11	1	2.43908309937
11	1	1.07965803146
11	1	0.826376914978
11	1	0.493149995804
11	1	0.733132123947
11	1	0.679750919342
11	1	0.586432933807
11	1	0.586440086365
11	1	0.719727039337
11	1	0.521701097488
11	1	0.786410093307
11	1	0.508254051208
11	1	0.773074150085
11	1	0.773051977158
11	1	0.799721002579
11	1	1.54614186287
11	1	0.613177061081
11	1	0.639821052551
11	1	0.46640086174
11	1	0.733138084412
11	1	1.71930217743
11	1	0.948048114777
11	1	0.959682941437
11	1	0.506426095963
11	1	0.959734916687
11	1	0.573122024536
11	1	0.573101997375
11	1	1.56114411354
11	1	0.586470842361
11	1	0.973082065582
11	1	1.41282510757
11	1	0.586427927017
11	1	1.0663049221
11	1	0.788089990616
11	1	0.906334877014
11	1	0.668193101883
11	1	0.67977309227
11	1	0.693121910095
11	1	0.972967147827
11	1	1.71939897537
11	1	0.493190050125
11	1	0.479766130447
11	1	0.519727945328
11	1	1.69268202782
11	1	0.679733991623
11	1	1.09286499023
11	1	0.559727907181
11	1	0.921381950378
11	1	0.853003978729
11	1	0.533206939697
11	1	0.666447877884
11	1	0.908044099808
11	1	0.826326847076
11	1	0.439841985703
11	1	0.721390008926
11	1	0.479818820953
11	1	0.479893922806
11	1	0.519768953323
11	0	1.70598983765
11	1	0.494763851166
11	1	0.759806156158
11	1	0.85302901268
11	1	4.87825489044
13	1	0.626487016678
14	1	0.946404933929
14	1	0.786381006241
13	1	0.466583013535
13	1	0.654974937439
14	0	1.65454101562
14	1	0.51989197731
13	1	0.586571931839
14	0	1.26623988152
13	1	1.8260140419
13	0	0.879763126373
13	1	0.906453132629
14	1	1.11955714226
13	1	0.866391897202
14	1	0.586450099945
14	1	0.986227035522
13	0	0.959733009338
13	1	0.86635184288
14	1	1.26622581482
13	1	0.853033781052
14	1	0.666400909424
14	1	0.786473035812
13	0	0.773104906082
13	1	0.786322116852
14	1	0.693156957626
13	1	0.986377000809
14	1	0.613208055496
13	1	0.893106937408
13	1	1.31952309608
13	1	0.746385097504
13	1	0.932999849319
14	0	0.775266885757
13	0	1.03965187073
13	1	0.813097000122
14	1	0.759788036346
13	1	0.653115034103
14	1	0.574820041656
13	1	0.494826078415
14	1	0.479862928391
13	1	0.813055038452
14	1	0.546469926834
13	1	0.693027973175
14	1	0.75972700119
13	1	0.506590843201
14	1	0.50643992424
14	1	0.466526985168
14	1	0.49315404892
14	1	0.453129053116
14	1	0.493119955063
13	1	0.519837856293
14	1	0.508266925812
13	1	0.506550073624
14	1	0.466555118561
14	1	1.02631282806
13	1	0.506513118744
14	1	1.14633011818
14	1	0.706490039825
13	1	0.708083152771
13	1	1.47943806648
14	1	0.653124809265
14	1	0.586534976959
14	1	0.706501960754
14	1	0.533193826675
14	1	0.599757909775
14	1	0.493115901947
14	1	0.559772014618
14	1	0.866318941116
13	1	0.519795894623
13	1	0.693089008331
14	1	0.559761047363
14	1	0.506450891495
13	1	0.719768047333
14	1	0.479838132858
13	1	0.493224143982
14	1	0.759813785553
14	1	0.946309089661
13	1	0.533118009567
13	1	1.13457798958
13	1	1.27963709831
13	1	0.6664249897
13	1	0.586441993713
13	1	0.759724140167
13	1	0.628166913986
14	1	0.49310708046
13	1	0.786406040192
13	1	0.588088989258
14	1	0.974630832672
13	1	0.86642408371
13	1	0.97297501564
13	1	0.548190832138
14	1	0.626523971558
14	1	1.14631700516
14	1	0.57310295105
13	1	0.586406946182
14	1	0.706357955933
14	1	0.559778928757
14	1	0.508104801178
13	1	0.519757986069
14	1	0.679733991623
13	1	0.599787950516
14	1	0.573124885559
14	1	0.586428880692
13	1	0.519819021225
14	1	0.87967300415
13	1	0.852989912033
14	1	1.21287989616
14	1	0.519917964935
13	1	0.773051023483
14	1	0.708256006241
13	1	0.613046884537
14	1	1.1196269989
14	1	0.506581068039
13	1	0.972999095917
13	1	0.773101091385
13	1	0.49307513237
14	1	0.508265972137
13	1	0.626393079758
13	1	0.826354980469
14	1	0.439762830734
14	1	0.493244886398
13	1	0.453229904175
13	1	0.454888820648
14	1	0.466475009918
14	1	0.466595888138
13	1	0.439936876297
13	1	0.493202924728
13	1	0.693065166473
13	1	0.653064966202
14	1	0.534740924835
13	1	0.453142166138
14	1	0.466466903687
14	1	0.479775905609
13	1	0.599838018417
13	1	0.466490030289
14	1	0.666543960571
10	1	0.826382160187
10	1	0.626441001892
10	1	0.546540975571
10	1	0.533145904541
10	1	0.506479024887
10	1	0.693203926086
10	1	0.493118047714
10	1	0.506531953812
10	1	0.573096990585
10	1	1.1063079834
10	0	0.83972287178
10	1	1.21290206909
10	1	1.05468797684
10	1	0.53484916687
10	1	0.599728107452
10	1	0.479834079742
10	1	0.519805908203
10	1	0.546428918839
10	1	0.9996509552
10	1	0.693113803864
10	1	0.493197917938
10	1	0.493142127991
10	1	0.66641497612
10	1	0.866442918777
10	1	1.5195338726
10	1	0.586472988129
10	1	0.519896030426
10	1	0.466421842575
10	1	0.546461105347
10	1	0.546601057053
10	1	1.15956687927
10	1	1.49283194542
10	1	0.679748058319
10	1	0.959713935852
10	1	0.759739160538
10	1	0.706382036209
10	1	1.47942686081
10	1	0.533107042313
10	1	1.15953993797
10	1	0.666392087936
10	1	1.65281510353
10	1	1.01469898224
10	0	1.2529258728
10	0	0.919738054276
10	1	1.74609184265
10	1	0.63986492157
10	1	0.961508989334
10	1	0.972973108292
10	1	0.906275033951
10	1	2.01264286041
10	1	0.533219099045
10	1	0.879659891129
10	1	0.813015937805
10	1	0.986253023148
10	1	0.666443109512
10	1	0.468311071396
10	1	0.399883985519
10	0	0.519785165787
10	0	0.533195972443
10	1	0.666451931
10	1	0.919727087021
10	1	0.879744052887
10	1	0.748182058334
10	1	0.706494092941
10	1	1.03962206841
10	1	0.533262014389
10	1	0.58648109436
10	0	0.639750003815
10	1	0.66815495491
10	1	0.666402101517
10	1	1.2279291153
10	1	0.759765863419
10	1	0.506510019302
10	1	1.82607197762
10	1	0.946351051331
10	0	0.906330108643
10	1	0.719810009003
10	1	0.773133039474
10	1	0.959716081619
10	1	0.759675979614
10	1	0.746430873871
10	1	0.73312997818
10	1	0.748113155365
10	1	0.814675807953
10	1	0.599824905396
10	1	1.05470705032
10	1	0.559823036194
10	1	0.533215045929
10	1	0.573129892349
10	1	0.559818029404
10	1	0.653043031693
10	1	0.493208169937
10	1	0.693084001541
10	1	0.559750080109
10	1	0.746352910995
10	1	0.706485033035
10	1	0.839744091034
10	1	0.533071041107
10	1	0.493112802505
10	1	0.573130846024
10	1	0.479882955551
10	1	0.546461820602
10	1	0.546427965164
10	1	0.546536922455
10	1	0.559755086899
10	1	0.508342027664
10	1	0.746376991272
10	1	0.613149881363
10	1	0.773099899292
10	1	0.999765872955
10	1	0.813053131104
10	1	1.812707901
10	1	0.879738807678
10	1	0.586534976959
10	1	0.666366815567
10	1	0.533152103424
10	1	0.493228912354
10	1	0.90639090538
10	1	0.654713153839
10	1	0.719732999802
10	1	1.5345351696
10	1	0.559751987457
10	1	0.599828958511
10	1	0.839776039124
10	1	0.481463909149
10	1	0.639807939529
10	1	0.69319486618
10	1	0.534782171249
10	1	0.599729776382
10	1	0.519847154617
10	1	0.613186120987
15	1	0.826445817947
15	1	0.94638800621
15	1	1.59948301315
16	1	0.73313999176
16	1	0.666433811188
16	1	0.679754972458
15	1	0.534914970398
16	1	0.599836826324
15	0	0.573114156723
16	1	0.533123970032
15	1	0.519837141037
15	1	0.586488008499
15	1	1.24134016037
15	1	0.574916124344
16	1	0.626486063004
16	1	0.453243970871
15	1	0.519787073135
15	1	0.493196964264
16	1	0.599812984467
16	1	0.466557025909
16	1	0.493160963058
16	1	0.62637591362
15	1	0.493238925934
15	1	0.839657068253
16	1	0.574850082397
16	1	0.479825973511
15	1	0.479898929596
16	1	0.453193902969
16	1	0.493137836456
15	1	0.49481010437
16	1	0.599713087082
16	1	0.573094844818
15	1	0.786305904388
16	1	1.36125612259
15	1	1.75938296318
16	1	0.493151903152
15	1	0.932961940765
16	1	0.986303091049
16	1	1.02634596825
15	1	0.694703817368
15	1	1.22621488571
16	1	0.759752035141
16	1	0.973023891449
15	1	1.46618008614
16	1	0.519817829132
15	1	0.693136930466
16	1	0.54651594162
15	1	1.61273384094
15	1	0.97293305397
15	1	0.626470088959
16	1	0.519814968109
15	1	0.626491069794
16	1	1.27955794334
15	1	0.906332969666
15	1	0.946369886398
15	1	1.23955798149
15	1	1.17299890518
16	1	0.759716033936
16	1	0.706463098526
15	1	0.519887924194
16	1	0.53307390213
15	0	0.866407871246
15	1	0.573115110397
16	1	0.521501064301
15	1	0.719763040543
16	1	0.546548843384
16	1	0.521527051926
16	1	0.506473064423
15	1	0.653089046478
15	1	0.533216953278
15	1	0.586501121521
15	1	0.46658205986
15	1	0.613134145737
16	1	0.493275880814
15	1	0.533145189285
15	1	0.479876995087
16	1	0.679748058319
15	1	0.853085041046
15	1	1.38625097275
16	1	0.974732875824
15	1	0.83966088295
16	1	0.493162155151
16	1	0.559808015823
15	1	0.493119001389
15	1	0.626487016678
16	1	0.559754133224
16	1	0.533231973648
16	1	0.466632127762
15	1	0.786391973495
15	1	0.7330930233
15	1	1.18635582924
16	1	0.51985001564
16	1	0.693092107773
16	1	0.533079862595
15	1	0.54647397995
16	1	0.519807100296
15	1	0.653090000153
16	1	0.533189058304
16	1	0.839704990387
16	1	0.653095006943
15	1	0.906322002411
15	1	0.559830904007
15	1	0.78636097908
16	1	0.599753141403
15	1	0.481518983841
15	1	0.613065004349
16	1	0.599807024002
15	1	0.759745121002
15	1	0.5597448349
15	1	1.16119408607
15	1	0.706500053406
16	1	0.533143997192
16	1	0.788077116013
15	1	0.599747896194
16	1	0.839706897736
15	1	1.34617495537
15	1	1.10625004768
16	1	0.573047876358
15	1	1.38626503944
15	1	0.733049869537
15	1	0.506483793259
16	1	0.653140068054
15	1	0.533213853836
15	1	0.719814062119
15	1	0.57318520546
16	1	0.506520032883
15	1	0.599829912186
16	1	0.679650068283
16	1	0.599826097488
15	1	0.613153219223
16	1	0.58651304245
16	1	0.586566925049
15	1	0.586458921432
16	1	2.09270596504
23	1	1.37176895142
23	1	1.00244688988
24	1	0.507436037064
23	1	0.499971151352
23	1	0.530692815781
24	1	0.507658004761
24	1	0.45903301239
23	1	0.395769119263
23	1	0.626042127609
24	1	0.397037982941
24	1	0.490493059158
24	1	0.515308856964
24	1	0.427263975143
23	1	0.707441091537
24	1	0.434558868408
23	1	0.546424150467
24	1	0.531126976013
24	1	0.423959970474
23	1	0.555505037308
23	1	0.540178060532
24	1	0.435429096222
23	1	0.450985908508
24	1	0.39413690567
23	1	0.450876951218
23	1	0.484690904617
24	1	0.498460054398
23	1	0.61878490448
23	1	0.874456167221
24	1	0.452902078629
24	1	0.572257041931
23	1	0.522760868073
23	1	0.603903055191
23	1	0.714098930359
23	1	0.770131826401
24	1	0.460730075836
23	1	0.531631946564
23	1	0.481943845749
24	1	0.72262597084
24	1	0.453042984009
23	1	0.451180934906
24	1	0.508283853531
24	1	0.410464048386
23	1	0.490730047226
24	1	0.441861152649
23	1	0.643929958344
24	1	0.602688074112
23	1	0.58740901947
24	1	0.426322937012
23	1	0.691825151443
24	1	0.530076980591
24	1	0.580289125443
24	1	0.913746833801
24	1	0.547840118408
24	1	0.538487195969
24	1	0.477557897568
24	1	0.586144924164
24	1	0.51719379425
23	0	1.10690999031
24	0	1.27526593208
23	1	1.49086713791
24	1	1.01861405373
24	1	0.660864114761
23	1	0.907132863998
24	1	0.667520999908
24	1	0.642342090607
24	1	0.578383922577
24	1	0.492203950882
24	1	0.475826025009
23	1	0.570761919022
23	1	0.521572828293
24	1	0.756312131882
24	1	0.731724023819
23	1	1.20257306099
23	1	0.458541870117
23	1	0.492722988129
24	1	0.531186819077
24	1	0.482161998749
24	1	0.434880971909
24	1	0.433892011642
24	1	0.387915849686
23	1	0.505921125412
23	1	0.484035968781
24	1	1.53319406509
24	1	0.792832136154
23	1	1.33899307251
24	1	0.5167927742
24	1	0.467629909515
24	1	0.577613830566
23	1	0.506868124008
24	1	0.579678058624
24	1	0.426733016968
23	1	0.524418830872
23	1	0.451388120651
24	1	0.601995944977
23	0	0.946861982346
24	1	0.892951965332
23	1	1.9699511528
23	1	0.892553091049
24	1	0.489777803421
24	1	0.557548046112
24	1	1.27387619019
23	1	0.467185974121
24	1	0.507146120071
23	1	0.515059947968
24	1	0.441299915314
23	1	0.491618871689
23	1	0.52339887619
24	1	0.468488931656
24	1	0.609595060349
23	1	2.27437996864
24	1	1.21348404884
24	1	0.728813886642
23	1	0.724361896515
23	1	0.705997943878
24	1	0.459361076355
24	0	0.563264846802
24	1	0.882354974747
23	1	0.68316411972
24	1	1.14090585709
23	1	0.64292216301
23	1	0.787613153458
23	1	0.626586914062
23	1	0.705183029175
23	1	0.603067159653
24	1	0.630548000336
24	1	0.602121829987
23	1	0.530023813248
23	1	0.547009944916
24	1	0.563924789429
24	1	0.506408929825
23	1	0.475682020187
24	1	0.492130994797
24	1	0.604481935501
23	1	0.738451004028
23	1	0.465834140778
23	1	0.491999149323
24	1	0.53041601181
23	1	0.498528003693
24	1	0.525463819504
21	1	0.923918962479
22	1	0.475105047226
22	1	0.41317486763
22	1	0.505038976669
22	1	0.476629972458
21	1	0.793376922607
21	1	0.619952917099
22	1	0.649735212326
22	1	1.31043505669
22	1	0.673424005508
22	1	0.474426984787
21	1	0.634137868881
21	1	0.618829965591
21	1	0.99610710144
21	1	0.715562105179
22	1	0.475670099258
21	1	0.516178131104
21	1	0.537842988968
21	1	0.588228940964
22	1	0.48208117485
21	1	0.57091999054
22	1	0.420321941376
21	1	0.562429904938
22	1	0.395952939987
22	1	0.513761043549
22	1	0.475147008896
21	1	0.533158063889
21	1	0.466289997101
22	1	1.27663421631
21	1	0.474586009979
21	1	0.834607124329
22	1	0.763711929321
21	1	0.778922796249
21	1	1.30058717728
22	1	0.665879964828
22	1	0.778887987137
22	1	0.612210035324
22	1	0.706752061844
21	1	0.474471092224
21	1	0.515790939331
22	1	0.475708961487
21	1	0.499311923981
21	1	0.586240053177
21	1	0.410586833954
21	1	0.563304185867
22	0	0.473562002182
22	1	0.820194959641
21	1	0.835613012314
21	1	0.841299057007
22	1	0.485323905945
21	1	0.490546941757
21	1	0.508345842361
21	1	0.723322153091
21	1	0.843149900436
21	0	0.467535018921
21	1	0.579689979553
21	1	0.523425102234
22	0	1.13847208023
22	1	0.7166659832
21	1	0.785687923431
21	1	0.627608060837
22	1	0.612291812897
21	1	0.490048885345
22	1	0.490177869797
21	1	0.507158041
21	1	0.515415906906
21	1	0.474942922592
21	1	0.571278095245
21	1	0.476850986481
21	1	0.476355791092
21	1	0.418277025223
21	1	0.433841943741
22	1	0.699868917465
22	0	0.435914993286
21	1	0.433429956436
21	1	0.531298160553
21	1	0.555025100708
22	1	0.435286045074
22	1	0.450459003448
21	0	0.443642139435
22	1	0.609690189362
21	1	0.453687906265
21	1	1.24387216568
21	1	0.770040988922
22	1	0.474999904633
21	1	0.482213973999
22	1	0.6686398983
22	1	0.403691053391
22	1	0.442564964294
22	1	0.571396112442
22	1	0.850439786911
21	1	0.496850967407
21	1	0.460437059402
22	1	0.853101968765
21	1	0.417933940887
21	1	0.77285194397
22	1	1.17092204094
21	1	1.52404904366
21	1	0.682929992676
21	1	1.31337118149
22	0	1.22039699554
22	1	1.27257585526
22	1	1.53142404556
21	1	1.41920185089
21	1	0.628605127335
22	1	0.69073009491
21	1	0.811753034592
21	1	0.556408882141
21	1	0.68554520607
22	1	0.600053071976
22	1	0.582044124603
21	1	1.06620001793
22	1	0.474223852158
22	1	0.491005897522
22	1	0.675801992416
21	1	1.14560890198
21	1	0.444319009781
21	1	1.14678001404
21	0	3.26677799225
21	1	1.25034594536
21	1	0.580163955688
22	1	0.530443191528
22	1	0.531351089478
21	1	0.760632991791
22	1	0.405099868774
22	1	0.435977935791
22	1	0.386384010315
21	1	1.48321008682
22	1	0.731552124023
22	1	0.442990064621
21	1	0.628478050232
22	1	0.537791967392
22	1	0.421684026718
22	1	0.522232055664
22	1	0.450855970383
21	1	0.418914079666
22	1	0.506547927856
17	1	1.38144493103
17	1	0.569622993469
17	1	0.563271045685
17	1	0.772804021835
17	1	0.673699855804
17	1	0.546456813812
17	1	0.515684843063
17	1	0.53866815567
17	1	0.64263010025
17	1	0.515426158905
17	1	0.411736965179
17	1	0.474041938782
17	1	0.475379943848
17	1	0.60447716713
17	1	0.563386201859
17	1	0.481516122818
17	1	0.490220069885
17	1	0.492535829544
17	1	0.538409948349
17	1	0.580025911331
17	1	0.634073019028
17	1	1.77060985565
17	1	0.80925488472
17	1	0.514949798584
17	1	0.836497068405
17	1	0.634846925735
17	1	0.419094085693
17	1	0.523092985153
17	1	0.573076963425
17	1	0.641290187836
17	1	0.435420036316
17	1	0.427260160446
17	1	0.395357847214
17	1	0.506679058075
17	1	0.500272989273
17	0	0.424628019333
17	1	0.429716110229
17	1	0.434143066406
17	1	0.338881015778
17	1	0.388504981995
17	1	0.4725689888
17	1	0.37956905365
17	0	0.382346153259
17	1	0.513081073761
17	1	0.937279939651
17	1	0.563081026077
17	1	0.460332155228
17	1	0.628051996231
17	1	0.433980941772
17	1	0.444390058517
17	1	0.466974973679
17	0	0.600886106491
17	1	0.572202920914
17	1	0.651390075684
17	1	0.425369024277
17	1	0.420370101929
17	1	0.451725006104
17	1	0.482512950897
17	1	1.6731698513
17	1	0.597234010696
17	1	0.466210126877
17	1	0.53205704689
17	0	0.39354801178
17	1	0.789503097534
17	1	0.441686868668
17	1	0.475728034973
17	1	0.355350017548
17	1	0.491259813309
17	1	0.4342918396
17	1	0.427466869354
17	1	0.545953989029
17	0	0.395481109619
17	1	0.778069972992
17	1	0.596332073212
17	1	0.522533893585
17	1	0.507223129272
17	1	0.457232952118
17	1	0.492147922516
17	1	0.418881177902
17	1	0.44332408905
17	1	0.650036096573
17	1	0.586971998215
17	1	0.555212974548
17	1	0.466326951981
17	1	0.396719932556
17	1	0.499446153641
17	1	0.500598907471
17	1	0.840635061264
17	1	0.356647014618
17	1	0.642273187637
17	1	0.597075223923
17	1	0.449714899063
17	1	0.395916938782
17	1	0.78907585144
17	1	0.38670706749
17	1	0.402090072632
17	1	0.466539144516
17	1	0.557350873947
17	1	0.393643140793
17	1	0.637486934662
17	1	0.570877075195
17	1	0.354496955872
17	1	0.490427017212
17	1	0.44526720047
17	1	0.546807050705
17	1	0.450307130814
17	1	0.45250916481
17	1	0.658401012421
17	1	0.603875875473
17	1	0.555602073669
17	1	0.562068223953
17	1	0.483458042145
17	0	0.636703014374
17	1	0.468723058701
17	1	0.436196088791
17	1	0.491108894348
17	1	0.452178955078
17	1	0.425011873245
17	1	0.459276914597
17	1	0.451177120209
17	1	1.39603495598
17	1	0.843640089035
17	1	0.443120956421
17	1	1.41802287102
17	1	0.426908969879
17	1	0.468348026276
17	1	0.669515132904
17	1	0.417205095291
17	1	0.474062919617
17	1	0.653126955032
17	1	0.593113899231
17	1	0.739589929581
17	1	0.553982973099
17	1	0.454061031342
17	1	0.425788879395
17	1	0.491008996964
17	1	0.714756965637
17	1	0.441823005676
17	1	0.524271011353
17	1	0.563110113144
17	1	0.868914842606
17	1	0.440823078156
17	1	0.458802938461
17	1	0.459258079529
17	1	0.348438024521
20	1	1.10958600044
20	1	0.673463106155
20	1	0.714855909348
20	0	0.612669944763
20	1	1.68466305733
20	1	0.595720052719
20	1	0.465409040451
20	1	0.450731992722
20	1	0.475484132767
20	0	0.715197086334
20	1	1.69745707512
20	1	0.570499897003
20	1	0.548330068588
20	1	0.770604848862
20	1	0.48185801506
20	0	0.516319990158
20	1	0.603810071945
20	1	0.560791015625
20	1	0.483160018921
20	1	0.515963077545
20	1	0.675195932388
20	1	0.485050916672
20	0	0.555419921875
20	1	0.954161167145
20	0	0.620344877243
20	1	0.468791007996
20	1	0.472906112671
20	1	0.453282117844
20	1	0.547554016113
20	1	0.561357975006
20	1	0.980018138885
20	1	0.529843091965
20	1	0.530254125595
20	1	0.476610183716
20	1	0.538216114044
20	1	1.01098394394
20	0	0.450721025467
20	1	0.499257087708
20	1	0.460407018661
20	1	0.481999874115
20	1	0.821712017059
20	1	0.497935056686
20	1	0.418875932693
20	1	0.626681089401
20	1	0.41956114769
20	1	0.484472990036
20	1	0.538839101791
20	1	0.450757026672
20	1	0.427556037903
20	1	0.481525182724
20	1	0.546317815781
20	1	0.805233001709
20	1	0.529000997543
20	1	0.506914138794
20	1	0.539582014084
20	1	0.586930036545
20	1	0.41848897934
20	1	0.433528900146
20	1	0.490517854691
20	1	0.4830930233
20	1	0.45210313797
20	1	0.516086101532
20	1	0.507153987885
20	1	0.419290065765
20	1	0.523376941681
20	1	0.755223035812
20	1	0.731569051743
20	1	0.409970998764
20	1	0.609342813492
20	1	0.419611930847
20	1	0.666472196579
20	1	0.581094026566
20	1	0.474395036697
20	1	0.699353933334
20	1	0.457989215851
20	1	0.48477101326
20	1	0.475185155869
20	1	1.13933205605
20	1	0.426362991333
20	1	0.476197004318
20	1	0.418434143066
20	1	0.443238973618
20	1	0.442981958389
20	1	0.506888151169
20	1	0.540431976318
20	1	0.466428995132
20	1	0.554338932037
20	1	0.437523126602
20	1	0.465663909912
20	1	0.700906038284
20	1	0.472828149796
20	1	0.501764059067
20	1	0.76918387413
20	1	0.50181889534
20	1	0.818365097046
20	1	0.64263010025
20	1	0.571733951569
20	1	0.498281955719
20	1	0.602740049362
20	0	0.690953016281
20	1	0.979751110077
20	1	0.443830966949
20	1	0.588155984879
20	1	0.449385881424
20	1	0.42763710022
20	1	0.549076080322
20	1	0.602475881577
20	1	0.441394090652
20	1	0.508334875107
20	1	0.464825868607
20	1	0.427546024323
20	1	0.452507972717
20	1	0.57813000679
20	1	0.47650718689
20	1	0.682245016098
20	1	0.83827495575
20	1	0.625197887421
20	1	0.666761875153
20	1	0.628794193268
20	1	0.490972042084
20	1	0.489963054657
20	1	1.36400103569
20	1	1.01132917404
20	1	0.561643838882
20	1	0.482600927353
20	1	0.739333868027
20	1	0.684944868088
20	1	0.547392129898
20	1	0.625667095184
20	1	0.64234995842
20	1	1.13886904716
20	1	0.57914686203
20	1	0.651706218719
20	1	0.411410093307
20	1	0.483291149139
20	0	1.14673304558
20	1	0.586916923523
20	1	0.509751081467
20	1	0.658864974976
20	1	0.52082490921
20	1	0.443490982056
20	1	0.428086042404
19	1	0.489815950394
19	1	0.699209213257
19	0	1.16308498383
19	1	0.450167894363
19	1	0.55563211441
19	1	0.476300001144
19	1	0.569739103317
19	1	0.756841897964
19	1	0.468308925629
19	1	0.490928888321
19	1	0.434154033661
19	1	0.412279129028
19	1	0.475862026215
19	1	0.52307009697
19	1	0.418464899063
19	1	0.474855899811
19	1	0.37038898468
19	1	0.579442024231
19	1	0.634544849396
19	1	0.444406986237
19	1	0.506194114685
19	1	0.627011060715
19	1	0.475203037262
19	1	0.500379085541
19	1	0.433516979218
19	1	0.419373035431
19	1	0.51599407196
19	1	0.568886995316
19	1	0.387951135635
19	1	0.523983001709
19	1	0.507956981659
19	1	0.378228187561
19	1	0.410346031189
19	1	0.404830932617
19	1	0.426415920258
19	1	0.563899993896
19	1	0.418934106827
19	1	0.666488170624
19	1	0.395931959152
19	1	0.418839931488
19	1	0.601565122604
19	1	0.490781068802
19	1	0.764537811279
19	1	0.513578176498
19	1	0.491691112518
19	1	0.443499088287
19	1	0.474122047424
19	1	0.38848900795
19	1	0.385749816895
19	1	0.428394079208
19	1	0.427284002304
19	1	0.52957701683
19	1	0.434286832809
19	1	0.539057970047
19	1	0.412805080414
19	1	0.427710056305
19	1	0.386816978455
19	1	0.434039831161
19	1	0.586539983749
19	1	0.404443025589
19	1	0.436726808548
19	1	0.45160984993
19	1	0.483754873276
19	1	0.482752084732
19	1	0.586941957474
19	1	0.37938284874
19	1	0.579720020294
19	0	0.418563127518
19	1	0.467206001282
19	1	0.436316013336
19	1	0.636620998383
19	1	0.618374109268
19	1	0.532866954803
19	1	0.497464895248
19	1	0.459391832352
19	1	0.443893909454
19	1	0.506666898727
19	1	0.401352882385
19	1	0.546592950821
19	1	0.420830011368
19	1	0.482969999313
19	1	0.721533060074
19	1	0.468147039413
19	1	0.578703165054
19	1	0.379831075668
19	1	0.915058851242
19	1	0.563844919205
19	1	0.546370983124
19	1	0.459147930145
19	1	0.458853960037
19	1	0.468476057053
19	1	0.506437063217
19	1	0.450264930725
19	1	0.443717002869
19	1	0.411157846451
19	1	0.586073875427
19	1	0.603843927383
19	1	0.460777997971
19	1	0.449649095535
19	1	0.721821784973
19	1	0.514441013336
19	1	0.555598974228
19	1	0.39454293251
19	1	0.43418598175
19	1	0.411882162094
19	1	0.516701936722
19	1	0.554692029953
19	0	0.425984859467
19	1	0.389278888702
19	0	0.449159145355
19	1	0.58688211441
19	1	0.708118915558
19	1	0.403012037277
19	1	0.531363964081
19	1	0.363859891891
19	1	0.497766971588
19	1	0.516457080841
19	1	0.594386100769
19	1	0.555788993835
19	1	0.410401821136
19	1	0.452639818192
19	1	0.616914987564
19	0	0.436735868454
19	1	1.2200551033
19	1	0.418956041336
19	1	0.443049907684
19	1	0.49783205986
19	1	0.796236038208
19	1	0.506446123123
19	1	0.533684015274
19	1	0.474327802658
19	1	0.505244016647
19	1	0.580828905106
19	1	0.593659877777
19	1	0.4923620224
19	1	0.480469226837
19	1	0.81187915802
19	1	0.522301197052
19	1	0.812718153
19	1	0.505840063095
19	1	0.450659990311
19	1	0.421607017517
19	1	0.481832027435
19	1	0.548716068268
19	1	0.636453151703
19	1	0.578096866608
19	1	0.514300823212
19	1	0.725213050842
24	1	0.427536010742
24	1	0.419505119324
23	1	0.426015853882
24	1	0.500509023666
24	1	0.473111152649
24	1	0.444991111755
23	1	0.515130996704
24	1	0.504040002823
24	1	0.395914077759
23	1	0.468362092972
24	1	0.362943887711
23	1	0.395049095154
24	1	0.292901992798
23	1	0.449860095978
24	1	0.493446111679
23	1	0.491936922073
24	1	0.480746984482
24	1	0.341486930847
24	1	0.481685161591
24	1	0.491778850555
23	1	0.435169935226
23	1	0.395426034927
23	1	0.411211013794
24	1	0.448757886887
23	1	0.403856039047
23	0	1.07736611366
24	1	0.449975967407
24	1	0.475162029266
23	1	0.516128063202
23	1	0.508073091507
23	1	0.538790225983
23	0	0.642763137817
24	1	0.529936075211
23	1	0.461250066757
24	1	0.466221094131
23	1	0.676903009415
23	1	1.26127696037
24	1	0.698976993561
23	1	0.555845975876
23	1	0.555243968964
24	1	0.443822145462
23	1	0.561857938766
24	1	0.451379776001
23	1	1.22646093369
24	1	0.413516998291
23	1	0.491724014282
23	1	0.514714002609
23	1	0.572212934494
24	1	1.30651688576
23	1	0.498275995255
24	1	0.516931056976
23	1	0.595224142075
23	1	0.43283700943
24	1	0.426987886429
24	1	0.570322036743
23	1	0.530879020691
23	1	0.577934980392
24	1	0.493726015091
23	1	0.568801164627
23	1	0.421549797058
24	1	0.433287143707
24	1	0.435492992401
23	1	0.588652849197
23	1	0.547998905182
23	1	0.633854866028
24	1	0.435578107834
23	1	0.475360870361
23	1	1.36506199837
23	1	0.504236936569
23	1	0.83814907074
24	1	0.481767177582
24	1	0.489602804184
24	1	0.429219007492
23	1	0.522547960281
24	1	0.372157096863
24	1	0.403903961182
23	1	0.522907018661
24	1	0.400660991669
23	1	0.442934989929
23	1	0.508432865143
23	1	0.578449964523
23	1	0.467424154282
23	1	0.457474946976
24	1	0.620124816895
24	1	0.714352846146
23	1	0.466237068176
24	0	0.436541080475
24	1	0.42816901207
24	1	0.419643163681
24	1	0.459168195724
24	1	0.442440032959
24	1	0.673671960831
23	1	0.658299922943
23	0	0.381509065628
23	1	0.659153938293
23	1	0.450851917267
23	1	0.595962047577
23	1	0.658847093582
24	1	0.554612874985
24	1	0.538851976395
24	1	0.500741958618
24	1	0.483179092407
23	1	0.602241039276
23	1	0.476017951965
24	1	0.650285005569
23	1	0.525781869888
24	1	0.475224971771
24	1	0.385970115662
23	1	0.555160999298
23	0	0.419457912445
24	1	0.435751914978
24	1	0.459733009338
24	1	0.594357013702
23	1	0.587761163712
24	1	0.564132928848
24	1	0.466225147247
23	1	0.547174930573
23	1	0.587382078171
23	1	0.421066045761
23	1	0.490422010422
24	0	0.522131204605
23	1	0.48409986496
23	1	0.556436061859
23	1	0.585803985596
24	1	0.506003856659
24	1	0.62876701355
24	1	0.633620023727
24	1	0.493952035904
23	1	0.433063030243
23	1	0.507746934891
24	1	0.617846012115
23	1	0.444241046906
24	1	0.746197938919
23	1	0.460036993027
23	1	0.508009910583
23	1	0.683768987656
23	1	0.450920820236
23	1	0.538243055344
24	1	0.650955915451
24	1	0.506883859634
24	1	0.483362197876
23	1	0.701529026031
23	1	0.440212965012
23	0	0.59045290947
24	1	0.520056962967
23	1	0.492892980576
23	1	0.465857028961
18	0	0.545385122299
18	1	0.445215940475
18	1	0.529577970505
18	1	0.418841123581
18	1	0.426775932312
18	1	0.435143947601
18	1	0.498898029327
18	1	0.491733074188
18	1	0.684627056122
18	1	0.595055103302
18	1	0.490400075912
18	1	0.412796974182
18	1	0.450298070908
18	1	0.459845066071
18	1	0.547383069992
18	1	0.360883951187
18	1	0.36338019371
18	1	0.564085006714
18	1	0.41256403923
18	1	0.409862995148
18	1	0.492082834244
18	1	0.481761932373
18	0	0.373090028763
18	1	0.577949047089
18	1	0.427759885788
18	1	0.450911998749
18	0	0.50070810318
18	1	0.457728147507
18	0	0.709479093552
18	1	0.434256076813
18	1	0.491398096085
18	1	0.491894006729
18	0	0.376224994659
18	1	0.39655995369
18	1	0.491791963577
18	1	0.457229852676
18	1	1.43519806862
18	1	0.475684165955
18	0	0.490239858627
18	1	0.476521015167
18	1	0.770270824432
18	1	0.441733121872
18	1	0.452191114426
18	1	0.777354955673
18	1	0.426794052124
18	1	0.564415931702
18	1	0.44992017746
18	1	0.532365083694
18	1	1.32125782967
18	0	0.781685829163
18	1	0.474828958511
18	0	0.57980799675
18	1	0.458317995071
18	1	1.43273901939
18	1	0.548154115677
18	1	0.48189496994
18	1	0.466773033142
18	1	0.539077997208
18	1	0.587960004807
18	1	0.441695928574
18	1	0.557007074356
18	1	0.563333034515
18	1	1.29045605659
18	1	0.698929071426
18	1	0.443437814713
18	1	0.522547006607
18	1	0.420876026154
18	1	0.410151004791
18	1	0.507050037384
18	1	0.443310022354
18	1	0.482969999313
18	1	0.50009393692
18	1	0.491699934006
18	1	0.346382141113
18	1	0.51500415802
18	1	0.474513053894
18	1	0.530976057053
18	1	0.479791879654
18	1	0.535892009735
18	1	0.490051031113
18	1	0.771714925766
18	1	0.53346991539
18	1	0.546011924744
18	0	0.505666971207
18	1	0.524157047272
18	1	0.594058990479
18	1	0.709192037582
18	1	0.4660551548
18	1	0.474222898483
18	1	0.460707902908
18	1	0.63410615921
18	1	0.531751155853
18	1	1.40165805817
18	1	0.674574136734
18	1	0.443900108337
18	1	0.473524093628
18	1	0.723682880402
18	1	0.403216838837
18	1	0.489667892456
18	1	0.445090055466
18	1	0.477272033691
18	1	0.482275009155
18	1	0.451590061188
18	1	0.459449052811
18	1	0.403031110764
18	0	0.76114487648
18	1	0.619029045105
18	1	0.709230899811
18	1	0.523234128952
18	1	0.505103111267
18	1	0.515830993652
18	1	0.460322856903
18	1	0.418259859085
18	1	0.532149076462
18	1	0.553507089615
18	1	0.626420021057
18	1	0.483155012131
18	1	0.491169929504
18	1	0.49990105629
18	1	0.61213517189
18	1	0.457729816437
18	1	0.580260038376
18	1	0.560764789581
18	1	0.493054151535
18	1	0.465637922287
18	1	0.508347988129
18	1	0.467611789703
18	1	0.579461812973
18	1	0.491651058197
18	1	0.43455696106
18	1	0.483204841614
18	1	0.636379957199
18	1	0.482789039612
18	1	0.548913955688
18	1	0.555233955383
18	1	0.472574949265
18	1	0.723769903183
18	1	0.715143203735
18	1	0.516016960144
18	1	0.426658153534
18	1	0.549494028091
18	1	0.482873916626
18	1	0.57753610611
18	1	0.509652137756
18	1	0.473222017288
18	1	0.490792989731
21	1	0.68522310257
21	1	0.479219913483
21	1	0.502449989319
22	1	0.425973892212
21	1	0.50664305687
22	1	0.468300104141
21	1	0.482611179352
21	1	0.499146938324
22	1	0.443342924118
21	1	0.48205280304
21	1	0.451370954514
21	1	0.492892980576
22	1	0.460070848465
22	1	0.482362031937
22	1	0.442674160004
21	1	0.644073009491
22	1	0.506758928299
22	1	0.458941936493
21	1	0.555090904236
21	1	0.458719968796
22	1	0.769477128983
22	1	0.508965969086
21	1	0.596271038055
22	1	0.611055850983
21	1	0.512951135635
22	0	0.492645978928
21	1	0.619415998459
22	1	0.448312997818
21	1	0.500253915787
22	1	0.531795978546
21	1	0.538609027863
22	1	0.460908889771
21	1	0.440769910812
22	1	0.427039146423
21	1	0.563318014145
22	1	0.386291027069
21	1	0.822849988937
22	1	0.424580812454
21	1	0.500218868256
21	1	0.53003692627
22	1	0.74000287056
21	1	0.594052791595
22	1	0.476171970367
22	1	0.491503953934
22	1	0.465281963348
22	1	0.612006902695
21	1	0.404729127884
22	1	0.442126989365
22	1	0.541238069534
22	1	0.504782915115
21	1	0.772871017456
21	1	0.442638158798
22	1	0.452442884445
21	1	0.385343074799
21	1	0.469331026077
22	1	0.395527839661
21	1	0.425532102585
21	1	0.460989952087
21	1	0.538196086884
22	0	0.403322935104
21	1	0.442852020264
22	1	0.61265206337
22	1	0.51344704628
22	1	0.676382064819
22	1	0.476156949997
22	1	0.481507062912
21	0	0.45907497406
22	1	0.434010028839
22	1	0.476281166077
21	1	0.467776060104
22	1	0.563858985901
22	1	0.714917898178
22	1	0.53077507019
22	1	0.491317033768
21	1	0.730763912201
22	1	0.445891857147
22	1	0.512153148651
21	1	0.700386047363
22	1	0.700528860092
21	1	0.578903198242
22	1	0.588052034378
21	1	0.532389879227
21	0	0.691027879715
21	1	0.626935958862
22	1	0.441375017166
22	1	0.517447948456
21	1	0.466836929321
21	1	0.530313014984
22	1	0.690649986267
22	1	0.489801883698
22	1	0.548798084259
21	1	0.714925050735
21	1	0.634745121002
21	0	0.457674026489
22	1	0.461216926575
21	1	0.578750133514
22	1	0.604300022125
22	1	0.481343984604
22	1	0.434919118881
21	1	0.731594085693
21	1	0.41886305809
21	1	0.484913110733
21	1	0.458487033844
22	0	0.441256999969
21	1	0.460252046585
22	1	0.467828035355
21	1	0.633121967316
21	1	0.62970995903
21	1	0.475876092911
22	1	0.528979063034
21	1	0.54879283905
22	1	0.56295800209
21	1	0.498556137085
22	1	0.474169969559
22	1	0.490203142166
21	1	0.437893867493
22	1	0.482144117355
22	1	0.428459882736
22	1	0.540681123734
21	1	0.457182168961
21	1	0.427049875259
21	0	0.547393083572
21	1	0.466665029526
22	1	0.450345039368
22	1	0.684678077698
21	1	0.489995956421
22	1	0.506839990616
22	1	0.692384004593
22	1	0.457338094711
22	1	0.404663085938
21	1	0.473564863205
21	1	0.508886098862
21	1	0.530680894852
22	1	0.527627944946
21	1	0.404357910156
22	1	0.499383926392
21	1	0.408679008484
22	1	0.461484909058
21	1	0.442396879196
21	1	0.427896976471
22	1	0.458418130875
22	1	0.421713113785
22	1	0.547322034836
21	1	0.475555896759
22	1	0.48984003067
22	1	0.451658010483
22	1	0.468808174133
22	1	0.61807179451
