2	1	1.47938489914
2	1	0.772940158844
2	1	1.09289908409
2	1	1.90563106537
2	1	0.559458971024
2	1	1.19915294647
2	1	0.63956785202
2	1	0.599488973618
2	1	0.986176013947
2	1	0.986144781113
2	1	0.626209020615
2	1	0.572914838791
2	1	0.933014154434
2	1	0.7594602108
2	1	0.679482936859
2	1	0.719576120377
2	1	0.799942016602
2	1	0.559845924377
2	1	0.572910070419
2	1	0.506162881851
2	1	0.586202144623
2	1	0.786195993423
2	1	0.719605207443
2	1	0.813072919846
2	1	0.453309059143
2	1	0.519860982895
2	1	0.506437063217
2	1	0.466523885727
2	1	0.612883090973
2	1	0.732806921005
2	1	0.506085157394
2	1	0.479531049728
2	1	0.586196899414
2	1	0.786184072495
2	1	0.61336016655
2	1	1.0261721611
2	1	0.492744207382
2	1	0.71946310997
2	1	0.573381900787
2	1	0.573365926743
2	1	0.706508874893
2	1	0.692781925201
2	1	0.532799959183
2	1	0.572834014893
2	0	0.826120853424
2	1	0.653234958649
2	1	0.559992074966
2	1	0.560023069382
2	1	0.506674051285
2	1	0.906149864197
2	0	0.919464111328
2	1	0.599969863892
2	1	0.879514217377
2	1	1.42560505867
2	1	0.532962083817
2	1	0.919436216354
2	1	0.533295154572
2	1	0.759903907776
2	1	1.15954017639
2	1	0.546730995178
2	1	0.719951868057
2	1	1.19944906235
2	1	0.626748085022
2	1	1.02618718147
2	1	1.43905591965
2	1	1.10611391068
2	0	1.19954895973
2	1	2.06568479538
2	1	0.892869949341
2	1	0.693120956421
2	1	0.600073099136
2	1	1.73236894608
2	1	1.37287998199
2	1	0.65282702446
2	1	0.759558916092
2	1	0.799587965012
2	1	0.613356113434
2	1	0.666429042816
2	1	1.01282000542
2	1	1.90602397919
2	1	1.65238690376
2	1	1.38600897789
2	1	1.17287898064
2	1	0.760035037994
2	1	0.666160821915
2	1	0.586106777191
2	1	0.546278953552
2	1	0.82609796524
2	1	0.679957151413
2	1	1.10622596741
2	1	0.612826824188
2	1	0.572963953018
2	1	1.3195078373
2	1	0.932853937149
2	1	1.83894991875
2	1	0.946202039719
2	1	3.29193592072
2	1	1.42569494247
2	1	0.719504117966
2	1	0.759994983673
2	1	0.61317896843
2	1	0.559611082077
2	1	0.666127920151
2	1	0.639445066452
2	1	0.612785100937
2	1	0.599647045135
2	1	0.48001909256
2	1	0.559983968735
2	1	0.493242025375
2	1	0.72002196312
2	1	1.69233202934
2	1	0.666249990463
2	1	0.546180009842
2	1	0.786231994629
2	1	0.746640920639
2	1	0.6263859272
2	1	0.559551000595
2	1	0.919569015503
2	1	1.9058201313
2	1	0.652835845947
2	1	0.919513940811
2	1	0.533148050308
2	1	0.599860906601
2	1	2.0123758316
2	1	3.06526112556
5	1	0.892758131027
5	1	0.986213922501
6	1	0.612813949585
6	1	0.692885875702
5	1	0.852814912796
5	1	1.012830019
6	1	0.666203022003
6	1	0.639475107193
6	1	0.519716978073
6	1	0.519810914993
6	1	0.639882087708
6	1	0.506697893143
5	1	0.520066022873
5	1	1.31944608688
5	1	0.879948854446
6	1	0.559756040573
6	1	0.572911024094
5	1	1.19951701164
5	1	1.30619812012
6	1	0.613321065903
5	1	1.11950612068
6	1	0.879551887512
6	1	0.906178951263
5	1	0.759443998337
5	1	0.639462947845
6	1	0.653379917145
6	1	0.586683988571
6	1	0.812803030014
6	1	0.946250915527
5	1	0.680047035217
5	1	0.613393068314
6	1	0.759491920471
5	1	1.09293007851
6	1	0.82618188858
6	1	5.41062188148
6	1	0.546088933945
6	1	0.959513902664
5	0	4.3179910183
6	1	0.692854881287
5	1	0.653331041336
5	1	0.733268976212
5	1	0.639526128769
5	1	0.666120052338
5	1	0.706247806549
5	1	0.719702005386
5	1	0.706665992737
5	1	0.759482145309
6	1	0.546127080917
6	1	1.15954709053
6	0	1.49285888672
6	0	0.493294000626
5	1	2.33237314224
6	1	0.892899036407
5	0	1.30606794357
5	1	0.692844867706
6	1	0.879510164261
6	1	0.586684942245
5	1	0.613389968872
6	1	0.600034952164
6	1	0.746157884598
5	1	1.49233293533
5	1	0.599466085434
6	1	0.546173095703
5	1	0.532926082611
6	0	0.652879953384
5	1	0.639820098877
5	1	1.11955189705
6	1	0.532791137695
5	1	0.559412002563
6	1	0.532881975174
5	1	0.572866916656
6	1	0.693069934845
5	1	1.86565613747
5	1	1.29276514053
5	1	0.466723203659
5	1	0.653162956238
6	1	0.506317138672
6	1	0.519601821899
5	1	1.27951097488
5	1	3.50517606735
5	0	0.746303081512
5	1	2.41212892532
5	1	0.599547863007
5	1	0.759530067444
6	1	1.02611994743
6	1	0.732851982117
6	1	0.706197023392
5	1	0.706233024597
6	1	1.02610993385
5	1	0.639535903931
5	1	0.572723865509
5	1	0.559559106827
5	1	0.58615398407
5	1	1.74597096443
5	1	0.586666107178
5	1	0.77285695076
6	1	0.772894144058
5	1	0.532793045044
5	1	0.65293097496
5	1	0.773301124573
5	1	1.55947995186
5	1	0.89279794693
6	1	0.546107053757
5	1	0.839514970779
5	1	0.653250932693
5	1	1.53277802467
5	1	0.812842845917
6	1	1.47899985313
6	1	0.586110115051
5	1	0.839586019516
5	1	0.719970941544
5	0	0.879485845566
6	1	1.17264413834
6	1	0.679570913315
6	1	0.519498109818
6	1	0.719586133957
6	1	0.546205997467
5	1	1.62601613998
6	1	0.466677904129
6	1	1.19941306114
6	1	0.906121969223
5	1	0.852838039398
5	1	0.626178026199
6	1	0.652791976929
6	1	1.02616286278
5	1	0.946090936661
6	1	0.519639968872
6	1	0.546441078186
5	1	1.34606099129
5	1	0.746189117432
6	1	0.613420009613
6	1	0.746299982071
6	1	0.652898073196
5	1	1.27937293053
6	1	0.706120014191
6	1	0.532884120941
5	1	0.532804012299
6	1	0.599510192871
6	1	0.612861156464
6	1	0.57313990593
5	1	0.733263015747
5	1	0.706233024597
5	1	0.586114168167
5	1	0.612793922424
6	1	1.70570802689
5	1	2.11857485771
6	1	0.626258134842
5	1	0.63950586319
6	1	0.639600992203
5	1	0.906414031982
5	1	1.46614408493
5	1	0.70608997345
5	1	0.679476976395
6	1	1.03942203522
6	1	0.666330814362
5	1	0.906229972839
5	1	0.586131095886
5	1	0.66660284996
6	1	1.91904687881
6	1	1.69232201576
5	1	0.866304159164
5	1	1.09279990196
5	1	0.692900896072
6	1	0.75963306427
6	1	0.586618900299
5	1	0.560016870499
5	1	1.85227704048
5	1	0.59951210022
6	1	0.506139993668
6	1	1.02623105049
6	1	0.679513931274
6	1	0.746185064316
5	1	1.29228687286
6	1	0.532891988754
5	1	1.67895102501
5	1	1.14572381973
5	1	0.599502801895
6	0	0.732916116714
5	1	1.19905614853
5	1	1.90563392639
6	1	1.54606795311
5	1	2.35907888412
6	1	1.69237399101
6	1	0.879609107971
6	1	0.759506225586
6	1	0.679460048676
5	1	1.3725259304
6	1	0.572818994522
5	1	0.586266994476
5	1	1.31944990158
5	1	1.3722910881
6	1	0.599508047104
6	1	0.626116037369
5	1	0.719609975815
5	1	1.86556887627
5	1	0.666224002838
6	1	2.13237500191
5	1	0.520070075989
5	1	0.466689109802
5	1	2.06573700905
5	1	1.31916284561
6	1	0.759473085403
5	1	0.893283843994
6	0	1.38617396355
6	1	1.34623098373
5	1	0.559914112091
5	1	1.05279016495
6	1	1.91900396347
6	1	0.733097791672
5	1	0.666203022003
5	1	1.53238892555
5	1	0.972876787186
6	1	0.799726963043
6	1	1.67893195152
5	1	1.67895507812
5	1	0.612928152084
5	0	1.73260116577
6	1	0.680084943771
5	0	0.866240024567
5	1	0.66624212265
5	1	0.59968495369
6	1	0.773409128189
6	1	0.653084039688
6	1	0.639469861984
5	1	1.73241710663
5	1	0.666131973267
5	1	1.18616294861
6	1	1.05269289017
6	1	1.18616294861
5	1	0.666551828384
5	1	0.640044927597
5	1	0.70622086525
6	1	1.7056851387
5	1	0.559504032135
6	1	0.706260919571
5	1	0.986214160919
6	1	0.759525060654
6	1	0.972843170166
5	1	1.19959402084
5	1	1.49267196655
6	1	0.599748849869
5	1	2.61240983009
5	1	0.852789163589
8	1	1.87894701958
7	1	0.639503002167
8	1	0.559510946274
8	1	1.4523499012
8	1	0.57285785675
8	1	0.546263933182
7	1	0.559813022614
8	1	0.546675920486
8	1	0.559968948364
8	1	0.600035905838
7	1	0.533331155777
7	1	0.520085811615
8	1	0.453219175339
7	1	0.47997713089
8	1	0.533368825912
7	1	1.47946119308
8	1	0.4933822155
7	1	0.573325872421
7	1	0.506719112396
8	1	0.51993894577
7	1	0.506544113159
8	1	0.533111810684
8	1	1.09293985367
8	1	0.75999712944
8	1	0.999459028244
7	1	0.746075868607
8	1	0.546732187271
8	1	0.53343296051
7	1	0.892877101898
7	1	0.77290391922
7	1	1.15892314911
8	1	0.652851819992
8	1	0.559508085251
8	1	2.34523296356
8	1	1.4123249054
7	1	1.26628613472
7	1	3.27858996391
7	1	1.14618492126
8	1	0.519434928894
8	1	0.639491081238
8	1	0.839668035507
8	1	0.533344984055
8	1	0.533403873444
8	1	0.586421012878
7	1	0.506366968155
7	1	0.759521007538
8	1	0.58620595932
7	1	0.599519968033
7	1	0.532999038696
7	1	0.519821166992
8	1	0.519963979721
8	1	0.559993982315
8	1	0.533275842667
7	1	0.53332901001
8	1	0.546585083008
8	1	1.2128329277
7	1	0.86639881134
7	1	1.05285906792
8	1	0.626157045364
7	1	0.653211116791
8	1	2.43902492523
8	1	0.932871103287
8	1	0.839437961578
7	1	0.706316947937
8	1	0.586671113968
7	1	0.639927864075
7	1	0.533371210098
8	1	0.533191919327
7	1	0.519752025604
7	1	0.546283006668
7	1	1.07948493958
8	1	1.45281910896
7	1	0.493347883224
8	1	0.493293046951
8	1	0.520062923431
7	1	0.506526947021
8	1	1.19951415062
7	1	1.23902583122
8	1	0.532847166061
7	1	0.679563045502
7	1	1.09281992912
8	1	0.613003015518
8	1	0.532826185226
7	1	0.572739124298
7	1	1.41227483749
7	1	0.519484996796
8	1	0.492825031281
8	1	0.492799043655
7	1	0.86613202095
7	1	1.3326280117
7	1	1.25233316422
7	1	1.85241103172
7	1	1.67901015282
7	1	1.18615102768
8	1	2.18540000916
7	1	0.746250867844
8	1	0.599441051483
8	1	0.666157007217
8	1	1.11940789223
8	1	0.639503955841
8	1	0.626226186752
8	1	1.93249201775
8	1	1.27958011627
8	1	0.639929056168
8	1	0.986125946045
8	1	1.38578391075
8	1	1.31907176971
8	1	2.13227105141
8	1	0.653321027756
7	1	1.37287688255
7	1	1.55956792831
7	1	1.39944195747
8	1	0.759878873825
7	1	2.31899499893
7	1	0.573322057724
8	1	0.866136074066
8	1	0.706120967865
8	1	0.559499025345
8	1	1.29267501831
8	1	0.65282201767
8	1	0.826406002045
7	1	1.01290488243
7	1	1.11939311028
8	1	0.94621181488
8	1	0.612856149673
8	1	1.02618813515
7	1	1.47900080681
8	0	1.63899087906
7	1	1.13269805908
7	1	0.746225118637
7	1	2.052328825
7	0	1.49285387993
8	1	1.27948498726
7	1	1.07942485809
8	1	1.27896904945
7	1	0.959471940994
7	1	1.62623906136
7	1	0.666657209396
8	1	0.772765874863
7	1	1.31928896904
7	1	0.626171827316
8	1	1.17281079292
7	1	0.61329293251
8	1	0.55978012085
7	1	1.4659819603
7	1	0.679397106171
7	1	0.652851104736
8	1	1.1726307869
7	1	0.732797145844
8	1	1.02622890472
8	1	1.65273213387
7	1	3.06512999535
7	1	1.2393450737
7	1	0.572849988937
8	1	1.35905981064
8	1	1.46559500694
8	1	0.799441099167
8	1	0.55964589119
8	1	0.586642980576
8	1	0.693390130997
8	1	1.25283312798
7	1	0.720043897629
7	1	0.746253967285
7	1	0.652884960175
7	1	0.612835884094
7	1	0.692811965942
8	1	1.18615198135
8	1	2.61186885834
7	1	0.89284992218
8	1	1.21273183823
8	1	0.706300973892
7	1	1.14623403549
7	1	0.746206045151
8	1	0.733254909515
7	1	0.906055927277
8	1	0.559497117996
8	1	0.759477853775
7	0	0.653355121613
7	1	0.972852945328
8	1	0.759557008743
8	1	0.98628282547
7	1	1.29286122322
7	1	1.26616621017
8	1	0.599978923798
7	1	1.13283896446
8	1	1.67900395393
7	1	0.7998919487
8	1	0.892794132233
8	1	0.719532966614
8	1	0.57294511795
7	1	0.693272829056
7	1	1.13281106949
7	1	1.66560411453
7	1	1.10603499413
8	1	1.42572212219
8	1	0.652902841568
7	1	1.0661687851
7	1	0.653166055679
7	1	0.599500179291
8	1	0.532866954803
8	1	2.27897310257
7	1	1.81229901314
7	1	0.866190910339
7	1	1.22614884377
7	1	0.692802906036
7	1	0.746542930603
7	1	0.679897069931
7	1	2.51877188683
7	1	0.666263103485
7	1	0.679462194443
8	1	0.612884044647
8	1	0.959742069244
8	1	0.746237039566
8	1	0.999490022659
7	1	3.11852192879
8	1	0.772869110107
8	1	1.1195628643
8	1	0.812903881073
7	1	0.640011072159
8	0	0.946156978607
8	1	0.746173858643
7	1	1.87894105911
8	1	0.679842948914
8	1	0.586213827133
8	1	0.61288690567
8	1	0.692938089371
7	1	1.85240006447
7	1	2.77202105522
8	1	2.65182185173
8	1	0.972868919373
8	1	1.10608100891
8	1	0.692770004272
7	1	1.81253194809
8	1	0.639860153198
7	1	1.37290978432
8	1	2.38576197624
7	1	2.81179499626
7	1	2.03902792931
3	1	0.999475955963
3	1	0.652781009674
3	1	0.533266067505
3	1	0.613321065903
3	1	0.506706953049
3	1	0.626765966415
3	1	0.613111019135
3	1	1.30627012253
3	1	0.533236980438
3	1	0.546652078629
3	1	1.02620410919
3	1	0.612890958786
3	1	0.653342008591
3	1	0.546620130539
3	1	0.600076913834
3	1	0.879462003708
3	1	0.732852935791
3	1	2.2388010025
3	1	1.8790230751
3	0	0.906165838242
3	1	1.6389400959
3	1	0.639496088028
3	1	0.999475955963
3	1	0.679563999176
3	1	0.906136989594
3	1	0.626272916794
3	1	0.506642103195
3	1	0.679938077927
3	1	0.546713113785
3	1	0.626521110535
3	1	0.572780132294
3	1	0.852806091309
3	1	0.666083812714
3	1	0.760034799576
3	1	0.573347091675
3	1	0.919514894485
3	1	4.77090811729
3	1	1.59948086739
3	1	0.666778087616
3	1	0.746233940125
3	1	0.599592924118
3	1	1.06618189812
3	1	0.879541873932
3	1	0.786139011383
3	0	0.733279943466
3	1	1.07954001427
3	1	0.586158037186
3	1	0.586198806763
3	1	0.58674788475
3	1	0.653370857239
3	1	0.613312005997
3	1	1.46616005898
3	1	1.27954411507
3	1	1.9323220253
3	1	0.666172027588
3	1	0.77277803421
3	1	0.613300085068
3	1	0.520025014877
3	0	1.29286313057
3	1	1.03939700127
3	1	1.43920207024
3	1	0.799518823624
3	1	1.1460108757
3	1	1.49262809753
3	1	1.3327600956
3	1	1.0795109272
3	1	0.666129827499
3	1	0.773300886154
3	1	0.506705999374
3	1	0.932843923569
3	1	0.839534044266
3	1	0.693230867386
3	1	0.573225021362
3	1	0.559893846512
3	1	0.533001184464
3	1	0.652865171432
3	1	0.506236076355
3	1	0.54610991478
3	1	0.666146993637
3	1	1.90566682816
3	1	1.11945700645
3	1	0.866296052933
3	1	2.91847777367
3	1	0.852908849716
3	1	2.94511890411
3	1	0.572736978531
3	1	0.679573059082
3	1	1.13262009621
3	1	0.826162099838
3	1	0.692789077759
3	1	0.639886140823
3	1	1.63956403732
3	1	1.63928818703
3	1	0.493113994598
3	1	0.67947602272
3	1	1.06614017487
3	1	1.10614800453
3	1	0.586220026016
3	1	1.14582085609
3	1	0.679499149323
3	1	0.932902812958
3	1	0.693312168121
3	1	0.866104841232
3	1	1.69235897064
3	1	1.35925197601
3	1	1.01291418076
3	1	0.626348018646
3	1	1.6789059639
3	1	0.546066999435
3	1	0.572871208191
3	1	0.532799005508
3	1	0.492751836777
3	1	1.07945609093
3	1	0.506546020508
3	1	0.61280798912
3	1	1.31940412521
3	1	1.34625601768
3	1	0.560008049011
3	1	0.826201915741
3	1	0.626159906387
3	1	1.93242192268
3	1	0.706591844559
4	1	0.879577159882
4	1	1.47893595695
4	1	0.612902879715
4	1	1.13257002831
4	1	0.69287610054
4	1	0.559581041336
4	1	0.506172895432
4	1	0.839570045471
4	0	0.573352098465
4	1	1.14621686935
4	1	1.07920312881
4	1	0.746251821518
4	1	0.999418020248
4	1	0.732870101929
4	1	2.69183492661
4	1	1.21263480186
4	1	0.932793140411
4	1	1.82569599152
4	1	0.586730003357
4	1	0.799530029297
4	1	2.85183501244
4	1	0.679826974869
4	1	0.506753921509
4	1	0.599967002869
4	1	0.533309936523
4	1	0.986207008362
4	1	0.919503927231
4	1	0.586584091187
4	1	0.586513996124
4	1	0.66611289978
4	1	1.15953302383
4	1	0.719506025314
4	1	1.91890096664
4	1	1.45259308815
4	1	1.06593704224
4	1	1.14612698555
4	1	0.919544935226
4	1	0.572802066803
4	1	3.35803508759
4	1	1.25289011002
4	1	1.22614383698
4	1	0.972964048386
4	1	1.30619311333
4	1	0.986118078232
4	1	0.6528840065
4	1	0.773077011108
4	1	0.986190080643
4	1	0.666187047958
4	1	0.626102924347
4	1	1.57283592224
4	1	0.693396091461
4	1	0.799520969391
4	1	0.626137018204
4	1	0.746218919754
4	1	0.999523878098
4	1	0.559466123581
4	1	0.586098909378
4	1	2.22577595711
4	1	1.19946479797
4	1	5.37084412575
4	1	1.46605801582
4	1	1.13259983063
4	1	0.519578933716
4	1	0.852829933167
4	1	1.97241902351
4	1	1.22621393204
4	1	0.932854890823
4	1	0.572832107544
4	1	0.679514884949
4	1	0.732899904251
4	1	0.61327791214
4	1	1.01291418076
4	1	1.78579115868
4	1	0.626662969589
4	1	1.9190530777
4	1	0.546147823334
4	1	0.599504947662
4	1	0.652963876724
4	1	0.813035964966
4	1	1.41286993027
4	1	0.599993944168
4	1	1.29289793968
4	1	1.65279603004
4	1	0.772836923599
4	1	0.986131906509
4	1	0.972857952118
4	1	1.31950592995
4	1	1.05283117294
4	1	1.22571182251
4	1	0.879409074783
4	1	1.42621517181
4	1	0.87976193428
4	1	1.372797966
4	1	2.09232616425
4	1	2.38515090942
4	1	1.45239400864
4	1	1.21291804314
4	1	1.49282813072
4	1	1.74565505981
4	1	0.826220035553
4	1	0.586603879929
4	1	0.906238079071
4	1	0.572788953781
4	1	0.826122999191
4	1	0.812909126282
4	1	0.57333111763
4	1	0.586602210999
4	1	0.612926959991
4	1	0.692881822586
4	1	0.612908840179
4	1	0.706191062927
4	1	0.519953966141
4	1	0.62664103508
4	1	0.986219167709
4	1	1.33234190941
4	1	0.612804889679
1	1	0.786314964294
1	1	0.573219060898
1	1	0.639830827713
1	1	1.01289510727
1	1	0.573162794113
1	1	1.23947787285
1	1	0.466157913208
1	1	0.532759904861
1	1	0.532840967178
1	1	0.532923221588
1	1	0.59953212738
1	1	0.559962034225
1	1	0.62658905983
1	1	0.626723051071
1	1	0.946259975433
1	1	0.57274889946
1	1	0.559460878372
1	1	0.706413030624
1	1	0.799695968628
1	1	1.43940711021
1	1	0.599568843842
1	1	0.746141910553
1	1	0.626212835312
1	1	0.652915000916
1	1	1.25282883644
1	1	0.772808074951
1	1	0.653301954269
1	1	1.10616612434
1	1	0.63957118988
1	1	0.639981031418
1	1	0.613332033157
1	0	0.639818191528
1	1	0.679527044296
1	1	0.946192979813
1	1	0.680055141449
1	1	1.59950709343
1	1	0.639516115189
1	0	2.38566589355
1	1	0.879476070404
1	1	0.90626502037
1	1	0.546608924866
1	1	0.826112985611
1	1	1.29290008545
1	1	1.03948807716
1	1	0.693064928055
1	1	0.506624937057
1	1	0.733314990997
1	1	0.559777021408
1	1	0.586094141006
1	1	0.532829999924
1	1	0.506145954132
1	1	0.559497833252
1	1	0.599519014359
1	1	0.572788000107
1	1	0.586192846298
1	1	0.839728116989
1	1	0.879583120346
1	1	0.519538879395
1	1	0.572755813599
1	1	0.559513092041
1	1	0.586127996445
1	1	0.613022089005
1	1	0.559965133667
1	1	1.0928580761
1	1	2.0789308548
1	1	0.959593057632
1	1	1.18580102921
1	1	1.05283403397
1	1	0.906478881836
1	1	0.732764959335
1	1	2.17235517502
1	1	2.02563214302
1	1	0.732923030853
1	1	0.7200050354
1	1	1.18618392944
1	1	1.66606712341
1	1	0.999491214752
1	1	0.972738027573
1	1	0.866171836853
1	1	0.719506978989
1	1	0.639534950256
1	1	0.653261899948
1	1	0.746691942215
1	1	0.692785024643
1	1	1.18617486954
1	1	1.27947616577
1	1	0.640054941177
1	0	1.39944696426
1	1	0.613325834274
1	1	1.29286694527
1	1	1.62620997429
1	1	0.93281006813
1	1	0.626154899597
1	1	0.599514007568
1	1	1.29238295555
1	1	0.706087112427
1	1	0.81285905838
1	1	0.812851905823
1	1	4.93083405495
1	1	1.02602505684
1	1	1.03943490982
1	1	1.33281207085
1	1	2.798568964
1	1	1.4261200428
1	1	3.55854487419
1	1	1.02616596222
1	1	0.732716083527
1	1	0.759789943695
1	1	1.7725250721
1	1	0.94615316391
1	1	0.679805994034
1	1	0.746658802032
1	1	0.839488983154
1	1	1.34565591812
1	1	1.47899317741
1	1	1.1328368187
1	1	2.74532604218
1	1	1.65223884583
1	1	1.69233202934
1	1	1.34565711021
13	1	0.586760997772
13	1	0.852774858475
13	1	0.519571065903
13	1	0.732873916626
14	1	0.719660997391
13	1	0.719974040985
13	1	0.639579057693
13	1	0.65274810791
13	1	0.786214113235
14	1	0.719923973083
14	1	0.719851970673
13	1	1.94562578201
14	1	0.799503087997
13	1	1.07949185371
14	1	1.21242499352
13	1	0.986135959625
14	1	0.559862136841
13	1	0.77338385582
13	1	1.83900284767
13	1	1.02624487877
13	1	0.77287197113
14	1	0.639523029327
14	1	0.652853965759
14	1	0.639580965042
14	1	1.17254185677
14	1	0.626132011414
13	1	0.532917022705
14	1	0.666148900986
14	1	0.839931964874
13	1	1.21283912659
14	1	0.613409996033
13	1	1.05286097527
14	1	1.39904785156
14	1	0.999441862106
13	1	1.78600096703
13	1	0.679484844208
13	1	2.49184799194
14	1	1.0794570446
14	1	0.693331003189
14	1	0.706114053726
13	1	0.906099081039
13	1	0.67992401123
13	1	0.680001020432
13	1	1.30619287491
14	1	0.852919816971
14	1	0.719504833221
13	1	0.652767181396
14	1	0.986170053482
14	1	0.706163167953
14	1	1.34560084343
13	1	1.01277709007
13	1	1.03957891464
13	1	0.86611700058
14	1	0.626482009888
13	1	1.09287595749
13	1	0.826113939285
13	1	0.853291988373
13	1	1.53260397911
14	1	0.999597072601
13	1	1.77262282372
14	1	1.38619303703
13	1	0.799904108047
14	1	0.932888031006
14	1	4.21087098122
13	1	1.35927510262
13	1	1.82563114166
13	1	0.839457988739
14	1	0.679968833923
14	1	0.706115007401
14	1	0.746263027191
14	1	1.01287102699
14	1	0.772804021835
14	1	0.946280002594
14	1	0.919738054276
13	1	2.67850589752
14	1	1.26603794098
13	1	0.799510002136
13	1	1.05280685425
13	1	0.639914035797
13	0	3.9045958519
14	1	0.666213035583
14	1	0.693280935287
14	1	0.746357917786
13	0	0.972759962082
14	1	1.13251709938
13	1	0.69288611412
13	1	1.83911108971
14	1	0.573387861252
13	1	1.27952814102
14	1	0.613348960876
13	1	0.826327085495
13	1	0.732802867889
14	1	0.519508838654
14	1	0.506188154221
13	1	0.519491910934
13	1	1.57229590416
14	1	0.559491157532
13	1	0.626229047775
13	1	0.58674788475
14	1	0.573272943497
14	1	0.86616897583
13	1	0.639498949051
13	1	1.09296488762
14	1	0.466650009155
14	1	0.413352966309
13	1	0.439945936203
14	1	0.466652154922
14	1	0.453286886215
13	1	0.706580877304
14	1	0.74623799324
13	1	0.65280008316
13	1	0.59956908226
14	1	0.61289691925
13	1	0.706596136093
14	1	0.519968032837
13	1	0.66672205925
14	1	0.546573877335
13	1	1.4926469326
14	1	0.519721984863
14	1	0.58615398407
13	1	0.532717227936
13	1	0.519510030746
10	0	2.79847788811
10	1	3.57182788849
10	1	1.27947592735
10	1	0.693376064301
10	1	1.13286709785
10	1	1.07939100266
10	1	1.27957105637
10	1	0.759579896927
10	1	1.46585607529
10	1	0.532882928848
10	1	0.572865009308
10	1	1.05278301239
10	1	1.6128320694
10	1	1.29281020164
10	1	1.65280389786
10	0	0.932806968689
10	1	1.57226204872
10	1	0.572840929031
10	1	0.719568014145
10	1	0.733403205872
10	1	0.653102874756
10	1	0.879520893097
10	1	0.559469938278
10	1	0.612921953201
10	1	0.599992036819
10	1	0.586661100388
10	1	0.892781019211
10	1	0.879469871521
10	1	1.51946115494
10	1	1.14612197876
10	1	0.719501018524
10	1	0.666305065155
10	1	0.640074014664
10	1	1.63949394226
10	1	0.626103878021
10	1	0.826214075089
10	1	1.33239293098
10	1	0.626246929169
10	1	0.759520053864
10	1	0.506597995758
10	1	0.813200950623
10	1	0.679594993591
10	1	0.652808189392
10	1	3.62466716766
10	1	0.866183996201
10	1	1.02627182007
10	0	0.852852106094
10	1	2.06565999985
10	1	1.10608386993
10	1	1.77240204811
10	1	1.30596399307
10	1	1.22625017166
10	1	0.972781896591
10	1	1.14604091644
10	1	0.719516038895
10	1	0.91957783699
10	1	0.999489068985
10	1	0.746182918549
10	1	1.34567809105
10	1	0.959421873093
10	1	1.15950894356
10	1	1.25256800652
10	1	0.586224079132
10	1	2.3455529213
10	1	1.95890688896
10	1	1.10581493378
10	1	1.35948896408
10	1	0.586394071579
10	1	0.626169919968
10	1	0.546256065369
10	1	0.746242046356
10	1	1.0526278019
10	1	0.919503927231
10	1	1.61236214638
10	1	2.05242490768
10	1	2.10573601723
10	1	1.01279997826
10	1	0.852849006653
10	1	2.73228311539
10	1	0.919532060623
10	1	0.892806053162
10	1	0.746762037277
10	0	0.839485883713
10	0	0.652886152267
10	1	1.29228520393
10	1	1.38563680649
10	1	0.692707061768
10	1	0.879549026489
10	1	0.932873010635
10	1	1.19950604439
10	1	0.786288022995
10	0	1.30605602264
10	1	2.571860075
10	1	1.50565195084
10	1	0.626153945923
10	1	2.05237793922
10	1	0.746415138245
10	1	0.559566020966
10	1	0.892877101898
10	1	2.29196405411
10	1	2.0657351017
10	1	0.732791900635
10	1	4.47754502296
10	1	0.826111078262
10	1	0.719491958618
10	1	0.866343021393
10	1	1.1995279789
10	1	1.25285983086
10	1	1.14582204819
10	1	0.759593009949
15	1	2.29191803932
16	1	1.25256299973
16	1	0.546153068542
15	1	0.586189985275
15	1	1.18620300293
15	1	0.559941053391
16	1	0.573142051697
16	1	0.652797937393
15	1	0.626200199127
15	1	0.852895021439
16	1	0.613435029984
15	1	0.586744070053
16	1	0.639719009399
16	1	0.706222057343
15	1	0.706150054932
16	1	3.38473701477
15	1	0.892822027206
16	1	0.64001584053
16	1	0.746199131012
16	1	0.852867841721
16	1	0.933171987534
16	1	1.77232980728
16	1	0.826225996017
15	1	1.45269393921
16	1	0.826469182968
16	1	1.57291793823
15	1	0.85271692276
16	1	0.812762975693
15	1	1.85272192955
16	1	0.786189079285
15	1	0.639499902725
16	1	0.812818050385
15	1	1.30616188049
15	1	1.30609416962
16	1	5.06415390968
15	1	3.21181106567
15	1	0.639949083328
15	1	0.719652891159
16	1	0.986176013947
15	1	0.599846124649
15	1	0.519979000092
15	1	0.586623907089
16	1	0.533290863037
15	1	0.653388023376
15	1	0.719564914703
16	1	0.639449119568
16	1	0.58619093895
16	1	0.959558010101
16	1	0.879415988922
15	1	0.986158132553
15	1	0.786273002625
16	1	0.946086883545
15	1	0.733087062836
16	1	0.559953927994
15	1	0.586649894714
16	1	0.546659946442
16	1	0.679489135742
16	1	0.81285405159
15	1	0.572897911072
15	1	0.839836120605
16	1	1.47951412201
15	1	3.34509801865
15	1	1.02608203888
16	1	0.652838945389
16	1	0.839505910873
15	1	0.866223812103
16	1	1.23950791359
15	1	2.7452070713
15	1	0.652927160263
15	1	1.35894012451
16	1	0.932796001434
15	1	1.58619117737
15	1	1.53287386894
16	1	0.45334982872
15	1	0.613266944885
15	1	0.852900981903
16	1	0.559452056885
15	1	1.11947798729
16	1	0.786154985428
16	1	0.786109924316
16	1	0.719603061676
15	1	0.906055212021
16	1	0.639564990997
16	1	1.22609901428
16	1	0.612763881683
15	1	1.47902703285
15	1	1.49234509468
15	1	0.759504079819
15	1	1.8790371418
15	1	1.34626102448
16	0	0.85343003273
16	1	0.82612991333
15	1	0.98620390892
16	1	1.81230688095
15	1	1.01282310486
16	1	0.826766014099
16	0	3.9313890934
15	1	1.03955197334
16	1	0.599582910538
15	1	1.65230298042
15	1	1.21285796165
16	1	0.626204013824
15	1	0.879414081573
16	1	0.706118822098
16	1	0.573343992233
15	1	0.600006103516
15	1	0.63981294632
15	1	0.612872838974
16	1	0.61293387413
15	1	0.839512109756
16	1	1.17287898064
15	1	0.999526977539
16	1	0.653305053711
15	1	0.866180181503
15	1	0.572845935822
15	1	5.01086306572
12	1	5.10419797897
12	1	2.5053589344
12	1	1.0393679142
12	1	1.6656999588
12	1	1.19950604439
12	1	1.03944802284
12	1	1.66586089134
12	1	0.65327000618
12	1	0.679737091064
12	1	0.679594993591
12	1	0.626194000244
12	1	0.866185188293
12	1	2.19896101952
12	1	1.09250617027
12	0	0.652860879898
12	1	0.679453849792
12	1	0.786148071289
12	1	0.853146076202
12	1	1.01281499863
12	0	0.866555929184
12	1	4.14470005035
12	1	1.82607889175
12	1	1.09282898903
12	1	1.14582514763
12	1	0.719539165497
12	1	0.906241178513
12	1	1.22617411613
12	1	1.13260006905
12	1	2.43851494789
12	1	6.51655387878
12	1	0.692872047424
12	1	1.57226991653
12	1	1.63905501366
12	1	3.21179509163
12	1	1.78564596176
12	1	0.786694049835
12	1	0.919512987137
12	1	0.719556093216
12	1	1.07923007011
12	1	0.852877855301
12	1	4.86421918869
12	1	2.06559991837
12	1	1.46575903893
12	1	1.19898509979
12	1	1.22624897957
12	1	1.23951911926
12	1	0.626640796661
12	1	0.932871103287
12	1	0.759516954422
12	1	0.932907819748
12	1	2.25237107277
12	1	1.5062520504
12	1	0.733403205872
12	1	0.866139888763
12	1	0.946049928665
12	1	1.15953779221
12	1	1.252409935
12	1	1.5322599411
12	1	3.74464488029
12	1	0.919500112534
12	1	0.732819080353
12	1	1.43923091888
12	1	0.639543056488
12	1	1.05286717415
12	1	1.19950485229
12	1	3.87800788879
12	1	0.799535036087
12	1	0.746228933334
12	1	0.79954791069
12	1	0.932798862457
12	1	0.572860956192
12	1	0.706194877625
12	1	0.799484968185
12	1	0.719519138336
12	1	0.73327589035
12	1	0.546687841415
12	1	1.17285609245
12	1	0.7067258358
12	1	1.31940293312
12	1	1.46622085571
12	1	0.719910860062
12	1	1.19944906235
12	1	1.30614495277
12	1	0.612838983536
12	1	0.613116979599
12	1	1.22618603706
12	1	0.799453020096
12	1	0.5600938797
12	1	0.746633052826
12	1	0.919516086578
12	1	1.31906700134
12	1	0.519523859024
12	1	0.932847976685
12	1	0.853008031845
12	1	0.732928037643
12	1	0.959433078766
12	1	0.826108932495
12	1	0.679486989975
12	1	0.692831993103
12	0	0.586263179779
12	1	0.533455848694
12	1	0.893010854721
12	1	0.679440975189
12	1	0.612837076187
9	1	3.5319340229
9	1	1.57287788391
9	1	0.972983121872
9	1	2.2256758213
9	1	0.759497880936
9	1	0.679426908493
9	1	0.692809104919
9	1	1.0927708149
9	1	0.666227817535
9	1	0.78613615036
9	1	2.26569008827
9	1	0.812887907028
9	1	1.4395878315
9	1	0.639919996262
9	1	0.906284093857
9	1	2.17237401009
9	1	1.31952691078
9	1	0.693373918533
9	1	0.772927999496
9	1	3.4514298439
9	1	1.21283602715
9	1	0.946238994598
9	1	1.31897997856
9	1	0.66623210907
9	1	1.3990278244
9	1	1.37242698669
9	1	0.772881984711
9	1	0.559570074081
9	1	1.63911581039
9	1	1.63951992989
9	1	2.22573304176
9	1	0.733043193817
9	1	1.1460750103
9	1	1.91901898384
9	1	1.51950001717
9	1	1.75904083252
9	1	0.826200962067
9	1	0.786175012589
9	1	0.852798938751
9	1	0.799482107162
9	1	0.692875146866
9	1	1.29286003113
9	1	2.13196611404
9	1	1.69246816635
9	1	0.906201124191
9	1	0.600033044815
9	1	0.986117124557
9	1	0.612782001495
9	1	1.06613087654
9	1	0.946179151535
9	1	0.546152114868
9	1	0.532871007919
9	1	0.99956202507
9	1	0.546248912811
9	1	1.02614617348
9	0	0.706717967987
9	1	0.586641073227
9	1	1.11949419975
9	1	0.826467037201
9	1	1.7723069191
9	1	0.786148071289
9	1	1.13242888451
9	1	1.0395488739
9	1	0.932852983475
9	1	1.09279704094
9	1	0.773258924484
9	1	0.692804098129
9	1	1.73222708702
9	1	0.866129875183
9	1	1.09280896187
9	1	3.42476582527
9	1	1.30571007729
9	1	0.826078891754
9	1	0.839412927628
9	1	0.640000104904
9	1	1.06621384621
9	1	1.71924209595
9	1	0.866141080856
9	1	0.692875146866
9	1	1.13279604912
9	1	1.6790599823
9	1	0.692872047424
9	1	0.586086034775
9	1	0.706102848053
9	1	1.57287979126
9	1	3.30522108078
9	1	0.679816007614
9	1	0.839555978775
9	1	0.639501094818
9	1	0.572908163071
9	1	0.626216888428
9	1	0.986133098602
9	1	0.679510116577
9	1	1.37261581421
9	1	0.759510993958
9	1	0.506207942963
9	1	0.586105823517
9	1	0.639616966248
9	1	0.892995834351
9	1	1.23941612244
9	1	1.18620705605
9	1	0.812899112701
9	1	0.693341970444
9	1	0.546583890915
9	1	0.533324956894
9	1	0.986234903336
9	1	1.37235808372
9	1	0.612856864929
9	1	0.586217880249
9	1	1.18594694138
9	1	0.599516153336
9	1	2.31852006912
9	1	1.23954176903
9	1	0.826236963272
11	1	1.95898795128
11	1	1.14620709419
11	1	4.75750017166
11	1	0.81299495697
11	1	0.666620016098
11	1	1.01275706291
11	1	4.37108802795
11	1	1.0527780056
11	1	0.719450950623
11	1	0.572907924652
11	1	0.532921075821
11	1	0.586145162582
11	0	0.772801876068
11	1	0.693309783936
11	1	0.639727115631
11	1	0.8262591362
11	1	0.732734918594
11	1	0.573312997818
11	1	0.600068092346
11	1	0.799515008926
11	0	1.15955996513
11	1	0.759761810303
11	1	0.97290802002
11	1	0.572966098785
11	1	0.573382139206
11	1	1.37281179428
11	1	1.38601708412
11	1	0.679563045502
11	1	1.53280186653
11	1	0.866431951523
11	1	1.07955002785
11	1	0.613312005997
11	1	1.38618302345
11	1	1.17276000977
11	1	1.41231918335
11	1	1.25259804726
11	1	0.572770118713
11	1	0.852802038193
11	1	4.05121684074
11	1	2.50547289848
11	1	1.15948295593
11	1	1.21278190613
11	1	1.06617999077
11	1	0.719518899918
11	1	1.2128610611
11	1	2.15900206566
11	1	1.13284802437
11	1	2.02570581436
11	1	1.06604290009
11	1	0.879506826401
11	1	0.98620891571
11	1	0.626218080521
11	1	1.46568918228
11	1	0.666172981262
11	1	0.799647092819
11	1	1.2128329277
11	1	1.78591012955
11	1	0.879446983337
11	1	0.919435977936
11	1	0.733385801315
11	1	1.10618591309
11	1	1.65238213539
11	1	0.999490976334
11	1	0.972961902618
11	1	1.13282704353
11	1	0.599578857422
11	1	0.506179094315
11	0	0.666141033173
11	1	1.05272221565
11	1	2.17232084274
11	1	1.03949093819
11	1	1.83905911446
11	1	1.38625812531
11	1	0.866716146469
11	1	1.25278902054
11	1	0.666575908661
11	1	1.21286916733
11	0	0.879942893982
11	1	1.05270314217
11	1	0.99950003624
11	1	1.01283311844
11	1	2.22562909126
11	1	0.812831878662
11	1	0.613222122192
11	1	1.29276800156
11	1	2.26548814774
11	1	0.839459896088
11	1	1.19946908951
11	1	0.652928829193
11	1	1.06595683098
11	1	0.652794122696
11	1	0.852777957916
11	1	1.1727950573
11	1	2.31854009628
11	1	0.812936067581
11	1	0.719409942627
11	1	0.58668589592
11	1	0.533373117447
11	1	0.533392906189
11	1	0.759465932846
11	1	0.826127052307
11	1	1.74575400352
11	1	1.39947319031
11	1	1.22612905502
11	1	1.01276612282
11	1	0.812841892242
11	1	1.7723608017
11	1	0.999483108521
11	1	0.666240930557
11	1	0.959547996521
11	1	0.559944152832
11	1	0.85303401947
11	1	0.706172943115
13	1	0.852843999863
14	1	0.733368873596
14	1	1.0661110878
14	1	0.546059131622
13	1	0.519605875015
14	1	0.652976989746
13	1	0.573311090469
14	1	3.41174888611
14	1	2.15899586678
14	1	4.70419096947
13	1	0.639800071716
14	1	1.42614293098
14	1	1.0661008358
14	1	2.51858592033
13	1	1.22615289688
13	0	0.799510955811
14	1	1.71902489662
13	1	1.13246393204
14	1	1.6523900032
14	1	0.612920999527
13	1	0.892843961716
13	1	1.22613096237
13	1	0.639784097672
13	1	1.0128121376
13	1	1.74567484856
14	1	3.25130486488
14	1	0.692859888077
14	1	1.45230698586
13	1	2.19857192039
13	1	1.10614299774
13	1	1.26614809036
14	1	0.706209897995
14	1	0.80007314682
13	1	1.09284591675
14	1	2.06566786766
13	1	0.67954993248
14	1	0.74626493454
13	1	0.773372173309
13	1	1.26612496376
13	1	3.18512415886
13	1	0.799504041672
14	1	0.506585836411
13	1	0.826604127884
13	1	0.892892122269
14	1	1.11939811707
14	1	0.839523077011
14	1	0.919465065002
14	1	1.21293711662
14	1	1.69254994392
14	1	0.746719121933
14	1	1.30620884895
14	1	0.759662866592
13	1	1.01281499863
13	1	1.41273403168
14	1	0.679540872574
14	0	1.09281206131
13	1	1.13293600082
14	1	2.35902786255
14	1	0.719867944717
14	1	1.37278294563
13	1	2.42566108704
13	1	1.0662047863
13	1	0.919570922852
14	1	0.879472017288
14	1	0.932876110077
13	1	1.09277391434
14	1	0.652722120285
14	1	0.612866163254
14	1	0.8664290905
13	1	0.932909011841
13	1	0.919512987137
14	1	0.959408998489
13	1	0.986257791519
13	1	1.17281198502
13	1	0.69281411171
13	1	0.706696987152
13	1	1.02623486519
14	1	0.839545965195
14	1	2.55903315544
14	1	1.35950803757
13	1	1.25294113159
13	1	0.826145172119
14	1	0.839640140533
14	1	0.919490098953
13	1	0.719624996185
14	1	0.706558942795
14	1	0.639523029327
14	1	0.599501132965
13	1	0.572818994522
14	1	0.612930059433
14	0	0.799567937851
14	1	0.573320150375
14	1	0.63999414444
14	0	0.626358985901
14	1	0.66624212265
13	1	1.01287007332
13	1	2.492415905
14	1	1.7858569622
14	1	0.692849159241
14	1	0.586136102676
14	1	0.559457063675
14	1	0.83952498436
14	1	0.786363124847
13	1	0.986215114594
14	1	0.759814977646
14	1	0.852784156799
13	1	0.746047019958
14	1	0.8128490448
14	1	0.666734933853
14	1	0.626342058182
13	1	0.65286397934
13	1	1.14612817764
13	1	0.626658916473
13	1	0.533103942871
13	1	0.652935028076
16	1	1.05289292336
16	1	0.586712837219
16	1	0.560030937195
16	1	0.986180067062
15	1	0.679507017136
15	1	0.892970085144
15	1	0.786175966263
16	1	1.27954602242
15	1	0.906131982803
15	1	1.21230792999
16	1	1.17283010483
16	1	0.839581012726
16	1	0.692784070969
16	1	0.652884960175
15	1	1.06587386131
15	1	0.626154899597
15	1	0.55953502655
15	1	0.639574050903
15	1	0.799560070038
16	1	1.99907302856
16	1	0.586110115051
16	1	0.706184148788
16	1	0.692939043045
16	1	1.26616811752
16	1	1.03935599327
16	1	1.69238185883
16	1	1.59908294678
15	1	0.919430017471
16	1	1.38620686531
15	1	0.80001616478
16	1	1.59913492203
16	1	0.799434900284
15	0	0.852880954742
15	1	0.586709022522
16	1	0.613406896591
16	1	0.652808904648
16	1	0.492826938629
16	1	0.746153831482
16	1	0.879483222961
16	1	1.05284404755
15	1	0.59949016571
16	1	0.519523859024
15	1	0.532891988754
15	1	1.27910804749
15	1	0.746106863022
16	0	0.479755163193
16	0	1.09261584282
16	1	1.69235301018
15	1	1.37228822708
15	1	1.74575781822
16	1	1.11904191971
15	1	1.01282501221
15	1	2.58560490608
15	1	0.826462030411
15	1	1.70569801331
16	1	0.826153993607
15	1	0.559906005859
16	1	0.546690940857
15	1	1.03955888748
15	1	0.692876815796
15	1	0.586194992065
16	1	1.3725631237
15	1	0.639513969421
15	1	0.653157234192
15	1	1.33286190033
16	1	1.50592207909
15	1	0.63995218277
15	1	1.09288191795
16	1	0.986153125763
15	1	0.812808990479
16	1	0.61278295517
15	1	0.586084127426
15	1	0.586192131042
15	1	0.959457874298
15	1	0.706142902374
15	1	0.866203784943
15	1	0.786224126816
15	1	2.10567617416
16	1	0.612905025482
16	1	0.839627027512
16	1	0.946225881577
15	1	0.59953212738
15	1	0.572855949402
16	1	0.679569005966
16	1	0.706640005112
16	1	0.866229057312
16	1	0.652844905853
16	1	1.78567790985
15	1	0.666712999344
16	1	0.986269950867
16	1	0.946162939072
15	1	0.799510002136
15	1	0.679411172867
16	1	0.639527082443
16	1	0.652920007706
15	1	0.813282012939
15	1	1.10612893105
15	1	0.986279010773
16	1	0.759527921677
16	1	0.586264133453
16	1	0.572820901871
15	1	0.973001003265
16	0	4.63753318787
15	1	1.18620419502
16	1	0.772804021835
15	1	0.786245107651
16	1	2.22512602806
15	1	0.506197929382
15	1	0.546083927155
15	1	2.8917798996
16	1	1.43954205513
16	1	2.69219708443
15	1	0.599975824356
15	1	0.67968583107
16	1	0.666104078293
16	1	0.599428892136
16	1	0.692783117294
16	1	0.759795188904
16	1	1.05280208588
16	1	0.626092910767
22	1	1.25281310081
22	1	1.06597280502
22	1	0.692821025848
22	1	0.892803907394
22	1	1.45282316208
21	1	0.719966888428
22	1	0.692858934402
22	1	0.759495019913
22	1	0.6795129776
22	1	1.38616418839
21	1	1.02613687515
21	1	0.559581041336
22	1	0.666236877441
21	1	1.87904810905
21	1	0.719994068146
22	1	0.639917850494
21	1	0.586197137833
21	1	0.519562005997
22	1	0.546159982681
21	1	0.732782840729
21	1	0.799446105957
22	1	0.81307220459
22	1	2.105656147
22	1	0.533303976059
21	1	0.653341054916
22	1	0.546699047089
21	1	0.573427915573
22	1	0.879554033279
21	1	2.55842781067
22	1	1.30566096306
22	1	0.919528007507
22	1	0.533304929733
22	1	0.546713829041
22	1	0.906147003174
21	1	0.759551048279
21	1	0.572799921036
21	1	0.599772930145
21	1	0.786649942398
22	1	0.573318004608
21	1	0.706179857254
21	1	3.23851513863
22	1	0.812841892242
21	1	0.532850980759
22	1	0.599489927292
21	1	1.29229211807
22	1	0.812814950943
22	1	0.79975605011
21	1	0.533354997635
22	1	0.653105020523
22	1	0.879492998123
22	1	0.559547901154
21	1	0.479681968689
22	1	0.586303949356
22	1	0.81331205368
21	1	0.613116025925
21	1	0.95950293541
21	1	0.732985973358
22	1	0.533442020416
22	1	1.77247190475
21	1	0.892884016037
22	1	1.10583686829
21	1	0.986185073853
22	1	0.959692001343
21	1	0.746060848236
21	1	0.626132011414
22	1	0.759477853775
22	1	0.573348999023
21	1	0.65328001976
21	1	0.79957485199
22	1	0.746213912964
21	1	0.839479923248
21	1	1.93227791786
22	1	1.14613103867
22	1	0.786303043365
21	0	1.67892813683
22	1	3.611317873
21	1	1.2926068306
22	1	0.772876024246
22	1	0.840040922165
21	1	1.33276200294
21	1	0.666604042053
22	1	0.732831001282
22	1	1.01284790039
21	1	1.81252217293
21	1	0.959467887878
22	1	3.21137499809
22	1	1.1061270237
21	1	1.85234498978
22	1	4.94431805611
22	0	2.19899606705
21	1	1.17264199257
22	1	0.906231164932
22	1	0.77286696434
21	1	0.786474943161
22	1	0.666094064713
22	1	0.7594871521
22	1	1.66565704346
21	1	0.733355045319
22	1	1.67914199829
22	1	1.53229999542
21	1	1.01280117035
22	1	1.10606098175
22	1	0.599509000778
22	1	0.466200113297
22	1	0.612812042236
22	1	0.639523983002
21	1	3.97134304047
22	1	0.852778911591
21	1	0.812877893448
22	1	0.533326148987
21	1	0.746382951736
21	1	1.07952809334
22	1	0.626603841782
22	1	0.560033082962
21	0	0.519988059998
22	1	0.546633005142
22	1	0.692850828171
21	1	0.599456071854
23	1	0.613388061523
24	1	0.519989967346
23	1	1.79902100563
24	1	1.22615599632
23	1	0.679520845413
24	1	1.9456410408
24	1	1.11934900284
24	1	0.559560060501
23	1	0.626211881638
24	1	0.546191930771
24	1	0.692852973938
23	1	0.786611795425
24	1	0.559854984283
23	1	0.51989197731
23	1	0.986165046692
24	1	0.733019113541
23	1	0.932838201523
23	1	0.599443912506
24	1	0.826122999191
24	1	0.573225975037
24	1	0.679998874664
24	1	0.839462995529
24	1	0.586107969284
23	1	0.812872886658
23	1	0.573345899582
24	1	0.866176128387
23	1	0.706115961075
24	0	1.13286805153
24	1	1.29284191132
24	1	1.30622005463
24	1	0.85328912735
23	1	1.02624893188
23	1	1.29236006737
24	1	1.15944695473
24	1	1.0395321846
24	1	0.639549970627
23	1	0.59996509552
23	1	1.21288299561
24	1	0.812867164612
23	1	0.826115131378
24	1	1.01275086403
24	1	0.839966058731
24	1	0.546394109726
23	1	1.0660970211
24	1	0.826695203781
23	1	0.826251029968
23	1	0.692744016647
24	1	1.61243486404
23	1	0.94637298584
23	1	3.67792987823
23	1	1.63898181915
23	1	1.34562587738
24	1	1.05284500122
23	1	0.719718933105
23	1	1.09287500381
24	1	0.733397006989
23	1	1.10620903969
24	1	1.33241510391
23	0	0.626130104065
24	1	0.599543094635
24	1	0.853162050247
23	0	1.23943209648
23	1	0.839838981628
24	1	1.86572599411
23	1	0.946113824844
24	1	0.573230028152
24	1	0.626373052597
24	1	0.559470891953
23	1	0.49286198616
24	1	1.5456829071
23	1	0.75954914093
23	1	0.692844152451
23	1	0.932962179184
24	1	0.812840938568
24	1	0.719446897507
23	1	0.720019102097
24	1	0.87954211235
23	1	0.599551916122
24	1	0.586206912994
24	1	0.599520921707
23	1	0.706578016281
24	1	0.573374032974
24	1	0.972830057144
24	1	2.06568694115
24	1	0.906150102615
24	1	0.906172037125
23	1	0.600005865097
23	1	1.74584293365
23	1	1.31948900223
24	1	0.692868947983
23	1	0.626108884811
23	1	0.772737026215
23	1	0.559704065323
24	1	0.626611948013
23	1	0.520053863525
24	1	0.559931993484
23	1	1.29284906387
23	1	0.613370895386
24	1	0.959479093552
23	1	0.652848005295
23	1	1.45229697227
24	1	1.22581005096
24	1	0.666151046753
24	1	0.612828969955
23	1	0.519500017166
23	1	0.866295814514
24	1	0.573461055756
24	1	0.693120956421
24	1	1.06615209579
24	1	1.15956902504
24	1	0.666199207306
24	1	0.65284204483
24	1	1.01281380653
23	1	0.786180019379
24	1	0.58615398407
23	1	0.613033056259
24	1	0.586637020111
24	1	0.586683034897
23	1	0.626794099808
23	1	0.652881860733
23	1	0.652825117111
23	1	0.67952299118
23	1	0.559471845627
24	1	0.612987041473
23	1	0.799989938736
19	1	0.946189165115
19	1	0.959743976593
19	1	0.652837991714
19	1	0.906157970428
19	1	0.546662092209
19	1	0.546586990356
19	1	0.746676206589
19	1	0.506680011749
19	1	0.919512033463
19	1	0.546180009842
19	1	0.49282002449
19	1	0.706147909164
19	1	0.533329963684
19	1	0.58672118187
19	1	0.839475870132
19	1	0.866217136383
19	1	0.692985057831
19	1	0.573439121246
19	1	0.852853059769
19	1	0.599535942078
19	1	0.599496841431
19	1	0.772849082947
19	1	0.813338041306
19	1	0.732793807983
19	1	0.732826948166
19	1	0.626121997833
19	1	0.826580047607
19	1	1.02617311478
19	1	0.692675113678
19	1	1.05276608467
19	1	0.692839860916
19	1	1.42563509941
19	1	0.919502973557
19	1	0.733314990997
19	1	0.572871923447
19	1	1.0260488987
19	1	1.25288677216
19	1	0.639618873596
19	1	0.693008184433
19	1	2.02561092377
19	1	1.31917619705
19	1	1.5056989193
19	1	0.786128997803
19	1	0.519549846649
19	1	1.03952598572
19	1	0.826079845428
19	1	0.572856903076
19	1	0.612864017487
19	1	0.586244821548
19	1	0.533254146576
19	1	0.640053987503
19	1	0.746510028839
19	1	2.55854606628
19	1	0.772876977921
19	1	0.772892951965
19	1	0.586755037308
19	1	0.680003881454
19	1	0.679469823837
19	1	0.586130857468
19	1	0.599413156509
19	1	0.919601917267
19	1	0.7200319767
19	1	1.07949185371
19	1	0.759848833084
19	1	0.74630188942
19	1	0.732751846313
19	1	0.65283203125
19	1	0.679519891739
19	1	0.626738071442
19	1	1.06624388695
19	1	1.81233811378
19	1	1.01280522346
19	1	0.906262874603
19	1	0.679977893829
19	1	0.772874116898
19	1	0.879448890686
19	1	1.25230002403
19	1	0.85274887085
19	1	0.959587812424
19	1	0.759577035904
19	1	0.906230926514
19	1	0.720026016235
19	1	1.01279807091
19	1	0.812794923782
19	1	0.879461765289
19	1	0.639595985413
19	1	0.51943397522
19	1	0.519506931305
19	1	0.572807073593
19	1	0.732772827148
19	1	0.54659485817
19	1	0.653361797333
19	1	0.586587905884
19	1	0.572879076004
19	1	0.906105995178
19	1	0.786293029785
19	1	0.759732961655
19	1	0.74617099762
19	1	0.719526052475
19	1	0.786500930786
19	1	1.05284786224
19	1	1.14596104622
19	1	0.86612701416
19	1	0.706123113632
19	1	1.07943105698
19	1	1.73227500916
19	1	0.866116762161
19	1	0.879486083984
19	1	0.972758054733
19	1	0.86620092392
19	0	0.612816810608
19	1	0.75957608223
19	1	0.772783994675
19	1	0.586683988571
19	1	0.732991933823
19	1	0.799504041672
19	1	1.33229494095
19	1	3.25179815292
19	1	0.972781896591
19	1	0.85282087326
19	1	0.866127967834
19	1	1.03953695297
19	1	1.59951114655
19	1	1.14621901512
19	1	0.706223964691
19	1	1.49283981323
18	1	0.599493980408
18	1	0.772776842117
18	1	0.773151159286
18	1	0.666167974472
18	1	1.53237605095
18	1	0.772891044617
18	1	1.13260817528
18	1	0.692879915237
18	1	1.73238110542
18	1	1.70622897148
18	1	2.26556801796
18	1	1.65275192261
18	1	2.58570313454
18	0	0.999561071396
18	1	1.39903593063
18	1	1.03943991661
18	1	1.03953099251
18	1	0.599469900131
18	1	1.41235613823
18	1	1.03950309753
18	1	0.759512901306
18	1	0.852855920792
18	0	1.21261119843
18	1	0.719432115555
18	0	1.30577015877
18	1	0.639477014542
18	1	0.546056032181
18	1	1.14590501785
18	1	1.59906482697
18	1	0.612899065018
18	1	1.19909000397
18	1	0.919443130493
18	1	0.919620037079
18	1	1.0528781414
18	1	0.653025865555
18	1	0.573359966278
18	1	0.55995798111
18	1	0.560073137283
18	1	1.13281393051
18	1	0.813071012497
18	1	0.799457073212
18	1	1.57234692574
18	1	0.626192092896
18	1	0.559427976608
18	1	1.46577501297
18	1	5.11731982231
18	1	0.786214113235
18	1	0.879519939423
18	1	0.573314189911
18	1	1.66613698006
18	1	1.09288907051
18	1	0.719840049744
18	1	0.733150959015
18	1	0.786152124405
18	1	0.612920045853
18	1	0.799520015717
18	1	0.720060110092
18	1	0.866105079651
18	1	0.732930898666
18	1	0.506685018539
18	1	0.600046157837
18	1	0.586735963821
18	1	0.560127973557
18	1	0.653122186661
18	1	0.626145124435
18	1	0.746167898178
18	1	0.599500894547
18	1	0.69314789772
18	1	0.559988021851
18	1	0.626717090607
18	1	0.533318042755
18	1	0.692872047424
18	1	0.799498796463
18	1	0.652793169022
18	1	0.800019979477
18	1	0.599684000015
18	1	0.679537057877
18	1	0.866194963455
18	1	0.853449106216
18	1	1.37280988693
18	1	0.759459018707
18	1	0.732878923416
18	1	0.612818956375
18	1	1.21223187447
18	1	0.746159076691
18	1	0.999516010284
18	0	0.972845077515
18	1	0.572881937027
18	1	0.759684085846
18	1	0.559998035431
18	1	0.533437013626
18	1	2.19896697998
18	1	1.05281615257
18	1	0.946280956268
18	1	1.10613894463
18	0	0.559427022934
18	0	1.2127468586
18	1	0.586136102676
18	1	0.759460926056
18	1	0.732800960541
18	1	0.679998159409
18	1	2.45228600502
18	1	0.666616916656
18	1	0.679491996765
18	1	3.26520085335
18	1	1.31945514679
18	1	0.599946022034
18	1	1.11955595016
18	1	1.01287007332
18	1	1.21285200119
18	1	1.06621694565
18	1	0.839516162872
18	1	0.800029993057
18	1	3.94461894035
18	1	0.692869901657
18	1	0.826560974121
18	1	0.586556911469
18	1	0.50661110878
18	1	0.586246013641
18	1	0.59949016571
21	1	0.852822065353
22	1	1.06612706184
21	1	0.73285317421
21	1	0.666163921356
22	1	0.586608886719
21	1	0.8930580616
21	1	0.852821826935
21	1	0.706199884415
22	1	0.640034914017
21	1	0.826154947281
22	1	0.852901220322
21	1	0.519469976425
22	1	0.546324014664
22	0	0.439865112305
22	1	0.50636100769
21	1	0.493016004562
21	1	0.639730930328
21	1	0.653378009796
21	1	0.919492006302
21	1	0.492790937424
22	1	0.546133041382
21	1	1.38568806648
21	1	0.599426031113
21	1	0.532835960388
21	1	0.572881937027
22	1	0.732758045197
22	1	0.493352174759
21	1	0.466644048691
22	1	0.813325881958
22	1	0.546516895294
21	1	0.826115846634
21	1	0.706223964691
21	1	0.813320159912
22	1	0.466710090637
21	0	0.62669801712
21	1	1.1862449646
22	1	1.67951893806
21	1	1.50621819496
22	1	1.27953195572
21	1	1.73291301727
21	1	0.772822141647
21	1	0.572849988937
21	1	0.612779855728
22	1	0.479454994202
21	1	0.599469900131
22	1	0.532954216003
22	1	0.519670009613
22	1	0.466570138931
21	1	0.719770908356
21	1	0.466706991196
21	1	0.533406972885
22	1	0.60005402565
21	1	0.560081005096
22	1	0.519945144653
22	0	0.53320980072
22	1	0.546342134476
21	1	0.532779932022
22	1	0.546207904816
21	0	0.652835845947
21	1	0.546204090118
22	0	0.559504985809
22	1	0.492911815643
22	1	0.546144962311
22	1	0.839479923248
22	1	0.666561126709
21	1	0.506480932236
22	1	0.639451026917
22	1	0.786093950272
22	1	0.732795000076
22	1	0.613288879395
21	1	0.506603002548
22	1	0.733006000519
21	1	0.532828092575
21	1	0.61274600029
22	1	0.692825078964
22	1	0.692842006683
21	1	0.613399028778
22	1	0.946217060089
21	1	0.772886037827
21	1	0.679467916489
21	1	0.586722135544
22	1	0.479930877686
22	1	0.520063877106
21	1	0.879534959793
22	1	0.559506893158
21	1	0.572764873505
21	1	0.666140079498
22	1	0.626159906387
22	1	0.626590967178
21	1	1.11947107315
22	1	0.572780847549
21	1	0.586129903793
21	1	0.693120956421
21	1	0.506654024124
22	1	0.533336162567
22	0	0.839482069016
22	1	0.599514007568
22	1	1.14609384537
22	1	0.573250055313
21	1	0.932860136032
21	1	0.612809896469
21	1	1.14600110054
21	1	1.11957406998
22	1	0.879556894302
22	1	0.719450950623
21	1	0.572887182236
22	1	0.599754810333
21	1	0.479989051819
21	1	0.746693134308
21	1	0.653156042099
21	1	0.572892904282
22	1	0.532878160477
22	1	0.572771072388
22	1	0.57275891304
21	1	0.532853126526
21	1	0.492928028107
21	1	0.492882013321
21	1	0.479557037354
21	1	0.639528036118
21	1	0.492923974991
21	1	0.519513130188
21	1	0.626280069351
22	1	0.533313989639
22	1	0.519993066788
21	1	0.53332400322
21	1	0.506672859192
21	1	0.573374032974
21	1	0.493382930756
21	0	0.693025827408
22	1	0.519654035568
21	1	0.692909955978
21	1	0.546144962311
21	1	0.63948392868
21	1	0.65275812149
22	1	0.746629953384
21	1	1.13284802437
21	1	0.519662857056
17	1	0.839439868927
17	1	1.07959890366
17	1	0.63956785202
17	1	0.506340026855
17	1	0.573056936264
17	1	0.613211154938
17	1	0.719926834106
17	1	0.586431026459
17	1	0.506340026855
17	1	0.626150131226
17	1	0.532863140106
17	1	0.439467906952
17	1	0.519496202469
17	1	0.49286198616
17	1	0.492824077606
17	1	0.506129026413
17	1	0.999387979507
17	1	0.852811813354
17	1	0.506186962128
17	1	0.50620508194
17	1	0.546136856079
17	1	0.49282002449
17	1	0.492846012115
17	1	0.612733125687
17	1	0.586211919785
17	1	0.719516992569
17	1	0.600031852722
17	1	0.639937162399
17	1	1.05289387703
17	1	0.546270847321
17	1	0.732938051224
17	1	0.786576986313
17	1	0.572874069214
17	1	0.732836961746
17	1	0.719568967819
17	1	0.773154973984
17	1	0.640009880066
17	1	0.54656291008
17	0	0.612812995911
17	1	0.692845106125
17	1	0.772854089737
17	1	0.733281850815
17	1	0.573413133621
17	1	0.652808904648
17	1	0.666173934937
17	1	0.85285615921
17	1	0.85326385498
17	1	1.46613311768
17	1	0.559714794159
17	1	0.706115007401
17	1	0.546292066574
17	1	0.626129865646
17	1	1.22561907768
17	1	1.27952885628
17	1	0.906162023544
17	1	0.639485120773
17	1	0.599779844284
17	1	2.86557912827
17	1	0.612720012665
17	1	0.639542102814
17	1	1.34570598602
17	1	0.59951710701
17	1	0.54615688324
17	1	0.559412956238
17	1	0.639491081238
17	1	0.693019866943
17	0	0.626744031906
17	1	1.63951706886
17	1	1.18614506721
17	1	0.533345937729
17	1	0.586647987366
17	1	0.653280973434
17	1	1.17281889915
17	1	0.733330965042
17	0	1.51953697205
17	1	0.533358812332
17	1	0.479935884476
17	1	0.719568014145
17	0	0.612880945206
17	1	0.612771987915
17	1	0.599519968033
17	1	0.55964589119
17	1	0.586597919464
17	1	0.746761798859
17	1	0.466634988785
17	1	0.786166906357
17	1	0.532794952393
17	1	0.493002891541
17	1	0.49284696579
17	1	0.492847919464
17	1	0.492928981781
17	1	0.546252965927
17	1	0.519444942474
17	1	0.546209096909
17	1	0.679480075836
17	1	1.53276395798
17	1	0.759978055954
17	1	0.599971055984
17	1	0.95954990387
17	1	0.692852020264
17	1	0.666687011719
17	1	0.613266944885
17	1	1.25285387039
17	0	1.73278093338
17	0	0.959517002106
17	1	0.599550008774
17	1	0.519598960876
17	1	0.519695997238
17	1	1.26604509354
17	1	0.492780208588
17	1	0.532734870911
17	1	0.492730855942
17	1	0.612770080566
17	1	0.892785072327
17	1	0.626429796219
17	1	0.479865074158
17	1	0.506527900696
17	1	0.493162870407
17	1	0.546364068985
17	1	0.546144008636
17	1	0.559520959854
17	1	1.14610004425
17	1	0.866118907928
17	1	0.519577026367
17	1	0.572732925415
17	1	0.639554023743
17	1	0.586121082306
17	1	0.706470012665
17	1	0.866189002991
17	0	0.786251068115
17	1	1.49227905273
17	1	0.679527997971
17	1	2.62570405006
20	1	0.892827033997
20	1	0.586237192154
20	1	0.93300318718
20	1	0.906116962433
20	1	0.546226978302
20	1	1.11917901039
20	1	2.07904195786
20	1	0.613261938095
20	1	0.49330496788
20	1	0.533358097076
20	1	0.560011863708
20	1	0.653208971024
20	1	0.612879037857
20	1	0.612907886505
20	1	0.666251897812
20	1	0.812808990479
20	1	1.30608606339
20	1	0.586637020111
20	0	0.866328001022
20	1	0.746072053909
20	1	0.799477815628
20	1	0.89320397377
20	1	0.879543066025
20	1	1.65233492851
20	1	0.706466913223
20	1	1.33275985718
20	1	0.959570884705
20	1	2.21247792244
20	1	0.98622584343
20	1	1.90566515923
20	1	1.95899987221
20	1	0.866024017334
20	1	1.26599979401
20	1	0.786149024963
20	1	0.626628160477
20	1	0.759932994843
20	1	0.799496889114
20	0	1.54563784599
20	1	0.626168012619
20	1	0.599628925323
20	1	1.07956314087
20	1	0.812943935394
20	1	0.693042993546
20	1	0.972858905792
20	1	0.666174173355
20	1	0.826171159744
20	1	0.626745939255
20	1	0.70633482933
20	1	0.85281419754
20	1	0.77273607254
20	1	0.573281049728
20	1	0.653301000595
20	1	0.666198968887
20	1	0.57288813591
20	1	0.639516115189
20	1	0.572762012482
20	1	0.532799959183
20	1	0.612760066986
20	1	0.533225059509
20	1	0.653352975845
20	0	0.733234167099
20	1	2.09225487709
20	1	0.560015916824
20	1	0.866384029388
20	1	0.812836885452
20	1	0.6394739151
20	1	0.799731969833
20	1	1.41290712357
20	1	0.546623945236
20	1	0.600095033646
20	1	0.866184949875
20	1	1.70567989349
20	1	0.732836961746
20	1	0.653349876404
20	1	0.639883041382
20	1	0.6662068367
20	1	0.852792978287
20	1	1.1993598938
20	1	1.31901502609
20	1	0.572835922241
20	1	0.559539794922
20	1	0.532807826996
20	1	0.572779178619
20	1	0.67950296402
20	1	0.573198080063
20	1	0.613441944122
20	1	0.560058832169
20	1	0.559925079346
20	1	1.17279195786
20	1	1.09266591072
20	1	0.7594871521
20	1	0.786110162735
20	1	0.733301877975
20	1	0.58634185791
20	0	0.94619011879
20	1	1.47915291786
20	1	1.21249079704
20	1	0.719521999359
20	1	0.506191015244
20	1	0.506206989288
20	1	0.892892122269
20	1	0.506734848022
20	1	0.892812013626
20	1	0.546144008636
20	1	1.03950190544
20	1	0.560047149658
20	1	0.493278026581
20	1	0.732945203781
20	1	1.87894296646
20	1	0.586649179459
20	1	0.71999502182
20	1	1.50620102882
20	1	0.786206007004
20	1	0.852694034576
20	1	1.46599793434
20	0	1.45265293121
20	1	0.986374139786
20	1	0.959511041641
20	1	0.839522123337
20	1	0.666687011719
20	1	0.879437923431
20	1	1.58563613892
20	1	0.799473047256
20	1	1.29270792007
20	1	1.43930912018
24	1	0.732891082764
23	1	0.666682958603
23	1	0.626523017883
24	1	0.906142950058
24	1	0.519452810287
23	1	0.892956972122
23	1	1.42608809471
24	1	0.600050926208
24	1	0.626353979111
24	1	0.666069984436
24	1	0.639501810074
24	1	0.772793054581
23	1	0.786586046219
24	0	0.839520931244
24	1	0.666073799133
23	1	0.826215028763
24	1	0.986238002777
24	1	0.932839870453
23	1	0.892821073532
24	1	0.732788085938
23	1	0.906205892563
23	1	0.986242055893
24	1	0.86620092392
24	1	2.23907399178
23	1	1.22567296028
24	1	0.679567813873
24	1	1.8123421669
24	0	0.773390054703
23	1	0.972852945328
24	1	4.81090903282
24	1	0.666656017303
23	0	1.23946094513
24	1	1.90591597557
24	1	0.652816772461
23	1	0.839558124542
23	0	0.946332931519
24	1	0.719519853592
23	1	0.666122913361
23	1	0.652786016464
24	1	0.519887924194
23	1	0.706669807434
24	1	0.5865650177
24	1	0.692837953568
23	1	0.54615688324
23	1	0.639531850815
24	1	0.546214818954
23	0	0.852871894836
23	1	0.600019931793
24	1	0.679804801941
23	1	0.866095066071
23	0	0.586225986481
23	1	1.74563097954
23	1	0.533288002014
23	1	0.839455842972
23	1	0.826149940491
24	1	0.599509000778
24	1	0.573141098022
24	1	0.559994935989
24	1	0.520044803619
24	1	0.65335392952
24	1	0.759541988373
23	1	0.586135149002
24	1	2.5717458725
23	1	0.559396982193
24	1	0.90612411499
24	1	0.693123102188
23	1	0.532991170883
24	1	0.599446058273
24	1	0.492908000946
24	1	0.506229162216
24	1	0.572791099548
23	1	0.479518890381
24	1	0.466271877289
24	1	0.452764034271
24	1	0.652747869492
23	1	1.01276612282
23	1	0.573334932327
24	1	0.78621006012
24	1	0.599513053894
24	1	0.599557161331
24	1	0.55946803093
24	1	0.85297203064
24	1	0.546700954437
23	1	0.626364946365
24	1	0.51962685585
23	1	0.532874107361
24	1	1.17281413078
23	1	0.892888069153
23	1	0.972880125046
24	1	0.746681213379
23	1	0.706132888794
23	1	0.999429941177
24	1	0.693270921707
23	1	0.546587944031
24	1	0.55997300148
23	1	0.839438915253
24	1	0.612792015076
24	1	0.546172142029
24	1	0.759486913681
24	1	0.639987945557
23	1	1.15956091881
24	1	0.853275060654
24	1	0.466696023941
23	1	0.546540021896
24	1	2.66517591476
24	1	0.492919921875
24	1	1.21289300919
24	1	0.6000020504
23	1	0.559849023819
24	1	0.786156892776
24	1	0.532867908478
23	1	0.799557924271
24	0	0.666604995728
24	1	0.852859020233
23	1	0.506253004074
24	1	0.492925882339
23	1	0.599442005157
24	1	4.1580529213
24	1	0.79948592186
23	1	0.959451913834
24	1	1.0927760601
24	1	0.986113786697
24	1	1.06619501114
23	1	0.759485006332
23	1	0.560007095337
24	1	0.813047170639
23	1	0.772884130478
