3	0	0.99961400032
3	1	1.42842698097
3	1	0.959646940231
3	1	0.999661207199
3	1	0.628187894821
3	0	0.839779853821
3	1	0.666390180588
3	1	0.626528978348
3	1	0.573244094849
3	1	0.679814815521
3	1	0.586394071579
3	0	0.639705181122
3	1	1.19963693619
3	1	1.37288713455
3	0	1.10630702972
3	1	0.879729986191
3	1	0.559838056564
3	0	2.03924703598
3	1	0.613120079041
3	1	0.693078041077
3	1	0.719763994217
3	1	1.14622306824
3	1	1.51945495605
3	1	1.33283185959
3	1	1.01469707489
3	1	0.893015861511
3	1	0.746460914612
3	0	0.986329078674
3	1	0.799741029739
3	0	1.15967512131
3	0	1.19957399368
3	1	0.746412992477
3	1	0.719732046127
3	1	1.73270702362
3	1	2.49248504639
3	1	0.974710941315
3	0	2.30579900742
3	1	0.71973490715
3	1	0.68155002594
3	1	0.906288146973
3	0	0.706460952759
3	1	0.746323108673
3	1	0.626342058182
3	1	1.06625795364
3	1	3.99853801727
3	1	0.681519031525
3	1	2.90559506416
3	1	0.706377029419
3	1	0.666419029236
3	1	4.14689207077
3	1	0.573131084442
3	1	0.693154096603
3	0	0.866388082504
3	1	0.853031873703
3	0	0.574874162674
3	1	0.706413030624
3	1	0.546503067017
3	1	0.826370000839
3	1	1.26628804207
3	1	0.679713964462
3	1	0.719832897186
3	1	0.559802055359
3	0	0.786377906799
3	1	0.626424074173
3	1	1.18623209
3	1	0.772976160049
3	1	2.51914811134
3	1	1.34620285034
3	1	0.693138837814
3	1	1.29455399513
3	1	0.63983798027
3	1	0.866348028183
3	1	1.39948391914
3	1	1.93263888359
3	1	1.93257784843
3	1	1.23956012726
3	1	2.46580982208
3	1	0.799793958664
3	1	0.933059930801
3	1	0.813138961792
3	1	0.733183860779
3	1	1.2796061039
3	1	0.708116054535
3	1	1.63948082924
3	1	4.35853815079
3	1	3.26560306549
3	1	3.87864494324
3	1	1.0796380043
3	1	4.95826792717
3	1	0.866337060928
3	1	0.573126077652
3	1	1.39948296547
3	1	0.653051137924
3	0	0.813066959381
3	1	0.653167009354
3	0	1.30630207062
3	1	0.693099021912
3	1	0.759733200073
3	1	0.74636387825
3	0	3.97188282013
3	1	0.91966676712
3	1	0.533180952072
3	1	0.519865036011
3	0	1.33285999298
3	1	2.35913896561
3	1	1.63938617706
3	1	0.773100137711
3	0	1.14627504349
3	1	0.653106927872
3	0	1.41458797455
7	1	0.679764032364
7	0	1.50611019135
7	1	0.839663982391
8	1	0.574943065643
8	1	0.639788866043
8	1	0.653138875961
7	1	0.693146944046
7	1	0.519747972488
7	1	0.519762039185
7	1	0.506494045258
7	1	0.586412191391
8	1	0.546478033066
7	1	0.519754171371
7	0	0.533133029938
8	1	0.853044986725
7	1	0.693134069443
8	1	0.53325510025
8	1	0.546549797058
8	1	0.599840164185
7	1	0.653069019318
8	1	0.666358947754
8	1	1.07959008217
8	1	0.773113965988
7	1	0.813112020493
8	1	1.74603295326
8	1	1.48121905327
8	1	0.573089838028
7	1	0.639800071716
8	1	0.773078918457
7	1	1.0946969986
7	1	0.813044071198
7	1	0.946368932724
8	1	0.839735031128
8	1	2.61238694191
8	1	0.89310503006
8	1	0.573147058487
7	1	0.693104028702
8	1	0.733160018921
7	1	0.666356801987
7	1	0.586370944977
7	1	0.66646695137
8	1	1.1462328434
8	1	0.599776029587
8	1	0.626420021057
7	1	0.6798620224
8	1	0.493170976639
8	1	0.494836807251
8	1	0.519773006439
8	1	0.58650803566
8	1	0.561684131622
8	1	1.13466405869
7	1	1.31954884529
7	1	0.934675931931
7	0	1.75928997993
8	1	0.666478157043
7	1	0.546449899673
8	1	0.519791126251
8	1	2.18583917618
8	1	1.07963991165
8	1	0.586504936218
7	1	1.16123509407
8	1	1.78614211082
8	1	0.8397397995
7	1	2.26589107513
8	1	0.639716148376
8	1	0.653158903122
7	1	0.613187789917
8	1	0.599744081497
7	1	0.85308599472
8	0	3.34552121162
8	1	0.666467905045
8	0	0.827987909317
8	1	0.73313999176
8	0	2.56079912186
7	1	0.999696016312
7	1	0.919664859772
8	1	0.733107805252
7	0	2.05264019966
8	1	0.773041963577
8	1	2.42585492134
8	1	0.599737167358
7	1	0.666327953339
7	1	2.65240502357
8	1	1.87942695618
7	1	2.42583489418
8	1	0.746352910995
8	1	0.50647687912
7	1	2.07929301262
8	1	1.01460719109
8	0	0.706516027451
7	1	0.733006954193
8	1	1.13296318054
8	1	0.679904937744
8	1	0.813068151474
7	1	1.33291101456
7	1	1.079652071
7	1	0.668156147003
8	1	0.653151035309
7	1	4.61170697212
8	1	0.626565933228
7	0	2.09256505966
8	1	0.65305018425
7	1	0.573167085648
8	1	0.55982208252
8	1	0.974705934525
8	0	0.706442832947
7	1	0.533205032349
7	1	0.66637802124
7	1	0.626426935196
7	1	0.626456022263
8	1	0.63972401619
7	1	0.706434965134
8	1	0.666484832764
7	1	0.533174037933
8	0	0.573113918304
7	1	2.15920901299
8	1	0.548128843307
7	1	0.706459999084
7	0	1.53283500671
8	1	0.58647608757
8	1	0.614835977554
4	1	0.719778060913
4	0	0.933075904846
4	1	0.546453952789
4	1	0.559834003448
4	1	0.559890031815
4	1	1.22627902031
4	1	0.519879817963
4	1	0.626499176025
4	1	1.93268799782
4	0	0.906311988831
4	0	0.559820890427
4	0	0.98632311821
4	1	0.694898843765
4	1	0.613092899323
4	0	1.06630086899
4	1	0.508365869522
4	0	1.11959505081
4	1	0.932974815369
4	0	0.999605178833
4	1	0.799763917923
4	1	0.506484031677
4	1	0.573091983795
4	1	0.613114118576
4	1	0.506484985352
4	1	0.508285999298
4	1	0.559772968292
4	1	0.493061065674
4	1	0.519730091095
4	0	0.719794988632
4	1	0.519900798798
4	1	0.733057975769
4	1	0.573103904724
4	1	0.681448936462
4	1	0.506472110748
4	1	0.586487054825
4	1	0.506443023682
4	1	0.519880056381
4	1	0.506514072418
4	1	0.628148078918
4	1	0.654780864716
4	0	2.15926909447
4	1	0.773046016693
4	1	0.533187150955
4	1	0.506465196609
4	0	1.45283007622
4	1	0.639773130417
4	1	0.799705982208
4	1	0.693073034286
4	1	0.533124923706
4	1	0.746343851089
4	1	0.773078918457
4	1	0.559826135635
4	1	2.0792529583
4	0	0.626451015472
4	1	0.519788980484
4	0	3.03887701035
4	0	0.613178014755
4	1	0.81304693222
4	1	0.533214092255
4	0	1.21292304993
4	1	0.946263074875
4	1	0.948276996613
4	0	0.534801006317
4	1	0.746500968933
4	1	0.613029956818
4	1	1.95937395096
4	1	0.999649047852
4	1	1.17294812202
4	1	1.4795050621
4	1	2.09251785278
4	1	0.63983798027
4	0	1.45275998116
4	0	0.799715042114
4	1	0.693021059036
4	1	0.533262014389
4	1	0.613214969635
4	1	0.613183021545
4	1	0.626421928406
4	0	0.58642411232
4	1	0.479848861694
4	0	0.839725017548
4	1	0.71981215477
4	1	0.613131999969
4	1	0.599884986877
4	0	0.826326847076
4	1	0.972992181778
4	0	0.959647893906
4	1	1.97465586662
4	1	0.679793834686
4	1	0.71982383728
4	1	0.639735937119
4	0	0.561506986618
4	1	0.746400117874
4	1	0.733057022095
4	1	1.41285800934
4	0	0.679748058319
4	1	0.733065128326
4	1	0.706384181976
4	1	0.519837856293
4	1	2.87905192375
4	1	0.479834079742
4	1	0.626504182816
4	1	0.586512088776
4	1	1.21285009384
4	1	0.533140897751
4	1	0.626436948776
4	1	0.666463851929
4	1	0.573203086853
4	1	0.573168992996
4	1	0.653188943863
4	1	0.573069095612
4	1	0.639770030975
4	1	0.668079853058
4	1	0.413164138794
4	1	0.626386165619
4	1	0.693202972412
4	1	0.479871988297
4	1	0.972971916199
4	1	0.666333913803
4	1	1.51939678192
4	1	0.999680042267
4	1	0.653136014938
4	1	0.879730939865
4	1	0.972975969315
4	0	0.692997932434
4	1	1.2529489994
4	0	1.95929789543
2	1	1.6128718853
2	1	0.639769077301
2	1	0.75973200798
2	1	0.586373090744
2	1	0.546532869339
2	1	0.519797801971
2	1	0.573157072067
2	1	0.586364984512
2	1	0.508253097534
2	1	1.23951601982
2	0	0.506489992142
2	1	0.721384048462
2	1	0.639776945114
2	1	0.506503105164
2	1	0.561429977417
2	1	0.479820013046
2	1	0.546502113342
2	0	0.506469011307
2	1	0.693133115768
2	0	0.559830904007
2	1	0.533142089844
2	0	0.533272027969
2	1	0.468132019043
2	1	0.586488008499
2	1	0.468219995499
2	1	0.839765071869
2	0	0.639782905579
2	0	1.54785704613
2	1	0.959702968597
2	1	0.932929039001
2	1	1.53441405296
2	1	0.99963593483
2	1	1.11959409714
2	1	3.39877915382
2	1	1.03961181641
2	1	0.506503105164
2	1	0.626409053802
2	1	0.679738998413
2	1	0.773008823395
2	1	0.493231058121
2	1	0.95964884758
2	1	0.826359033585
2	1	0.599790096283
2	1	0.626430988312
2	1	0.599821090698
2	1	0.70645904541
2	1	0.959770917892
2	0	2.2791621685
2	1	1.0397310257
2	1	0.986298084259
2	1	0.639820098877
2	1	0.533066987991
2	1	0.506541967392
2	1	0.599853038788
2	1	0.548182964325
2	1	0.506398916245
2	1	0.70637178421
2	0	0.799801111221
2	1	0.506450891495
2	1	0.506456851959
2	1	0.546452045441
2	1	0.986336946487
2	1	0.599779129028
2	1	0.546467065811
2	0	1.47941088676
2	1	0.893061161041
2	1	0.613155841827
2	1	1.39953780174
2	1	0.508147001266
2	0	1.02634000778
2	1	0.62642788887
2	1	0.439814090729
2	1	0.799725055695
2	1	0.561434984207
2	1	0.693090200424
2	0	0.439888954163
2	1	0.506492137909
2	0	3.46714401245
2	1	0.853128910065
2	0	0.733058214188
2	1	0.693052053452
2	1	2.50583100319
2	1	0.479850769043
2	1	0.6396920681
2	1	0.559844970703
2	1	0.679723978043
2	1	0.586543083191
2	1	0.733050107956
2	0	0.519860982895
2	1	0.73303604126
2	1	4.05189681053
2	1	0.828055858612
2	1	0.479825973511
2	1	1.09301400185
2	1	0.986328125
2	1	0.626521110535
2	1	0.559809923172
2	1	0.813070058823
2	1	3.25222396851
2	0	0.559858083725
2	1	0.839693069458
2	1	0.693116903305
2	1	0.493144035339
2	1	0.626372098923
2	1	0.933063983917
2	1	0.613085031509
2	1	0.653151035309
2	1	0.506496906281
2	1	1.4144821167
2	1	0.559858083725
2	1	0.706398010254
2	1	0.479912996292
2	1	0.426614046097
2	1	0.441548109055
2	0	0.506567955017
2	1	0.613095998764
2	1	0.653013944626
2	1	0.679669141769
2	0	0.466522932053
2	0	0.599851846695
2	0	0.653093099594
2	1	1.07960796356
2	1	0.58860206604
2	1	0.626509189606
2	1	1.1196410656
2	1	0.601544857025
2	0	0.494794130325
2	1	0.506491184235
1	1	0.681538820267
1	1	0.559863090515
1	0	1.15958499908
1	1	0.57325387001
1	1	0.493160009384
1	1	0.654763936996
1	0	0.559782028198
1	1	0.533137083054
1	1	0.519777059555
1	1	0.49317908287
1	1	0.639746189117
1	0	0.546521902084
1	1	0.519835948944
1	1	0.628069877625
1	1	0.839704036713
1	1	0.573236227036
1	1	0.493149995804
1	1	0.53319311142
1	1	0.466528892517
1	1	0.428305864334
1	1	0.494801044464
1	1	0.506516218185
1	1	0.493165016174
1	1	0.626393079758
1	1	0.51984000206
1	1	0.586482048035
1	1	0.626490116119
1	1	0.519832849503
1	1	0.466441869736
1	1	0.559731960297
1	1	0.533117055893
1	1	0.479869127274
1	1	0.69306397438
1	1	2.19924116135
1	1	0.6130900383
1	1	0.506572961807
1	1	0.559887170792
1	1	0.613197088242
1	1	0.519804954529
1	1	0.626499176025
1	1	0.666462182999
1	1	1.37287282944
1	1	1.29293584824
1	1	0.559888124466
1	1	1.75931596756
1	1	1.83938908577
1	1	0.599755048752
1	1	0.706427097321
1	0	1.59945106506
1	1	1.76101899147
1	1	0.559746980667
1	0	0.519764900208
1	1	1.66780304909
1	1	0.746335983276
1	1	0.639831066132
1	1	0.613132953644
1	1	0.813060998917
1	1	0.58642911911
1	1	0.599858999252
1	0	0.533201932907
1	1	0.519816160202
1	1	0.626435041428
1	1	0.893049955368
1	1	0.546516180038
1	1	4.23853683472
1	1	0.85307598114
1	1	0.46654510498
1	1	1.27950882912
1	1	0.613085985184
1	1	0.466488838196
1	1	0.681432008743
1	1	0.494864940643
1	1	0.559810876846
1	0	0.346509933472
1	1	0.586385965347
1	1	0.559833049774
1	1	0.533151865005
1	1	0.61306810379
1	1	0.546447992325
1	1	0.546397924423
1	1	0.42653298378
1	1	0.493113994598
1	1	0.839692831039
1	1	0.839727878571
1	0	0.628151893616
1	1	0.786396026611
1	0	1.62612009048
1	1	0.78630399704
1	1	0.999679088593
1	1	0.733062028885
1	1	0.546478033066
1	1	0.746465206146
1	0	0.666392803192
1	1	0.613084077835
1	1	0.599703073502
1	1	0.546481132507
1	1	0.519859075546
1	0	2.97233700752
1	0	0.586424827576
1	0	1.07970380783
1	1	0.46651506424
1	0	1.13288807869
1	1	0.626347064972
1	0	0.586421012878
1	1	0.559844017029
1	1	0.839713096619
1	0	0.733018875122
1	1	0.666426897049
1	1	0.906415939331
1	1	0.613087892532
1	1	0.586460828781
1	0	1.01307606697
1	0	0.573062896729
1	1	0.559766054153
1	1	0.586462020874
1	1	0.534811019897
1	1	0.479862213135
1	1	0.466476202011
1	1	0.466560840607
1	1	0.468219995499
1	0	0.319916963577
1	0	0.399883985519
1	1	0.588016986847
1	1	0.626428842545
1	1	0.453155994415
1	1	0.599848031998
1	1	0.773102045059
1	0	0.546547889709
1	1	0.454759120941
1	1	0.639773130417
1	1	0.493193864822
1	1	0.573066949844
1	1	0.654842853546
1	1	0.533166885376
7	1	0.66808795929
8	1	0.493139982224
7	1	0.46648311615
8	1	0.548172950745
8	1	0.479882001877
8	1	0.453160047531
7	1	0.653127908707
7	1	0.679796934128
7	0	0.479851007462
7	1	0.61305809021
8	1	0.466423988342
7	1	0.533113002777
7	1	0.573075056076
7	1	0.586557865143
7	1	0.679849147797
7	0	0.453280925751
7	0	2.53253817558
7	1	0.626420021057
7	0	0.706425905228
7	1	0.559690952301
8	1	0.521534919739
8	1	0.613201141357
7	1	0.561424970627
7	1	0.454812049866
8	1	0.573038101196
7	1	0.626533985138
7	1	0.932937860489
8	1	0.559864997864
7	1	0.453206062317
7	1	0.533213853836
8	1	0.439791917801
8	1	0.493103981018
7	1	1.02636003494
7	0	0.45478105545
7	0	0.626467227936
7	1	0.573148965836
8	1	0.428204059601
8	1	0.626481056213
8	1	0.586474180222
8	1	0.586442947388
8	1	0.466493844986
8	1	0.599696874619
8	1	0.813023090363
8	1	0.533145904541
8	1	0.653081893921
8	1	1.58608102798
8	1	0.641451835632
8	1	0.506458997726
8	1	0.466561079025
7	1	0.546497106552
7	1	0.666412115097
7	1	0.586465120316
7	1	1.24127697945
8	1	0.693138122559
8	1	0.479900836945
7	0	0.639788866043
7	1	0.628055810928
8	1	0.599853992462
7	1	0.559738874435
7	1	0.548069953918
7	1	0.546517848969
7	1	0.706426143646
8	1	0.5598320961
8	1	0.748062133789
8	1	0.733098983765
7	1	2.13258194923
7	1	0.733113050461
8	1	0.626415967941
8	1	0.586384057999
8	1	0.706395864487
7	0	1.17461299896
7	1	0.814819812775
8	1	0.719800949097
8	1	0.639738082886
8	0	0.839687108994
7	1	0.586401939392
8	1	0.453147888184
8	0	2.06601309776
8	1	0.866390943527
7	1	0.559796094894
8	1	0.508290052414
7	1	0.546407938004
7	1	0.466480970383
8	1	0.506484031677
8	1	0.519833087921
8	1	0.479861021042
7	1	0.599759101868
7	1	0.90796995163
8	0	0.839684963226
7	1	0.559818983078
7	1	0.493231058121
7	0	0.932954072952
7	1	0.613090991974
7	0	0.773129940033
8	1	0.574839115143
8	0	0.719758987427
8	1	0.599837064743
8	1	0.559836864471
7	1	0.53317284584
7	1	0.599786043167
8	0	0.786464929581
7	1	0.59974694252
7	0	0.586472034454
8	1	0.932949066162
8	0	0.919667959213
7	1	0.906342029572
8	1	0.481665849686
7	1	0.506507158279
8	1	0.733112096786
8	1	0.919725179672
7	0	0.559792995453
7	1	0.786502838135
8	0	0.708197116852
7	1	0.599796056747
8	1	0.559695005417
8	0	0.599833011627
8	1	0.546476840973
8	1	0.533107042313
8	1	1.41282105446
7	0	0.8130838871
7	0	0.586501836777
8	0	0.586470842361
7	1	0.559868097305
7	1	0.573163986206
8	1	1.31950807571
8	1	0.533156871796
7	1	0.573241949081
7	0	0.759856939316
8	1	1.17289090157
7	1	0.653063058853
8	1	0.839721918106
8	1	1.02628397942
7	0	1.46619486809
7	1	0.599843978882
7	1	0.721392869949
7	0	0.734794855118
5	1	0.826407909393
6	1	0.506517887115
6	1	0.613132953644
5	0	1.01288795471
6	0	0.546454906464
5	1	0.559840917587
5	1	0.706432819366
6	1	0.626488924026
5	1	0.879648208618
6	1	0.559715986252
6	1	0.519867181778
5	1	1.19955396652
5	1	0.893030166626
5	1	0.534930944443
6	1	0.51985502243
5	0	0.466480016708
6	1	0.626533985138
6	1	0.639788866043
6	1	0.626441955566
5	0	0.639811992645
5	1	0.628123998642
5	1	2.22579598427
6	1	0.588279008865
5	1	0.534842967987
6	1	0.719752788544
5	0	1.59946703911
6	0	0.559734106064
6	0	0.653040885925
5	1	1.77280497551
6	0	0.628166913986
5	1	0.519795894623
5	1	0.639750003815
5	1	0.748039007187
5	1	1.90604281425
6	0	0.679785966873
6	0	0.826406955719
5	1	0.493200063705
5	1	0.813082933426
5	1	0.573152065277
6	1	0.453299999237
5	1	0.613091945648
5	0	0.439843893051
6	1	0.586468935013
6	1	0.746390104294
6	1	0.54648399353
6	1	0.519881010056
6	1	0.546398162842
5	1	1.34615588188
6	1	0.599840164185
5	1	1.039686203
6	1	0.479816198349
5	1	0.441577911377
5	1	0.426543951035
5	1	0.599781990051
5	1	0.479861974716
6	1	1.25288391113
6	1	1.17293214798
6	1	0.586457967758
6	1	0.613051891327
6	1	0.559839010239
5	1	0.613126993179
5	0	0.479869842529
5	0	0.586531162262
5	1	0.839615821838
6	1	0.506509065628
5	1	0.586474895477
5	1	0.466502189636
6	1	0.519862890244
5	1	1.8127219677
6	1	1.03960800171
5	1	0.533133983612
6	1	0.466524839401
6	1	0.466496944427
5	0	0.428273200989
6	1	0.719709873199
5	1	0.506525993347
5	1	0.773144960403
6	1	0.561590194702
5	1	0.799748897552
6	1	0.586559772491
5	1	0.959582805634
5	1	0.479877948761
5	1	0.453188896179
5	1	0.639712095261
5	1	0.61315202713
5	0	0.519844770432
6	1	0.573098897934
6	1	0.599793195724
6	1	0.493227958679
5	1	0.839712142944
6	1	0.50656414032
5	1	0.506545782089
5	1	0.613008022308
5	1	0.573068857193
6	1	0.613085031509
6	1	0.586506843567
5	1	0.586418867111
6	0	1.89269089699
6	1	0.599774122238
5	1	0.706500053406
6	1	1.19957280159
5	1	0.548125982285
6	1	1.05459785461
5	1	0.639765024185
5	1	0.839640140533
6	1	0.508274078369
6	1	0.586489915848
5	1	1.3328640461
5	1	0.693052053452
6	0	1.90596318245
6	1	0.546484947205
5	1	0.493103027344
5	1	0.546428918839
6	0	0.853078126907
5	1	0.506413936615
6	1	0.533134937286
5	1	0.55973815918
6	1	0.508248090744
5	1	0.614720106125
5	1	0.70641207695
6	1	0.386530160904
5	1	0.50644993782
5	1	0.613168001175
5	1	0.868057966232
6	1	0.479887008667
5	1	0.479831933975
6	1	0.479736089706
5	1	0.733068943024
6	1	0.506534099579
6	1	0.519924163818
5	1	0.479778051376
5	1	0.493199825287
5	1	1.1862821579
5	1	1.11961507797
6	1	0.468381881714
6	1	0.586454153061
5	1	0.641533136368
5	1	0.599877119064
6	1	0.679794073105
6	0	1.45283722878
5	1	0.613139867783
5	1	0.533248901367
6	1	0.575011968613
5	1	0.639778852463
5	0	1.13293600082
6	1	0.479819059372
5	1	0.613039016724
5	0	0.972947120667
6	1	0.719676971436
5	1	0.653072834015
5	0	0.533177137375
6	1	0.679746866226
5	1	0.708174943924
6	1	0.519872903824
6	1	0.719745874405
5	1	0.906346797943
5	1	0.519757986069
5	1	0.733117103577
5	1	0.734825849533
5	1	1.50609111786
5	1	0.54648399353
6	1	0.533174037933
5	0	0.479851007462
6	1	2.58581399918
5	0	0.693024158478
5	1	0.933017969131
5	0	1.01298093796
5	1	0.693140029907
6	1	0.719715118408
6	1	0.573101997375
6	1	0.999696969986
5	1	0.586467027664
6	1	0.479812860489
5	1	0.453121900558
6	0	0.413136959076
6	1	0.479900836945
5	1	1.38621592522
5	0	0.559844017029
6	1	0.653147220612
5	0	0.759701013565
6	0	0.453072071075
5	1	0.746378898621
5	0	0.479851007462
5	1	0.519948959351
6	1	0.493093967438
5	1	0.613087177277
6	0	0.574820041656
5	1	0.479826927185
5	1	0.746454954147
6	1	1.87932896614
6	1	0.534865140915
6	1	0.506456136703
6	0	0.426551103592
6	1	0.614863872528
5	1	0.586513996124
5	1	0.453202009201
6	0	0.508364915848
6	1	0.479817867279
6	1	0.639823198318
6	1	0.559815168381
5	1	0.719720125198
5	0	0.639755964279
6	0	0.559753894806
6	1	0.628139972687
5	1	0.439875841141
6	0	0.47981095314
6	1	0.426535129547
5	0	0.614869117737
5	0	0.43975019455
6	1	0.55978178978
5	1	1.27952003479
5	1	0.653127908707
5	1	0.666440010071
5	1	0.506438970566
5	1	1.55946612358
5	0	0.599721193314
5	1	0.506520986557
6	1	0.453186988831
6	1	0.45313000679
6	1	0.453171014786
6	0	0.893022060394
6	1	0.53320980072
5	1	0.65491604805
5	0	0.506417989731
5	1	0.493070840836
6	1	0.639800071716
6	0	0.466484069824
5	1	0.55973482132
5	0	0.573081016541
5	1	0.559756994247
5	1	0.466373920441
6	1	0.51979804039
5	0	1.02636098862
5	1	0.719662904739
6	1	0.599684000015
5	0	0.4931640625
5	1	0.85306596756
5	1	0.55984210968
6	1	0.693180799484
6	1	0.533138990402
6	1	0.508061170578
6	1	0.546396017075
6	1	0.973098039627
5	1	0.813030958176
6	1	0.586494922638
5	1	0.559841156006
6	1	0.746335983276
5	1	0.613169908524
6	1	0.506525039673
5	1	0.934620857239
5	1	0.706449985504
5	1	0.759740114212
6	1	0.693139076233
6	1	0.601566791534
6	1	0.546545028687
6	1	0.853116035461
6	1	0.548254966736
6	1	0.586410045624
5	1	0.639633893967
6	0	0.441519975662
5	1	0.759654045105
6	1	0.453168869019
6	1	0.679775953293
5	1	0.546468019485
5	1	0.439797878265
6	1	0.506581068039
5	1	0.506505966187
6	1	0.453203201294
6	0	0.533165931702
5	1	0.59974694252
6	1	0.57311797142
6	1	0.533155202866
6	1	0.493196964264
11	1	0.706223011017
11	1	0.706695079803
11	1	0.5200278759
11	1	0.59975194931
11	1	0.546257972717
11	1	0.546215057373
11	1	0.479489088058
11	1	0.972778081894
11	1	0.493367910385
11	1	1.01294994354
11	1	0.612868070602
11	1	0.559448003769
11	1	0.519484996796
11	1	0.679500102997
11	0	0.493102073669
11	1	0.679841995239
11	1	0.613322019577
11	1	0.506711959839
11	1	0.653160095215
11	1	0.572905063629
11	1	0.492897033691
11	1	0.466366052628
11	1	0.706135988235
11	1	0.679423093796
11	1	0.58612203598
11	1	0.613195180893
11	0	0.773354053497
11	1	0.546545028687
11	1	0.506479978561
11	1	0.786139011383
11	1	1.26564717293
11	1	0.572947978973
11	1	0.559513092041
11	1	0.546170949936
11	1	1.79902005196
11	1	0.546652078629
11	1	0.573362112045
11	0	0.74661898613
11	1	0.586155891418
11	1	1.18627214432
11	1	0.546643018723
11	1	0.573290109634
11	1	0.652969121933
11	1	0.586160898209
11	1	0.586197137833
11	1	0.492788076401
11	1	0.519502162933
11	1	0.586116075516
11	1	0.799499034882
11	1	0.506716012955
11	1	0.573325157166
11	1	0.719950914383
11	1	0.69281411171
11	1	0.546170949936
11	1	0.572868108749
11	1	0.519484996796
11	1	0.586236953735
11	1	0.492889881134
11	1	0.532867908478
11	1	0.47966003418
11	1	0.772876977921
11	1	0.626662969589
11	0	0.679490089417
11	1	0.50626707077
11	1	0.47952580452
11	1	0.559478998184
11	1	0.50617313385
11	1	0.546202898026
11	1	1.82573080063
11	0	0.786358118057
11	1	0.74622297287
11	1	0.812850952148
11	1	0.519516944885
11	1	0.652827978134
11	0	1.07954216003
11	0	0.706098079681
11	1	2.31851196289
11	1	0.519520044327
11	1	0.652838945389
11	0	0.959455013275
11	1	0.586697101593
11	1	0.626132011414
11	1	0.452939033508
11	1	1.70557999611
11	1	0.532851219177
11	1	0.65292096138
11	0	0.559557914734
11	1	0.599727153778
11	1	0.533401966095
11	1	0.493376016617
11	1	0.533442974091
11	1	0.600070953369
11	1	0.653235912323
11	1	0.666219949722
11	1	0.519516944885
11	1	0.626195192337
11	1	0.57287812233
11	1	0.666218996048
11	1	0.586636781693
11	1	0.693393945694
11	1	0.613250017166
11	1	0.572906970978
11	0	0.972825050354
11	1	0.55992102623
11	1	0.586642026901
11	1	0.613335847855
11	1	0.679756879807
11	1	1.19940304756
11	1	1.51953196526
11	1	1.15946698189
11	1	0.786139011383
11	1	1.90573191643
11	1	0.492784976959
11	1	0.612986087799
11	1	0.586148023605
11	1	0.532822847366
11	1	0.679511070251
11	1	0.759861946106
11	1	0.506731033325
11	1	0.533354997635
11	1	0.666270017624
11	1	0.506199836731
11	1	0.572798013687
11	1	0.892845153809
11	0	0.47981595993
11	1	0.586494922638
11	1	0.626758098602
11	0	1.14610385895
11	1	0.82616519928
11	1	0.533256053925
11	1	0.573268175125
11	1	0.719607114792
11	1	0.572816133499
11	1	0.519548177719
11	1	0.506240129471
11	1	0.839461088181
15	1	0.946238040924
15	1	0.853205919266
16	0	0.572770833969
15	1	0.879531860352
15	1	0.466195821762
15	1	0.799487829208
16	1	0.559964895248
15	1	0.439936876297
16	1	0.506571054459
16	1	0.399999141693
16	1	0.533257961273
16	0	0.533361911774
15	1	0.519995927811
16	0	0.546694993973
16	1	0.54665184021
15	1	0.506645917892
16	1	0.546628952026
15	1	0.45329618454
16	0	0.61288690567
15	1	0.692883968353
15	1	0.492752075195
16	1	0.586169958115
16	1	0.479502916336
15	1	0.532886981964
16	1	0.479484081268
16	1	0.559432029724
16	1	0.666224956512
15	1	0.533384084702
15	1	0.57340502739
16	1	0.653393983841
15	0	0.54660987854
15	1	0.799519062042
16	1	0.866100072861
15	0	0.613359928131
16	1	0.799690961838
15	1	0.493108987808
15	1	1.1861641407
15	1	0.653331041336
16	1	0.732787132263
16	0	1.54567813873
16	1	0.786152839661
15	1	0.746214866638
16	1	0.812978982925
15	1	0.679619073868
15	1	0.572927951813
15	0	0.666146993637
15	1	0.546226978302
16	0	0.573174953461
15	1	0.559911966324
15	1	0.613297939301
16	1	0.879528999329
16	1	0.666126012802
16	1	0.532801866531
15	1	0.652830123901
15	1	0.680024862289
15	1	0.93280005455
16	1	0.546195983887
15	1	0.826143980026
16	1	0.586654901505
16	1	0.546625852585
16	1	0.71995306015
16	1	0.612987995148
15	1	0.55957698822
16	1	1.71907496452
15	1	0.799560070038
15	1	0.600055932999
16	1	0.586694955826
15	1	0.69295501709
16	1	0.559480905533
15	1	1.10628318787
16	1	0.786374092102
15	0	1.22616696358
16	1	0.546705007553
16	1	1.0261118412
16	1	0.519573926926
15	1	0.839473962784
15	1	0.599936962128
15	1	0.546601057053
15	1	0.560016155243
15	1	0.559671163559
15	0	0.493069887161
15	0	0.772876977921
15	1	0.572878837585
16	1	0.612799882889
15	1	0.626428127289
15	1	0.613350152969
16	1	0.839522838593
15	1	0.506217956543
15	0	0.719527959824
15	0	1.09292793274
15	1	0.573083877563
15	1	0.652907133102
15	1	0.906101942062
15	1	0.71998000145
16	0	0.879528045654
16	1	0.586141824722
16	1	0.732857942581
16	1	0.613250017166
15	1	1.02615904808
16	1	0.612823009491
15	1	0.572777986526
16	1	0.559558868408
16	1	0.546182155609
16	0	0.959635972977
15	1	0.572999954224
15	0	0.946166992188
16	1	0.613121032715
16	1	0.679936885834
16	0	1.03953099251
16	1	0.506302118301
15	1	0.972851037979
15	0	0.73294711113
16	1	0.546145915985
16	1	0.532842874527
15	1	0.692836999893
15	1	0.679543018341
16	1	0.493310213089
15	1	0.680035114288
16	1	0.453300952911
16	0	0.720071792603
15	0	0.839487075806
16	1	0.732902050018
16	1	0.546598911285
16	1	0.546730995178
16	1	0.480025053024
16	1	0.64009809494
16	0	0.826205015182
15	1	0.586143016815
16	1	0.626126050949
15	1	0.532851934433
15	1	0.559495925903
15	1	0.572820901871
16	0	0.62650513649
16	0	0.506623029709
16	1	0.586647987366
16	1	0.533316135406
16	1	0.879509210587
12	1	0.83970785141
12	1	0.466728925705
12	1	0.49328994751
12	1	0.852794885635
12	0	0.47948718071
12	1	0.546155929565
12	1	0.546096086502
12	1	0.466181993484
12	1	0.732896089554
12	1	0.57293009758
12	1	0.546499967575
12	1	0.520054101944
12	1	0.506618022919
12	1	0.693346977234
12	0	0.826157093048
12	1	0.506152868271
12	0	0.519519090652
12	1	0.519462823868
12	1	0.61274600029
12	1	0.519510984421
12	1	1.34569811821
12	1	0.612756967545
12	0	0.65277504921
12	1	0.519755125046
12	1	0.773282051086
12	1	0.506696939468
12	1	0.519994020462
12	1	0.506603002548
12	1	0.732758998871
12	1	0.759462118149
12	1	0.506145000458
12	1	0.652793884277
12	1	0.693298101425
12	0	1.05286884308
12	1	0.572714090347
12	1	0.519512891769
12	1	0.572795152664
12	0	0.466364860535
12	1	0.559680938721
12	1	0.506494045258
12	1	0.546612024307
12	0	0.466650009155
12	1	0.626727819443
12	1	0.746629953384
12	1	1.07958912849
12	1	0.493157863617
12	1	0.559939861298
12	0	1.332903862
12	0	0.826248168945
12	1	0.932775020599
12	1	0.452839851379
12	1	0.639410018921
12	1	0.466118812561
12	1	0.519603967667
12	1	0.852900981903
12	1	0.493343114853
12	1	0.746604919434
12	0	0.932770967484
12	1	0.559612035751
12	1	0.532912015915
12	0	0.479690074921
12	1	0.799705028534
12	1	0.559927940369
12	1	0.9328520298
12	1	0.732904911041
12	1	0.786535978317
12	1	0.693017959595
12	1	0.759526968002
12	1	0.586215019226
12	1	0.919427156448
12	0	1.22611093521
12	1	0.719913959503
12	1	0.772925853729
12	1	0.946193933487
12	1	0.826411962509
12	1	0.692978143692
12	1	0.546200037003
12	1	0.626096010208
12	1	1.14614701271
12	1	0.759438991547
12	1	0.639442205429
12	0	0.826159954071
12	1	0.760014057159
12	0	0.786085128784
12	1	0.746155977249
12	1	0.719432115555
12	1	0.799819946289
12	1	0.61282992363
12	1	1.01285791397
12	1	0.626737117767
12	1	0.546656131744
12	1	0.732958078384
12	1	0.932895898819
12	1	0.63966012001
12	1	0.559993982315
12	1	0.759927988052
12	1	0.599502086639
12	1	0.559489965439
12	1	0.82613492012
12	1	0.546262979507
12	1	0.54647397995
12	1	0.746693134308
12	1	0.533306837082
12	1	0.573308944702
12	1	0.559772014618
12	1	0.719511032104
12	0	0.706212043762
12	1	0.626206874847
12	1	0.86666893959
12	1	0.546394109726
12	1	0.54615187645
12	0	0.519504070282
12	1	0.586158037186
12	1	0.586113929749
12	1	0.626223087311
12	1	0.759541034698
12	1	0.55995798111
12	1	0.519926071167
12	1	0.706485033035
12	1	0.55958199501
12	1	0.49288392067
12	1	0.572902917862
12	1	0.626154899597
12	1	0.57271695137
12	1	0.586137056351
12	1	0.786211967468
12	0	0.799622058868
12	1	0.492989063263
12	1	0.666265964508
12	1	0.586168050766
12	1	0.652817964554
12	1	1.91901898384
12	1	1.49282288551
12	0	0.69292807579
12	1	0.812836885452
12	1	0.65284705162
9	1	0.640029907227
9	1	0.57310795784
9	1	0.519761800766
9	1	0.572849035263
9	1	0.612905979156
9	1	0.439481019974
9	0	1.10618185997
9	1	0.506739139557
9	1	0.746248006821
9	1	0.492964029312
9	1	0.426482915878
9	0	0.426691055298
9	1	0.559844970703
9	1	0.546368122101
9	1	0.572880983353
9	1	0.532782077789
9	1	0.54619383812
9	1	0.532860040665
9	1	0.452852010727
9	1	0.466197967529
9	1	0.506191015244
9	1	0.639468193054
9	1	0.519582033157
9	1	0.732820034027
9	1	0.600035190582
9	1	0.746539831161
9	1	0.493304014206
9	1	0.559728860855
9	1	0.493021965027
9	1	0.532727956772
9	1	0.519436836243
9	1	0.586174964905
9	1	0.626127958298
9	1	0.89279294014
9	1	0.573346138
9	1	0.586650848389
9	1	0.613037109375
9	1	0.786177158356
9	1	0.506189823151
9	1	0.626215934753
9	1	0.559650182724
9	1	0.573143005371
9	1	0.773365974426
9	1	0.506654977798
9	1	0.612996101379
9	1	0.493039131165
9	1	0.719459056854
9	1	0.71954703331
9	1	0.826305866241
9	0	0.879491090775
9	1	0.599469900131
9	1	0.639472007751
9	1	0.532865047455
9	1	0.559684038162
9	1	0.559885025024
9	1	1.86602020264
9	1	0.559484004974
9	1	0.652895212173
9	1	0.679496049881
9	1	0.49288392067
9	1	0.692864894867
9	1	0.466719865799
9	1	0.506696939468
9	1	0.599889993668
9	0	0.639990091324
9	0	0.83948302269
9	1	0.586101055145
9	0	0.559489965439
9	1	0.546139001846
9	0	0.612837076187
9	1	0.519927978516
9	1	0.599973917007
9	1	1.42616581917
9	1	0.546628952026
9	1	0.546751022339
9	1	0.733460903168
9	1	0.692854881287
9	1	0.639489889145
9	1	0.599483966827
9	1	0.506158828735
9	1	0.546180963516
9	1	0.612982034683
9	1	0.5466401577
9	1	0.546679019928
9	1	0.533312797546
9	1	0.879520893097
9	1	0.546108007431
9	1	0.639596939087
9	1	0.532751083374
9	1	0.572783946991
9	1	0.732748985291
9	1	0.520020008087
9	1	0.519951105118
9	1	0.626675128937
9	1	0.613190174103
9	1	0.639507055283
9	1	0.65288901329
9	1	0.679550886154
9	1	0.719643831253
9	1	0.533421993256
9	1	0.62672495842
9	1	0.786156177521
9	1	1.01288986206
9	1	0.546741008759
9	1	0.600033044815
9	1	0.50679397583
9	1	0.533333063126
9	1	0.559864044189
9	1	0.666199922562
9	1	0.479439973831
9	1	0.559470176697
9	1	0.492791891098
9	1	0.466077804565
9	1	0.386219978333
9	1	0.586163043976
9	1	1.11945796013
9	1	0.533391952515
9	1	0.440066099167
9	0	0.986222982407
9	0	0.746145009995
9	1	0.666435003281
9	1	0.453232049942
9	1	0.573263883591
9	1	0.493324041367
9	1	0.600000858307
9	0	0.559966087341
9	1	0.852797985077
9	1	0.492982149124
9	1	3.25149297714
9	1	0.532896995544
9	1	0.586188077927
9	1	0.546170949936
9	1	0.546187162399
9	1	0.692907094955
9	0	1.13241100311
9	1	0.53283405304
9	1	0.612827777863
9	1	0.799555778503
9	1	0.50677895546
13	1	0.652781009674
13	1	0.986253023148
13	1	0.586619853973
13	1	0.533282995224
13	1	1.09277296066
13	0	0.679794073105
14	0	0.76002907753
14	1	0.519794940948
13	1	0.639492988586
13	1	1.90577793121
13	1	0.533170938492
13	1	0.893208026886
14	1	0.732791900635
13	1	0.852792978287
14	1	0.519984006882
13	0	0.946197986603
13	1	0.892718076706
14	1	0.732860088348
14	1	0.653215169907
13	1	0.692808866501
13	1	0.73286485672
14	1	0.639448165894
13	0	0.892928123474
13	1	0.533371925354
13	1	0.533348083496
13	1	0.586400032043
14	1	0.839492797852
13	1	0.559494972229
14	1	0.626215934753
14	1	0.506683111191
13	0	0.893071889877
14	1	0.559551000595
13	1	0.812896966934
14	1	0.772801876068
13	1	0.586622953415
13	1	0.786257982254
14	1	1.4128139019
13	1	0.519857168198
14	1	0.679493904114
13	0	0.572885990143
13	0	0.532866954803
14	1	0.626175165176
13	1	0.532820940018
13	1	0.506300210953
13	1	0.58633685112
14	1	0.493363857269
14	1	0.5333340168
14	1	0.65344119072
13	1	0.520042896271
14	1	0.520030021667
14	1	0.453227043152
14	1	0.533232927322
14	1	0.42666220665
14	1	0.57324719429
14	1	0.453384876251
13	1	2.03899407387
13	1	0.439531087875
14	1	0.572828054428
14	1	0.626178979874
13	1	0.653075933456
14	1	0.799927949905
13	1	0.666219949722
13	1	0.492877006531
14	1	0.679474115372
14	1	0.652797937393
13	0	0.693093061447
14	1	0.6533639431
13	1	0.600018024445
14	1	0.719585180283
13	1	1.49232602119
13	1	0.746213912964
13	1	0.479457139969
14	1	0.506113052368
13	1	0.559481143951
14	1	0.493062019348
13	1	0.533030986786
14	0	0.573289871216
14	1	0.46657204628
14	1	0.533316135406
13	1	0.839905023575
14	1	0.453284025192
14	1	0.639533042908
14	1	0.572887897491
13	1	0.58606505394
13	1	0.639567136765
13	1	0.799536943436
14	1	0.50674700737
14	1	0.626575946808
14	1	0.559905052185
14	1	0.49335193634
14	1	0.559836864471
13	1	0.546214818954
14	1	0.586156129837
13	1	0.692804813385
14	1	0.519526004791
13	1	1.23900389671
14	1	0.759546041489
14	1	0.679503202438
13	1	1.29286909103
14	0	0.772886991501
13	1	0.733408927917
14	1	0.652966022491
14	1	0.599483013153
13	1	0.506179094315
14	1	0.586213827133
14	1	1.91903805733
13	1	0.546663045883
13	1	0.812789916992
13	1	0.546138048172
13	1	0.666219949722
13	1	0.572834014893
13	1	0.572828054428
14	1	0.626191854477
13	1	0.479965925217
14	1	0.533325910568
14	1	0.560080051422
13	1	0.519996881485
13	0	0.959450960159
14	1	0.46616601944
14	1	0.412833929062
13	1	0.4928150177
14	1	0.479541778564
13	0	0.706098079681
13	0	0.546140193939
14	1	0.51950097084
13	0	0.532726049423
14	0	0.719550132751
13	1	0.600090026855
14	1	1.02617692947
14	0	0.746093988419
14	1	0.706367969513
14	1	0.706706047058
14	1	0.61291718483
14	1	0.532911062241
14	1	0.586155176163
14	1	1.71894717216
15	0	1.17277812958
16	1	0.613215923309
15	1	0.546643018723
16	1	0.453350782394
16	0	0.586673021317
15	0	0.586557149887
15	0	0.493180990219
15	1	0.892840862274
16	1	1.09267878532
15	1	0.732862949371
16	1	0.852804899216
16	1	0.72002196312
15	1	0.613358974457
15	1	0.493360996246
16	1	0.546526193619
15	1	0.519861936569
16	1	0.519695043564
15	1	0.626116991043
15	1	0.706102132797
15	1	0.706128120422
15	1	0.506654024124
15	1	0.773361206055
15	1	0.480083942413
15	1	0.586702823639
15	1	0.506579875946
16	1	0.626163959503
16	0	0.679429769516
16	1	0.706108093262
16	1	0.999571084976
15	1	0.77281498909
15	1	0.546157121658
16	1	0.599417924881
15	1	0.612827062607
15	1	0.613273143768
15	1	0.506695985794
15	1	0.653279066086
16	1	2.13229298592
15	1	0.613028049469
15	1	0.77338886261
15	1	0.493227005005
16	1	0.692842960358
16	1	0.6128718853
15	1	0.506206035614
15	1	0.666167020798
16	1	0.626195907593
16	1	0.560018062592
16	0	0.573262929916
15	1	0.693281173706
15	1	0.613004922867
15	1	0.612830877304
16	1	0.74612903595
15	1	0.732842922211
15	1	0.546700000763
16	1	0.60004901886
16	1	0.546699047089
15	1	0.679615974426
16	1	0.439918041229
16	1	0.533060073853
15	1	0.612828016281
15	1	0.732826948166
15	1	0.452840089798
16	1	0.626204013824
15	1	0.439666032791
15	1	0.426200151443
16	1	0.426167964935
15	1	0.599520921707
15	0	0.492769956589
15	1	0.652812957764
15	1	0.493276834488
15	1	0.480012893677
15	1	0.786562919617
15	1	0.679708957672
15	1	0.666141033173
15	1	0.759500980377
16	1	1.81236505508
16	0	1.17284393311
15	0	0.666152000427
16	1	0.626703977585
15	0	0.640002012253
15	0	0.599695205688
16	0	0.612799882889
16	0	0.67950797081
16	1	0.599573850632
16	1	0.692862033844
15	1	0.493337154388
15	1	0.386636018753
15	1	0.466466188431
15	1	0.599701881409
16	0	0.506721973419
15	0	0.573297977448
16	1	0.586687088013
16	1	0.839601993561
15	0	0.852858066559
15	0	0.866327047348
15	0	1.10619187355
15	1	0.986254930496
16	1	0.612811088562
15	1	0.692817926407
15	1	0.572740077972
15	1	0.759527206421
16	1	0.546663999557
16	1	0.573360919952
16	1	0.946161985397
16	1	0.626202106476
15	1	0.506108045578
16	1	1.34560585022
15	1	0.972827911377
16	1	0.666604995728
15	0	0.586564064026
16	1	0.612790107727
15	1	0.492809057236
15	1	0.732724905014
15	1	0.519401073456
16	1	0.679452180862
15	1	0.479876041412
15	1	0.506447076797
16	1	0.733309984207
16	1	0.666658878326
16	1	0.626169919968
15	1	0.586104869843
16	1	0.559506893158
16	1	0.652812004089
16	0	1.07921600342
15	1	0.572808980942
15	1	0.532820940018
15	0	0.586081027985
16	1	0.546091079712
16	1	0.732934951782
16	1	0.586474895477
16	1	0.600074052811
15	1	0.653323173523
16	1	0.586654901505
16	0	1.03947806358
15	1	0.813090085983
16	0	0.799590110779
16	1	0.58616900444
16	1	0.826200962067
14	1	0.63948392868
13	1	0.54619383812
13	1	0.759436130524
14	1	0.546236991882
13	1	0.626114845276
13	1	0.560045003891
14	1	0.639998912811
13	1	0.666702985764
13	1	0.493233919144
14	1	0.54648399353
13	1	0.612871170044
14	1	0.599499940872
14	1	0.746209859848
13	1	0.799716949463
13	1	0.586710929871
13	0	0.879447937012
13	1	0.679491996765
14	1	0.492918014526
14	1	0.466145038605
13	1	0.439564943314
13	1	0.506179094315
13	1	0.65281701088
14	1	0.399911880493
14	1	0.506203889847
13	0	0.519657850266
13	1	0.426357984543
14	1	0.51947593689
13	1	0.586135864258
14	0	0.480017185211
14	1	0.546571016312
13	1	0.799967050552
14	1	2.14573693275
13	1	0.533224821091
13	1	0.479923963547
13	1	0.546650886536
14	1	0.559993028641
13	1	0.586668014526
13	1	0.61336183548
14	1	0.626196146011
14	1	0.546169996262
14	1	0.586117982864
14	1	0.479465961456
14	1	0.506227970123
14	1	0.57284784317
14	1	0.53271818161
13	0	0.386106967926
14	1	0.852876901627
13	1	0.520004987717
14	1	0.559977769852
14	1	0.49343085289
14	1	0.613306999207
13	0	0.413405895233
13	0	0.813019990921
14	1	0.532985925674
13	1	0.546205043793
13	1	0.546139001846
14	1	0.492841005325
13	0	0.559556007385
13	1	0.959479093552
13	1	0.733396053314
14	1	1.09284806252
14	1	0.573210000992
13	1	1.4261879921
14	0	0.746615886688
14	1	0.466727972031
14	1	0.61335515976
14	1	0.493310928345
13	1	1.18618917465
13	1	0.680001020432
14	1	0.759696006775
14	1	0.599500894547
13	1	0.572700023651
14	1	0.639469861984
14	1	0.612887144089
13	1	0.626317024231
14	1	0.560040950775
14	1	0.666729927063
14	1	0.493324041367
13	1	0.652976036072
13	0	0.586081027985
14	1	0.466229915619
14	1	0.586198091507
13	1	0.852877140045
13	1	0.626551151276
13	1	0.573380947113
14	1	0.546724081039
13	1	0.892902851105
13	1	0.772845029831
14	1	0.666452884674
13	1	1.91894602776
13	1	0.999514102936
14	1	0.640093803406
13	1	0.879456043243
13	1	0.666228055954
14	1	0.786157846451
14	0	0.919677019119
13	0	1.06610393524
14	1	0.493387937546
14	1	0.586760997772
14	1	0.493433952332
13	1	0.932833909988
13	1	0.626096963882
13	1	0.57284617424
13	0	0.679491043091
14	1	0.546485900879
14	1	0.520015954971
13	0	0.57336807251
13	1	0.9594810009
13	1	0.506208896637
13	1	0.506214857101
13	1	0.599492073059
13	1	0.466142177582
14	1	0.559463977814
14	1	0.586152076721
14	1	0.546118021011
14	1	0.586343050003
13	1	0.6666431427
13	0	0.480008125305
14	1	0.679972887039
14	1	0.546545028687
14	1	0.626194000244
13	1	0.479480028152
14	1	0.759521961212
14	1	0.506232976913
14	0	0.572834014893
14	0	0.719617843628
14	1	0.639997005463
13	1	0.49329996109
13	0	0.719574928284
13	1	0.932912111282
14	0	0.506282091141
13	1	0.613080024719
13	0	0.693277835846
14	1	0.493256092072
13	1	0.519985198975
13	1	0.533431768417
14	1	0.786159992218
13	0	0.759455919266
13	1	0.679529190063
10	1	0.826097011566
10	1	0.492807865143
10	1	0.532798051834
10	1	0.692882061005
10	1	0.506583213806
10	1	0.613349199295
10	1	0.959493875504
10	1	0.81288599968
10	0	0.759610891342
10	0	0.439996957779
10	1	0.653370141983
10	0	0.986191034317
10	1	0.626182079315
10	1	0.50617980957
10	1	0.599613904953
10	1	0.626723051071
10	1	0.546678066254
10	0	0.413276910782
10	1	0.626622915268
10	1	0.613352060318
10	1	0.45325088501
10	1	0.573233127594
10	1	0.519819021225
10	1	0.439996957779
10	0	0.493376016617
10	1	0.866146087646
10	1	0.572715997696
10	1	0.519437074661
10	1	0.61282992363
10	1	0.439955949783
10	0	0.506319999695
10	1	0.573206186295
10	0	0.413456916809
10	1	0.533137083054
10	1	0.533281087875
10	1	0.466655015945
10	1	0.560012102127
10	1	0.453354120255
10	1	0.613378047943
10	0	1.05285382271
10	1	0.532977104187
10	1	0.612898826599
10	1	0.439572811127
10	1	0.599590063095
10	0	0.719678878784
10	1	0.759832143784
10	1	0.652861833572
10	1	0.532823085785
10	1	0.572819948196
10	1	0.692764997482
10	1	0.532810926437
10	1	0.746360063553
10	1	0.706580877304
10	0	0.746183872223
10	1	0.586179018021
10	0	0.559524059296
10	0	0.599447011948
10	1	0.519573926926
10	1	0.533210992813
10	1	0.533274173737
10	0	0.573352813721
10	1	0.573286056519
10	1	0.573431968689
10	1	0.719504117966
10	1	0.466295003891
10	0	0.639491081238
10	1	0.506280899048
10	1	0.81288599968
10	1	0.546448945999
10	0	0.679968118668
10	1	0.506733894348
10	1	0.586577892303
10	0	0.506750822067
10	1	0.466701030731
10	0	2.67868304253
10	1	0.799472093582
10	0	0.626102924347
10	1	0.532907962799
10	0	0.586416959763
10	1	0.866465091705
10	0	0.546422958374
10	1	0.572793960571
10	1	0.546154022217
10	0	0.639510154724
10	1	0.666159152985
10	1	0.546323776245
10	1	1.35943102837
10	1	0.519404172897
10	0	1.45243096352
10	1	0.639472007751
10	1	0.693197011948
10	1	0.626664876938
10	1	0.493407964706
10	1	0.586607933044
10	1	0.506560087204
10	1	0.5861120224
10	1	0.612879991531
10	0	1.17284202576
10	0	0.732927083969
10	0	0.89285993576
10	1	0.65314412117
10	1	0.559967041016
10	0	1.69291710854
10	1	0.666208028793
10	1	0.986121177673
10	1	0.706619024277
10	1	0.546697854996
10	1	0.546618938446
10	1	0.466628074646
10	1	0.533298015594
10	1	0.466650009155
10	1	0.50660777092
10	1	0.559807062149
10	1	0.892883062363
10	1	0.746237039566
10	1	0.479966878891
10	1	0.613369941711
10	1	0.519971132278
10	1	0.586766958237
10	1	0.613179206848
10	1	0.652857065201
10	1	0.49289393425
10	0	0.479486942291
10	1	1.15956306458
10	1	0.586682081223
10	0	1.452865839
10	0	0.692832946777
10	1	0.666163921356
10	1	0.666137933731
10	1	0.479434967041
10	1	0.559519052505
10	1	0.506156921387
10	1	0.479686975479
10	0	2.23850989342
10	1	0.559562206268
10	1	0.612814903259
10	1	0.692916154861
10	1	0.49337887764
22	1	0.693389892578
21	1	0.519996881485
21	1	0.46667098999
21	1	0.573251962662
21	1	1.13288092613
21	1	0.519976854324
22	1	0.693377971649
22	1	0.666491985321
22	1	0.639432191849
22	1	0.546231985092
22	1	0.599499940872
22	1	0.55953502655
21	1	0.692801952362
21	0	0.626606941223
22	1	0.519995927811
21	0	0.559996128082
22	0	0.986093997955
21	0	0.879452943802
22	1	0.493395805359
22	1	0.653372049332
21	1	0.866153001785
22	1	0.519519090652
21	1	0.492956876755
21	1	0.572834968567
22	1	0.599586009979
22	1	0.46626996994
21	1	0.73282289505
22	1	0.453299999237
22	1	0.613306999207
22	1	0.573374986649
22	1	0.560008049011
22	1	0.439930200577
22	1	0.480042934418
22	1	0.599990844727
21	1	0.466646909714
22	1	0.639651060104
22	1	0.466423034668
21	1	0.559509038925
22	1	0.50612616539
22	1	0.506165981293
21	1	0.559504032135
21	1	0.572818994522
22	0	0.532868146896
21	1	0.732841014862
21	1	0.559801101685
22	1	0.466761827469
22	1	0.453368902206
21	1	0.546514987946
21	1	0.559977054596
22	1	0.573371887207
21	1	0.546720981598
22	1	0.560058116913
21	1	0.493354082108
21	1	0.506698846817
22	1	0.599910974503
21	1	1.066147089
22	1	0.453211069107
22	1	0.559749126434
22	0	0.466594934464
22	1	0.679951906204
21	0	0.466703891754
21	1	0.573242902756
22	1	0.533274888992
21	1	0.453282833099
21	1	0.52000784874
21	1	1.25283503532
22	1	0.506582021713
22	1	0.546694993973
21	1	0.479995012283
21	1	0.640080928802
22	1	0.466590881348
22	0	0.746329069138
22	1	0.719485998154
21	1	0.59951210022
22	1	0.532910823822
22	1	0.492878913879
22	1	0.5328810215
22	1	0.626279115677
21	1	0.426581859589
21	1	0.506325006485
22	1	0.586362123489
21	1	0.413316011429
22	1	0.466372966766
21	1	0.439611911774
21	1	0.59955406189
21	0	0.493231058121
21	1	0.58650803566
21	1	0.480006217957
22	1	0.546699047089
21	1	0.586585044861
22	1	0.62668299675
21	0	0.626451969147
21	1	0.519572019577
21	0	0.85289311409
21	1	0.426252126694
22	1	0.479515075684
21	1	0.572865009308
22	1	0.452923059464
22	1	0.626152038574
21	1	0.599781990051
22	1	0.533345937729
22	1	0.559996128082
21	1	0.52000784874
21	1	0.493407011032
21	1	0.573352813721
21	1	0.413283824921
21	1	0.599992990494
21	1	0.453376054764
22	1	0.440005779266
21	1	0.560077905655
21	1	0.533306121826
21	1	0.426615953445
21	1	0.586709022522
22	1	0.466598987579
21	1	0.573318958282
21	1	0.652729034424
22	1	0.546110153198
22	1	0.452779054642
21	1	0.466219186783
22	0	0.492919921875
22	1	0.599468946457
21	1	0.599575042725
21	1	0.572843074799
22	1	0.439522027969
21	1	0.466221094131
21	1	0.612781047821
22	1	0.599436044693
21	1	0.466461181641
22	1	0.639810800552
21	1	0.466661930084
22	1	0.400018930435
22	1	0.533305883408
21	1	0.453368902206
21	1	0.493288993835
22	1	0.639898061752
22	1	0.506731033325
21	1	0.573308944702
22	1	0.466727972031
22	1	0.586598873138
21	1	0.440003871918
22	1	0.466649055481
22	1	0.506662845612
22	1	0.480031013489
22	1	0.653375864029
24	1	1.93236780167
24	1	0.560055017471
23	1	0.639991998672
24	1	0.639955043793
24	1	0.506536006927
24	1	0.479840040207
24	1	0.466674089432
23	1	0.599627971649
23	0	0.799575090408
24	1	0.546214103699
24	0	0.719491958618
24	1	1.18621897697
23	1	0.586194038391
24	1	0.559450864792
24	1	0.493108987808
24	1	0.506435155869
23	0	0.586345911026
23	0	0.613317966461
23	1	0.586780071259
24	1	0.453315973282
24	1	0.453401088715
24	1	0.413357973099
23	1	0.493311166763
24	1	0.43999505043
24	1	0.506726026535
23	1	0.493381977081
23	0	0.453374147415
24	1	0.49337887764
24	1	0.50669503212
24	1	0.493288993835
24	1	0.479999065399
23	0	0.533315896988
24	1	0.54668211937
23	1	0.613367080688
24	1	0.613340139389
23	1	0.626212120056
24	0	0.519508123398
24	1	0.479542016983
24	1	0.532821893692
23	1	0.453040122986
23	1	0.586215019226
23	1	0.479516029358
23	1	0.452898025513
23	1	0.519494056702
23	1	0.719574928284
23	1	0.466163873672
23	0	0.612810134888
23	1	0.439561843872
23	1	0.559526920319
23	1	0.626300096512
24	1	0.493278980255
24	1	0.49328994751
24	1	0.439979076385
23	1	0.466592073441
23	0	0.746317148209
24	0	0.533303022385
24	1	0.519989013672
23	1	0.453290939331
24	0	0.613253116608
23	1	0.4532289505
23	1	0.480013132095
23	1	0.559966087341
24	0	0.559914827347
23	1	0.559689998627
23	1	0.626223087311
23	0	0.532753944397
24	1	0.492756128311
23	0	0.532741785049
24	1	0.452795982361
24	1	0.559433937073
24	1	0.466156005859
23	1	0.452769041061
23	1	0.62618303299
24	1	0.492832899094
24	1	0.892894029617
23	1	0.666718006134
24	1	0.639553070068
23	0	0.439712047577
24	1	0.479773044586
23	0	0.679497003555
23	1	0.519587993622
24	1	0.572762012482
23	1	0.572834014893
24	1	0.49279499054
24	1	0.586067914963
24	1	0.519632101059
24	1	0.533041954041
23	1	0.533240795135
23	1	0.773321151733
24	1	0.653011083603
23	0	0.532814979553
23	1	0.652774095535
23	1	0.546173095703
23	1	0.572833061218
23	0	0.612760782242
24	1	0.533003091812
24	0	0.493185997009
23	0	1.10594105721
24	1	0.466226100922
24	0	0.732823848724
24	0	0.852796077728
24	0	0.560079097748
24	0	0.546660900116
24	1	0.586620807648
23	1	0.520023822784
23	0	0.453294038773
23	1	0.772791862488
24	0	0.532787084579
24	1	0.532780885696
23	1	0.532772064209
24	0	0.692851066589
23	1	0.613063097
23	1	0.533330917358
24	1	1.02613401413
23	1	0.626206874847
24	1	1.15933012962
23	1	0.639559984207
24	1	0.466205120087
23	1	0.572808980942
23	1	0.559542894363
23	1	0.599476099014
23	1	0.559516191483
24	1	0.639569997787
23	1	0.493353843689
24	1	0.919786930084
23	1	0.466559171677
23	1	0.466564893723
23	1	0.639495849609
23	1	0.452874898911
24	1	0.519519090652
24	0	0.546125173569
24	0	0.532793045044
23	1	0.759482145309
24	1	0.666254043579
23	1	0.426598072052
23	0	1.47944498062
24	0	0.51987195015
23	1	0.46665096283
23	1	0.879936933517
23	1	0.892941951752
24	1	0.586199998856
24	1	0.772706985474
17	0	0.986207008362
17	1	0.599447965622
17	1	0.519469976425
17	1	0.492790937424
17	1	0.506166934967
17	1	0.652840137482
17	1	0.466307878494
17	1	0.666157007217
17	1	0.506582021713
17	1	0.853226900101
17	1	0.559571027756
17	1	0.506207942963
17	0	0.532871961594
17	1	0.972811937332
17	1	0.519988059998
17	1	0.520003080368
17	1	0.559983968735
17	1	0.560035943985
17	1	0.49325299263
17	1	0.706487178802
17	1	0.559587001801
17	1	0.652722835541
17	1	0.546172857285
17	1	0.506208896637
17	0	0.719555854797
17	1	0.533029079437
17	1	0.453239917755
17	0	0.453107118607
17	0	0.519524097443
17	1	0.493014097214
17	1	0.506376981735
17	1	0.533047914505
17	0	0.479882001877
17	1	0.453193187714
17	1	0.559783220291
17	1	0.626685142517
17	1	0.453343868256
17	1	0.493239879608
17	1	0.693376064301
17	1	0.786203145981
17	1	0.532838106155
17	1	2.15901207924
17	1	0.480051040649
17	1	0.626624107361
17	1	0.732865095139
17	1	0.692802906036
17	1	0.652770042419
17	0	0.49324297905
17	1	0.533303976059
17	1	0.506553888321
17	1	0.60005903244
17	1	0.586571931839
17	1	0.45338511467
17	0	0.533251047134
17	0	0.519968986511
17	1	1.26612782478
17	0	0.533352851868
17	1	0.626706838608
17	1	0.653244018555
17	1	0.572983980179
17	1	0.439905881882
17	1	0.986238002777
17	1	0.466295003891
17	0	0.666225910187
17	1	0.399935007095
17	1	0.546458005905
17	1	0.600013971329
17	1	0.506546974182
17	0	0.520056009293
17	0	0.426614046097
17	1	0.399986028671
17	0	0.466598987579
17	1	0.599922895432
17	1	0.546652078629
17	1	0.63999414444
17	1	0.613209962845
17	1	0.746237039566
17	1	0.586191892624
17	0	0.546199083328
17	0	0.53280210495
17	1	1.62565279007
17	0	0.759986877441
17	1	0.453320026398
17	1	0.66660785675
17	1	0.413365125656
17	1	0.613285064697
17	1	0.51971912384
17	1	0.599523067474
17	1	0.626153945923
17	1	0.492774963379
17	1	0.466130971909
17	0	0.492748022079
17	1	0.479506015778
17	1	0.546093940735
17	1	0.532762050629
17	1	0.599498987198
17	1	0.586094141006
17	0	0.573090076447
17	1	0.733273983002
17	0	0.560065031052
17	1	0.626363992691
17	0	0.546143054962
17	0	0.666085004807
17	1	0.572767972946
17	1	0.55949306488
17	1	0.612873077393
17	1	0.466474056244
17	1	0.573065042496
17	1	0.586575031281
17	0	0.533309936523
17	1	0.7333548069
17	1	0.479980945587
17	1	0.573043107986
17	0	0.546188116074
17	0	0.639430046082
17	0	0.972733974457
17	0	0.999502182007
17	1	0.572924852371
17	1	0.599512815475
17	1	0.479579925537
17	1	0.546130895615
17	1	0.559509038925
17	1	0.46636390686
17	1	0.599683046341
17	1	0.45330786705
17	1	0.533148050308
17	1	1.77283191681
17	1	0.546648979187
17	1	0.5200278759
17	1	0.533106088638
17	0	0.572880029678
17	0	0.572770833969
17	1	0.626126050949
17	1	0.559432029724
17	1	0.546169996262
17	1	0.532788038254
17	0	3.19800591469
17	1	0.506181955338
17	1	0.506134986877
17	1	0.519587039948
19	1	0.559494972229
19	0	0.666123151779
19	1	0.53276181221
19	0	0.892833948135
19	1	0.653216123581
19	1	0.493359088898
19	1	0.533230066299
19	1	0.519691944122
19	1	0.572921037674
19	1	0.439645051956
19	1	0.519541978836
19	0	0.466364145279
19	1	0.70619392395
19	1	0.612830877304
19	1	0.719437122345
19	1	0.506732940674
19	0	0.560022830963
19	1	0.626620054245
19	1	0.506766796112
19	0	0.493294000626
19	0	0.600060939789
19	1	0.546555042267
19	1	0.493212223053
19	1	0.759448051453
19	1	0.586165904999
19	1	0.639456987381
19	1	0.493098974228
19	1	0.506369829178
19	1	0.546418190002
19	1	0.46663403511
19	1	0.5199239254
19	0	0.479944944382
19	1	0.706525087357
19	0	0.506726026535
19	1	0.493361949921
19	1	0.573345899582
19	1	0.546643972397
19	1	0.65286898613
19	1	0.466305017471
19	1	0.506322145462
19	0	0.826132059097
19	1	0.479557037354
19	1	0.519484043121
19	1	0.61280298233
19	1	0.546448945999
19	1	0.720057964325
19	0	0.719755887985
19	1	0.532914876938
19	1	0.532853126526
19	1	0.466169118881
19	1	0.506158828735
19	1	0.453037023544
19	0	0.652915000916
19	1	0.492904901505
19	1	0.426226854324
19	1	0.559458971024
19	1	0.452842950821
19	1	0.66626906395
19	0	0.772737026215
19	1	0.613312959671
19	1	0.51991891861
19	1	0.613462924957
19	1	0.506674051285
19	0	1.29284000397
19	0	0.679949045181
19	1	0.613063097
19	1	0.413367033005
19	1	0.559850931168
19	0	0.479934215546
19	1	0.439975976944
19	0	0.599679946899
19	1	0.599594116211
19	1	0.466183900833
19	1	0.59956908226
19	1	0.492864131927
19	1	0.506103038788
19	1	0.466270208359
19	1	0.586110115051
19	1	0.519498825073
19	1	0.466184139252
19	1	1.0395128727
19	1	0.546656847
19	1	0.759543895721
19	1	0.492892980576
19	1	0.452893018723
19	1	0.519549846649
19	1	0.586240053177
19	1	0.586206912994
19	1	0.412790775299
19	1	0.466045856476
19	0	0.439491033554
19	0	0.466116189957
19	0	0.55947804451
19	1	0.719519138336
19	1	0.599583864212
19	1	0.613219022751
19	1	0.519989013672
19	1	0.706662893295
19	1	0.612935066223
19	1	0.866223096848
19	1	0.586175918579
19	1	0.573019981384
19	1	0.653374910355
19	1	0.533303976059
19	1	0.600098133087
19	1	0.586520910263
19	1	0.719475030899
19	1	0.532880067825
19	1	0.62620806694
19	1	0.599447011948
19	0	0.506433963776
19	1	0.546359062195
19	1	0.439843893051
19	1	0.666342020035
19	1	0.453360080719
19	0	0.559969902039
19	1	0.493248939514
19	1	0.49332690239
19	1	0.546665906906
19	1	0.506816864014
19	1	0.493350982666
19	1	0.680021047592
19	1	0.466667890549
19	1	0.493402004242
19	1	0.466753959656
19	1	0.413323879242
19	1	0.480035066605
19	0	0.493417978287
19	1	0.746255874634
19	1	0.586125135422
19	1	0.559409141541
19	1	0.519572019577
19	1	0.612838029861
19	1	0.492876052856
19	1	0.612879037857
19	1	0.519715070724
19	1	0.626456975937
19	1	0.546718120575
19	1	0.546633005142
19	1	0.573377132416
19	1	0.520008087158
19	1	0.479996919632
19	1	0.520013093948
19	1	0.413288116455
23	1	3.57184696198
24	1	0.573109149933
23	1	0.626116991043
23	0	0.46627497673
24	1	0.586250066757
24	1	0.519423961639
23	1	0.506191968918
23	1	0.49275803566
23	1	0.612783908844
23	1	0.559529066086
23	1	0.586127996445
24	0	0.426310062408
23	1	0.51956486702
23	0	0.679647922516
23	0	0.546662092209
24	1	0.559956073761
24	1	0.600018024445
24	1	0.480050086975
24	1	0.439988851547
24	1	0.426605939865
24	1	0.493286132812
24	0	0.439956903458
23	1	0.626700878143
23	0	0.533284902573
24	0	0.772891998291
24	1	0.466147899628
23	1	0.799554109573
24	1	0.586167097092
24	0	0.466487169266
23	1	0.573011159897
24	1	0.57338309288
24	0	0.972892045975
23	1	0.452821016312
24	1	0.892905950546
24	1	0.573099851608
24	1	0.533402204514
24	1	0.506623983383
24	1	0.44000005722
23	1	0.733319044113
23	1	0.493479013443
24	1	0.546650886536
24	1	0.480051040649
24	0	0.426738023758
24	1	0.333276987076
23	1	0.639925956726
24	1	0.466725826263
24	1	0.466646909714
23	1	0.493275880814
24	0	0.573338985443
23	1	0.466659069061
24	1	0.386729001999
24	1	0.453346967697
23	0	0.440004825592
24	1	0.573413133621
24	0	0.426541090012
24	1	0.506592035294
24	1	0.586730957031
24	1	0.426663160324
24	1	0.493340015411
24	1	0.466568946838
23	1	0.639953136444
23	0	0.479993104935
23	1	0.480026006699
23	1	0.559958934784
24	1	0.440047979355
24	1	0.640040159225
23	1	0.479993104935
23	1	0.520025968552
24	0	0.453402996063
24	1	0.586612939835
24	1	0.58632183075
23	1	0.626130819321
23	1	0.506214141846
23	0	0.599457025528
23	1	0.586206197739
23	1	0.452811002731
24	1	0.559495925903
23	1	0.572852134705
23	0	0.49300122261
23	1	0.506332874298
23	1	0.573107004166
24	1	0.533303976059
24	1	0.666583061218
24	1	0.693109989166
23	0	0.519680023193
24	1	0.519581079483
24	1	0.519494056702
23	1	0.572782993317
23	1	0.612855911255
24	1	0.559472084045
23	1	0.452804088593
24	1	0.466133832932
23	0	0.626271009445
23	1	0.532845973969
24	1	0.492906808853
24	1	0.519600868225
23	1	0.439553976059
23	1	2.65184521675
23	1	0.439966917038
23	0	0.506608963013
24	1	0.519922018051
24	1	0.493411064148
23	1	0.626657962799
23	0	0.773250102997
23	1	0.440043210983
24	0	0.639539003372
23	1	0.559424877167
24	1	0.772843122482
23	1	0.466101169586
23	1	0.519505977631
23	1	0.51948595047
23	1	0.599586009979
23	1	0.586670160294
23	1	0.560001850128
24	1	1.45287179947
24	1	0.626710176468
23	0	0.479927062988
24	1	0.600052833557
24	1	0.479958057404
23	0	0.506596088409
23	0	0.506563186646
23	1	0.666194915771
24	1	0.479544878006
24	1	0.519536018372
24	1	0.586128950119
23	0	0.57281088829
24	1	0.599481105804
23	1	0.586138010025
23	1	0.626384973526
24	1	0.493348121643
24	1	0.493378162384
24	0	2.06566095352
24	1	0.466063976288
23	0	0.439509868622
23	0	0.572782993317
24	0	0.4261469841
24	1	0.532815933228
23	0	0.586172819138
24	0	0.626126050949
23	1	0.492828845978
24	1	0.506196975708
23	1	0.599580049515
18	1	0.986196041107
18	1	0.533150911331
18	1	0.413378000259
18	1	0.439774036407
18	1	0.519586086273
18	1	0.55962395668
18	1	0.466566085815
18	0	0.559870004654
18	1	0.386651992798
18	1	0.519632101059
18	1	0.373048067093
18	0	0.572833061218
18	1	0.546180009842
18	0	0.506488800049
18	0	0.426470994949
18	1	0.519590139389
18	0	0.399697065353
18	1	0.492776870728
18	0	0.412760972977
18	0	0.519496917725
18	1	0.572741031647
18	1	0.506153821945
18	1	1.37235021591
18	1	0.466277122498
18	0	0.332817077637
18	1	0.626175165176
18	0	0.599560022354
18	1	0.452785968781
18	1	0.706148147583
18	1	0.519942045212
18	1	0.653429031372
18	1	0.493335962296
18	1	0.426676034927
18	1	0.560073137283
18	1	0.546709775925
18	1	0.466624975204
18	1	0.466682910919
18	1	0.466747999191
18	0	0.413380146027
18	1	0.453264951706
18	1	0.546613931656
18	1	0.439929962158
18	1	0.720000982285
18	1	0.426630020142
18	1	0.48001408577
18	1	0.573325872421
18	1	0.439987897873
18	1	0.506669044495
18	1	0.466740846634
18	1	0.59995007515
18	1	0.440065860748
18	1	0.559945106506
18	1	0.453282117844
18	1	0.440004110336
18	1	0.413400173187
18	1	0.386692047119
18	0	0.439965009689
18	1	0.639851093292
18	1	0.44000005722
18	1	0.773241043091
18	1	0.439936876297
18	1	0.493348836899
18	1	0.639819860458
18	1	0.453361988068
18	1	0.5598051548
18	1	0.559537172318
18	1	0.612864017487
18	1	0.546155929565
18	1	0.532739877701
18	1	0.612815856934
18	1	0.652862787247
18	1	0.613370895386
18	0	0.533279895782
18	1	0.533262968063
18	1	1.07957100868
18	1	0.532871007919
18	1	0.626223802567
18	1	0.533196926117
18	0	0.453263044357
18	1	0.519914150238
18	1	0.493317842484
18	1	0.573307991028
18	1	0.61333489418
18	1	0.706468105316
18	1	0.493181943893
18	0	0.599545001984
18	0	0.532891988754
18	1	0.666142940521
18	1	0.73285484314
18	1	0.599961042404
18	1	0.626655101776
18	1	0.772876024246
18	1	0.532867908478
18	1	0.50617313385
18	1	0.559494972229
18	1	0.532711029053
18	1	0.492738008499
18	1	0.599493026733
18	0	0.826105833054
18	1	0.493250846863
18	0	0.520032167435
18	0	0.533400058746
18	1	0.57338309288
18	1	0.520023107529
18	1	0.639785051346
18	1	0.546308994293
18	0	0.559514045715
18	0	0.506232023239
18	1	0.719564914703
18	0	0.532744884491
18	1	0.639526128769
18	0	0.58654999733
18	1	0.559972047806
18	0	0.546653032303
18	0	0.533303022385
18	1	0.573287010193
18	0	0.533267021179
18	1	0.62627696991
18	1	1.06616711617
18	1	0.653342008591
18	0	0.440052032471
18	1	0.519989967346
18	1	0.493350028992
18	1	0.520060062408
18	1	0.666576147079
18	0	0.759423971176
18	0	0.426179885864
18	1	0.546126842499
18	1	0.599509954453
18	1	0.586211919785
18	0	0.492822885513
18	1	0.666188001633
18	1	0.559998035431
18	1	0.559997081757
18	1	1.43949604034
18	1	0.506631851196
18	1	0.559988975525
18	1	0.453324079514
18	1	0.493320941925
18	0	0.413386106491
18	0	0.5333340168
18	1	0.586720943451
18	1	0.613247871399
18	1	0.573306798935
18	0	0.586251020432
22	1	0.599993944168
22	1	0.480037927628
22	1	0.53337097168
21	1	0.506671190262
22	0	0.493221998215
22	1	0.49326300621
22	1	0.520035982132
21	1	0.519988059998
21	0	0.439935922623
21	1	0.493380784988
21	0	0.546653985977
22	1	0.679566860199
21	1	0.439821958542
21	0	0.506458997726
21	1	0.666184186935
21	0	0.639558076859
22	1	0.45286488533
21	1	0.612801790237
22	1	0.652765989304
21	1	0.626614093781
22	1	0.479971170425
22	1	0.46660900116
21	1	0.573352098465
21	1	0.520016908646
21	0	0.733054161072
21	1	0.453150987625
21	1	0.546337842941
22	1	0.479734897614
22	1	0.8527739048
22	1	0.666097164154
21	0	0.479956150055
22	1	0.466510057449
21	1	0.559756994247
22	1	0.653198003769
21	1	0.50666809082
21	1	0.559980869293
22	0	0.506664037704
22	1	0.826290845871
21	0	1.66561102867
22	1	0.466092824936
22	0	0.506213903427
22	1	0.77285695076
22	1	0.599954843521
21	1	0.613264083862
21	0	0.692996025085
21	1	0.532903909683
21	0	0.519497871399
22	1	0.586090087891
21	1	0.63942694664
21	1	0.532781124115
22	1	0.612840890884
22	0	0.626289844513
22	1	0.573323011398
21	1	0.639950037003
22	1	0.613239049911
22	1	0.612788200378
22	1	0.519552946091
22	1	0.466141939163
22	1	0.506173849106
21	1	0.492826938629
21	1	0.479500055313
21	1	0.586040973663
22	1	0.532799005508
21	0	0.452844142914
21	1	0.572793006897
21	1	0.612859010696
22	1	0.452776193619
22	0	0.746151924133
21	1	0.493347883224
21	1	0.559958934784
22	1	0.693264007568
21	1	0.679608106613
21	1	0.652881860733
22	1	0.519562005997
21	1	0.599447965622
22	1	0.626132011414
21	1	0.506373882294
21	1	0.813138961792
22	1	0.533303022385
21	0	0.706146001816
22	1	0.466280937195
21	1	0.586241960526
22	1	0.612900018692
21	0	0.506182909012
22	1	0.532812833786
22	1	0.426079034805
22	1	0.626272201538
22	1	0.492815971375
21	1	0.586201906204
22	1	0.506206035614
22	0	0.519623994827
22	0	0.626368999481
21	1	0.560049057007
21	1	2.78550696373
22	1	0.586223125458
22	1	0.5594830513
22	1	0.519472122192
22	1	0.639533042908
22	1	0.546226024628
21	1	0.612854003906
21	1	1.22591114044
21	1	0.452867984772
21	1	0.63955116272
22	1	0.492755174637
22	1	0.452771186829
22	1	0.47954583168
21	1	0.452909946442
22	1	0.439465045929
21	0	0.439409017563
21	0	0.492730855942
21	1	0.532767772675
22	0	1.10604596138
21	1	0.573360204697
22	1	0.480084896088
21	1	0.546555042267
22	1	0.480039834976
21	1	0.613076925278
21	1	0.453257083893
21	1	0.533033847809
22	1	0.679493904114
21	1	0.532819032669
21	1	0.386240959167
21	1	0.572788000107
22	0	0.50618314743
22	1	0.452820062637
22	1	0.892853021622
21	1	0.62664604187
21	0	0.57342505455
21	1	0.560002088547
22	1	0.520000934601
21	1	0.559911966324
22	1	0.679502010345
21	1	0.506140947342
21	1	0.59944486618
22	1	0.599556922913
21	1	0.612885951996
21	1	0.519742965698
21	1	0.519884109497
21	0	0.626641988754
22	1	0.546700000763
21	1	0.693280935287
21	1	0.493270158768
20	1	0.879533052444
20	0	0.719502210617
20	0	0.612865924835
20	0	0.692835092545
20	1	0.573359966278
20	1	0.453341960907
20	1	0.533351898193
20	1	0.439954042435
20	1	0.519973993301
20	1	0.466624975204
20	1	0.493338823318
20	0	0.466639995575
20	1	0.493386983871
20	0	0.573298931122
20	0	0.786556959152
20	1	0.586104154587
20	1	0.559499979019
20	1	0.479426860809
20	0	0.652841091156
20	1	0.946208953857
20	1	0.453336000443
20	1	0.47993683815
20	1	0.53334903717
20	1	0.586682081223
20	1	0.466565132141
20	1	0.506755113602
20	1	0.506675004959
20	1	0.453288078308
20	1	0.653357982635
20	1	0.852834939957
20	1	0.599524021149
20	1	0.479433059692
20	0	0.599412918091
20	1	0.599838018417
20	0	0.613380908966
20	0	0.453313827515
20	1	0.506652116776
20	0	0.493260145187
20	1	0.493301153183
20	1	0.586632013321
20	1	1.11948800087
20	1	0.532819032669
20	1	0.679550170898
20	1	0.613419055939
20	1	0.573410987854
20	1	0.466617107391
20	1	0.453222036362
20	1	0.519963979721
20	1	0.466635942459
20	1	0.413287878036
20	1	0.599899053574
20	0	0.62669801712
20	0	0.413316965103
20	1	0.506676912308
20	1	0.466743946075
20	1	0.533378839493
20	1	0.706169843674
20	1	0.546123027802
20	1	0.586249113083
20	1	0.532850980759
20	1	0.599501848221
20	1	0.572779893875
20	1	0.519600868225
20	0	0.479709863663
20	1	0.613049030304
20	1	0.626621007919
20	0	0.506569862366
20	1	0.439949989319
20	0	0.613316059113
20	0	0.373256921768
20	1	0.493328094482
20	0	0.54664516449
20	1	0.546663999557
20	1	0.586735963821
20	1	0.506548166275
20	1	0.400031089783
20	1	0.400062799454
20	1	0.426685810089
20	0	0.680063009262
20	0	0.613240003586
20	1	0.519859075546
20	1	0.47994685173
20	1	0.61284995079
20	1	0.572827100754
20	1	0.519468784332
20	1	0.532821893692
20	0	0.586215019226
20	1	0.652799844742
20	1	0.479754924774
20	0	1.145840168
20	1	0.732792139053
20	1	0.572766065598
20	1	0.452888011932
20	1	0.63943696022
20	1	1.03945493698
20	1	0.466253995895
20	1	0.546157121658
20	1	0.546139001846
20	1	0.639544963837
20	1	0.439445972443
20	0	0.479501008987
20	1	0.519519090652
20	1	0.759510040283
20	1	0.546615123749
20	1	0.493263959885
20	1	0.519971847534
20	1	0.453378200531
20	1	0.533383131027
20	1	0.546695947647
20	1	0.413300991058
20	1	0.533345222473
20	1	0.653290987015
20	1	0.53328704834
20	1	0.493290901184
20	1	0.573256015778
20	1	0.74621295929
20	0	0.759479999542
20	1	0.612964868546
20	1	0.9729180336
20	1	0.599526882172
20	1	0.55944609642
20	0	0.786208152771
20	1	0.453258037567
20	1	0.466368913651
20	1	0.55961894989
20	1	0.613233089447
20	0	0.426635980606
20	0	0.493298053741
20	0	0.693372964859
20	1	0.573295116425
20	0	0.439949035645
20	0	0.533445119858
20	1	0.480010032654
20	0	0.546718120575
20	1	0.653053045273
20	1	0.612879037857
20	1	0.532871961594
20	1	0.612968921661
20	0	0.892820835114
20	1	0.533303022385
20	1	0.506720066071
20	0	0.719775915146
20	0	0.679468154907
20	1	0.53281211853
